"","SRR1178014","SRR1178021","SRR1178047","SRR1178064","SRR1178074","SRR1178075"
"NM_001008368",1834.61554151235,1676.47540747187,1641.50082474798,1505.69968730649,1615.21017261858,1733.60505481539
"NM_001106284",32.3076950706578,45.8489112626076,38.1322094244554,7.27781803746423,16.531350351906,12.4293977982667
"NM_001039611",600.000051312216,689.727099863576,671.853213668976,407.557810097997,430.787541523198,420.823896884173
"NM_001012742",295.384640646014,440.548234305926,759.012549496302,272.109529956302,280.060523608761,214.259142998693
"NM_001105731",11.5384625252349,1.9934309244612,7.26327798561055,8.49078771037494,17.9899989123683,14.205026055162
"NM_001024899",55.3846201211277,51.8292040359912,74.4485993525081,51.3490494865532,64.180536660341,49.7175911930668
"NM_013070",962.307774604593,1114.32788677381,962.384333093397,1501.25213183915,1177.61560447989,1229.91850594277
"NM_001108458",16.1538475353289,7.97372369784481,25.4214729496369,15.3642825235356,26.2556740883213,44.9825825080129
"NM_001107515",214.61540296937,267.119743877801,259.662187985577,42.8582617761783,14.586485604623,49.7175911930668
"NM_080894",20.7692325454229,29.901463866918,16.3423754676237,45.2842011219997,49.5940510557181,51.4932194499621
"NM_001190999",154.615397838148,147.513888410129,138.0022817266,126.553169207017,137.112964683456,155.66341052115
"NM_012689",90.0000076968325,87.7109606762929,87.1593358273266,356.208760611444,192.541609981023,301.26492758656
"NM_020093",110.769240242255,143.527026561207,119.844086762574,103.911068646017,107.453777287389,85.8220324166035
"NM_001101008",212.307710464323,213.297108917349,199.74014460429,150.003916216624,215.87998694842,150.928401836096
"NM_133406",60.0000051312216,57.8094968093749,72.6327798561055,59.8398371969281,80.2256708254263,55.0444759637526
"NM_001106231",25.3846175555169,25.9146020179956,59.922043381287,28.3026257012498,22.852160780576,37.8800694804319
"NM_031139",1726.15399377515,1385.43449250054,1488.97198705016,1938.72986053561,1625.90692872864,1870.32843059632
"NM_001039037",133.846165292725,149.50731933459,254.214729496369,148.790946543713,159.478909277211,139.090880123461
"NM_053557",745.384679130177,635.904464903123,853.435163309239,349.335265798283,368.55186961014,237.934186423963
"NM_031013",8914.61614699651,5232.75617671066,4267.1758165462,16612.4283169607,17166.8349080808,17769.895718922
"NM_001127504",2360.76943266307,1582.78415402219,1932.03194417241,3104.7980394271,3172.56061900549,2851.65898057376
"NM_001106268",145.38462781796,135.553302863362,177.950310647458,142.72609817916,176.496475815938,203.605373457321
"NM_001106271",2291.53865751166,2928.35002803351,2823.5993169061,2186.984320258,2296.8852665413,1994.62240857899
"NM_177481",48.4615426059867,11.9605855467672,9.07909748201318,51.3490494865532,57.3735100448503,76.9438911321273
"NM_031238",258.461560565262,221.270832615193,168.871213165445,704.331056736816,512.471860909087,674.738737620193
"NM_053554",2997.69256405604,2960.24492282488,2701.93941064712,2757.88871297464,3078.23467876227,2577.62035292626
"NM_001013896",3256.1541246213,2124.99736547564,1646.94828323719,3992.28751677343,3251.81385745728,3967.93727807524
"NM_001107536",486.923118564914,444.535096154848,394.032830719372,489.635424631621,534.837805502842,424.375153397963
"NM_001024751",150.000012828054,229.244556313038,138.0022817266,170.624400656106,208.586744146108,174.011569175734
"NM_172067",25.3846175555169,33.8883257158404,41.7638484172606,61.861453318446,40.8421596929443,52.6769716212256
"NM_001107542",3537.69261023703,3825.39394404105,3324.76549791323,4603.21990869613,4464.43702738827,3682.65300480074
"NM_012713",27.6923100605638,23.9211710935344,18.1581949640264,45.2842011219997,36.9524301983782,44.3907064223811
"NM_001172305",34.6153875757048,21.9277401690732,43.5796679136633,51.3490494865532,56.4010776712088,69.2495020189145
"NM_001013193",939.230849554123,885.083330460774,877.040816762474,984.122727954886,1045.85101785147,1004.41371731708
"NM_001106300",1253.07703024051,1112.33445584935,1260.17873050343,1281.30029781801,1472.26261369328,1223.99974508646
"NM_001108923",553.846201211277,390.712461194396,497.534542014322,560.391988884746,576.652397569428,542.158494438681
"NM_201350",168.46155286843,111.632131769827,165.23957417264,183.158420609516,163.368638771777,182.88971046021
"NM_032073",23.0769250504699,29.901463866918,27.2372924460396,25.0680399068212,28.6867550224252,41.4313259942224
"NM_134380",1924.61554920919,382.738737496551,157.976296187029,6909.88390334798,7853.85006571582,5466.56752689483
"NM_053823",216.923095474417,211.303677992887,212.450881079109,287.069489255534,253.318633333619,300.081175415296
"NM_001100975",1119.23086494779,1036.58408071982,991.43744503584,953.798486132118,788.156438836461,1039.92628245498
"NM_001024974",300.000025656108,320.942378838253,335.926606834488,275.34411575073,288.812414971535,215.442895169956
"NM_001013152",2743.84638850087,2362.21564548652,2011.92800201412,3826.91931803328,4245.63974331892,3848.37830877763
"NM_001107585",1036.1539347661,1000.70232407952,1160.30865820128,1118.76236164797,1121.21452680868,918.591684900473
"NM_053773",1283.07703280612,1086.41985383136,1637.86918575518,1287.76946940687,1420.72369789028,1119.23767792964
"NM_001037793",1613.07706102784,1100.37387030258,1192.99340913653,1974.31030427432,1904.02258759012,1837.18336980095
"NM_013155",140.769242807866,189.375937823814,268.74128546759,51.7533727108568,100.160534485078,81.6788998171812
"NM_001354115",115.384625252349,95.6846843741377,192.47686661868,149.195269768017,148.295936980333,156.255286606782
"NM_133400",1546.15397838148,2047.25355942165,760.828368992705,1815.00695389872,1232.55803359064,1451.28016196905
"NM_017365",2173.84633975426,2174.83313858717,2416.85574971191,1835.6274383382,1669.18016935569,1296.80050361916
"NM_017158",19973.0786311817,41010.8544089403,27437.0325906438,5395.69342833112,2823.94361305501,7022.01787993506
"NM_001007148",263.076945575356,308.981793291486,406.743567194191,333.970983274748,316.526737620318,365.77942092042
"NM_001107606",383.0769558378,229.244556313038,374.058816258943,415.239951359765,321.875115675347,292.978662387715
"NM_001191052",816.923146786633,550.186935151292,522.956014963959,1300.30348936028,1088.63804229169,1033.41564551303
"NM_001047087",8926.15460952174,11460.2343847274,10593.490942013,6986.70531596566,7085.62849053901,6006.35851699098
"NM_001108457",355.384645777236,428.587648759158,370.427177266138,415.239951359765,486.702403007586,313.694325384827
"NM_030843",39.2307725857988,27.9080329424568,27.2372924460396,44.8798778976961,21.8797284069344,26.6344238534287
"NM_001108901",41.5384650908458,21.9277401690732,21.7898339568316,52.1576959351603,53.969996737105,54.4525998781208
"NM_001107470",565.384663736512,641.884757676507,615.562809280494,513.490494865532,548.938074920644,464.622727220922
"NM_001276762",18.4615400403759,57.8094968093749,23.6056534532343,7.27781803746423,10.2105399232361,8.28626519884447
"NM_214458",83.0769301816915,83.7240988273705,47.2113069064686,56.200928178196,69.0426985285487,53.8607237924891
"NM_001134425",366.923108302471,378.751875647628,421.270123165412,209.843753413552,175.037827255476,82.8626519884447
"NM_024137",103.846162727114,185.389075974892,241.503993021551,106.337007991839,209.072960332929,117.191464955086
"NM_001106264",383.0769558378,432.574510608081,375.874635755346,398.258375939015,385.083219962046,357.493155721576
"NM_001277694",431.538498443786,918.971656176614,533.850931942375,208.226460516338,240.677012476279,240.30169076649
"NM_001106270",83.0769301816915,65.7832205072197,41.7638484172606,40.8366456546604,32.0902683301705,37.8800694804319
"NM_001002277",177.692322888618,314.96208606487,263.293826978382,159.70767359991,183.303502431429,139.682756209093
"NM_001029902",1520.76936082596,1724.31774965894,1723.2127020861,1579.69083735404,1333.69100044936,1282.595477564
"NM_001170575",440.769268463974,452.508819852693,486.639625035907,418.878860378497,445.374027127821,443.907064223811
"NM_001195606",1804.61553894674,1102.36730122704,962.384333093397,1918.10937609613,2477.2714718518,2195.26840160815
"NM_001001801",87.6923151917855,121.599286392133,110.764989280561,62.2657765427495,88.4913460013793,88.1895367591305
"NM_019370",3881.53879348903,2130.97765824902,1926.5844856832,2749.80224848857,3631.06248317748,3235.19468406314
"NM_053535",2450.7694403599,1676.47540747187,1612.44771280554,2236.71607684734,2296.8852665413,2767.61257641405
"NM_021869",900.000076968325,807.339524406787,789.881480935147,999.891333702725,1094.95885272036,980.146797806175
"NM_001107451",253.846175555169,77.7438060539869,127.107364748185,327.097488461587,391.890246577537,327.899351439988
"NM_001044295",16.1538475353289,7.97372369784481,10.8949169784158,4.44755546733925,6.32081042866995,15.9806543120572
"NM_198051",258.461560565262,239.211710935344,259.662187985577,171.028723880409,217.824851695703,137.907127952197
"NM_001100990",90.0000076968325,59.8029277338361,54.4745848920791,103.911068646017,117.664317210625,76.9438911321273
"NM_130428",8141.53915780577,6177.64243490526,5801.54329100642,9096.05957715738,9889.15102374755,10650.8101609433
"NM_001107454",62.3076976362686,65.7832205072197,59.922043381287,50.5404030379461,64.180536660341,91.1489171872892
"NM_001107453",549.230816201183,602.016139187283,575.614780359636,535.728272202228,450.236188996029,549.261007466262
"NM_001040128",1317.69242038183,1110.34102492489,1093.12333683439,1288.17379263117,1339.52559469121,1341.78308612717
"NM_001108462",159.230782848242,239.211710935344,461.21815208627,54.9879585052853,30.1454035828875,43.7988303367494
"NM_139094",987.69239216011,1287.75637720194,1154.86119971208,1147.46931057353,1406.13721228565,1087.86824539115
"NM_001012061",350.769260767142,396.692753967779,423.085942661814,362.677932200301,489.619700128511,379.392570889951
"NM_181474",459.23080850435,408.653339514546,464.849791079075,366.316841219033,398.697273193028,321.980590583671
"NM_001039343",55.3846201211277,33.8883257158404,38.1322094244554,62.6700997670531,49.5940510557181,51.4932194499621
"NM_012756",3916.15418106474,4393.52175751249,4125.54189582679,2939.42984068694,2840.47496340691,2395.32251855168
"NM_001115021",690.000059009049,590.055553640516,522.956014963959,663.090087857852,547.965642547003,573.527926977164
"NM_001008302",676.153903978767,540.219780528986,573.798960863233,462.141445378979,440.511865259613,538.015361839259
"NM_057128",78.4615451715975,39.868618489224,69.0011408633002,76.821412617678,90.9224269354831,65.1063694194923
"NM_013217",2476.15405791542,2226.66234262316,2612.96425532339,2702.90075446935,2979.53279283765,2320.74613176208
"NM_001107464",279.230793110685,488.390576492994,335.926606834488,86.1208467766601,108.912425847851,23.0831673396382
"NM_001106215",133.846165292725,77.7438060539869,92.6067943165345,196.905410235838,144.892423672588,230.831673396382
"NM_001169138",152.307705333101,83.7240988273705,161.607935179835,284.643549909712,280.546739795582,369.330677434211
"NM_001004198",235.384635514793,247.185434633189,263.293826978382,219.951834021141,259.153227575468,208.340382142375
"NM_001113403",343.846183252001,388.719030269934,321.400050863267,491.657040753139,397.724840819386,522.626583612834
"NM_001135720",20.7692325454229,33.8883257158404,43.5796679136633,31.9415347199819,26.2556740883213,18.3481586545842
"NM_057140",4899.23118821475,4704.49698172844,4488.70579510732,3937.29955826815,4013.2284060186,4057.90244309127
"NM_001107467",90.0000076968325,125.586148241056,127.107364748185,101.889452524499,113.774587716059,88.1895367591305
"NM_001313942",11.5384625252349,5.98029277338361,7.26327798561055,21.8334541123927,15.5589179782645,15.9806543120572
"NM_001006968",6.92307751514096,9.96715462230601,19.974014460429,3.23458579442855,15.5589179782645,8.28626519884447
"NM_001108465",150.000012828054,105.651838996444,141.633920719406,149.59959299232,62.235671913058,129.620862753353
"NM_001134545",13.8461550302819,15.9474473956896,19.974014460429,22.2377773366963,15.5589179782645,29.0019281959557
"NM_139261",837.692379332056,972.794291137067,991.43744503584,604.058897109531,625.274016251504,643.961181167342
"NM_001106225",4.61538501009397,5.98029277338361,7.26327798561055,4.85187869164282,2.91729712092459,4.14313259942224
"NM_001025002",11.5384625252349,412.640201363469,174.318671654653,36.3890901873212,228.52160780576,46.1663346792764
"NM_001108470",32.3076950706578,19.934309244612,50.8429458992738,33.1545043928926,46.1905377479727,37.8800694804319
"NM_001024775",1629.23090856317,1433.2768346876,1318.28495438831,1681.17596665424,1907.91231708468,1830.672732859
"NM_012695",2769.23100605638,5848.72633236917,4083.77804740953,1233.59015735019,491.078348688973,1841.32650240037
"NM_207591",2090.76940957257,2252.57694464116,2102.71897683425,1331.43637763165,1298.19721881144,1309.22990141743
"NM_001271132",3408.4618299544,2750.93467575646,3390.13499978372,4937.99953841948,4426.51216481625,3827.07076969488
"NM_022952",1338.46165292725,1233.93374224148,1242.0205355394,1269.97924753751,1314.24235297653,1420.5026055162
"NM_001100830",1742.30784131047,1505.04034796821,1866.66244230191,1760.01899539343,1678.9044930921,1514.01902704601
"NM_001106229",156.923090343195,107.645269920905,112.580808776963,100.272159627285,111.829722968776,146.193393151042
"NM_001012064",1299.23088034145,976.781152985989,1151.22956071927,2123.90989726665,2601.74281567792,2951.0941629599
"NM_001172809",431.538498443786,528.259194982219,537.482570935181,451.629041547086,379.734841907018,393.597596945113
"NM_001135742",895.384691958231,1277.78922257963,878.856636258876,781.152469354494,960.763185157832,817.972750343076
"NM_031508",73.8461601615036,97.6781152985989,187.029408129472,59.8398371969281,60.7770233525957,63.9226172482288
"NM_053628",1059.23085981657,1229.94688039256,1158.49283870488,1282.91759071522,1169.83614549076,1341.78308612717
"NM_021694",1917.69247169405,1796.08126293954,1754.08163352495,1940.75147665713,1924.44366743659,1866.1852979969
"NM_001107493",1068.46162983675,1124.29504139612,849.803524316434,509.447262622496,452.667269930133,482.970885875506
"NM_173294",17492.3091882562,8214.92883970461,7862.49841942342,31496.779173248,27655.4904901783,33767.1225613769
"NM_001012065",664.615441453532,863.1555902917,878.856636258876,394.215143695979,470.17105265568,525.585964040992
"NM_017093",2614.61560821824,2214.7017570764,2215.29978561122,2323.64557007261,2416.00823231238,2553.35343341536
"NM_012693",12588.4626150313,3903.13775009503,3095.9722413665,20823.8590213067,26153.568689089,26257.9906629669
"NM_001100845",13.8461550302819,1.9934309244612,3.63163899280527,21.4291308880891,10.6967561100568,14.205026055162
"NM_031675",9096.92385489522,7808.26893111453,7877.02497539464,7465.82833676539,7655.47386149295,8060.16853413315
"NM_001082549",62.3076976362686,35.8817566403016,18.1581949640264,34.7717972901069,23.8245931542175,18.9400347402159
"NM_130824",60.0000051312216,33.8883257158404,43.5796679136633,51.7533727108568,50.0802672425388,65.698245505124
"NM_001191623",55.3846201211277,119.605855467672,157.976296187029,125.74452275841,77.3083737045017,117.191464955086
"NM_001100991",103.846162727114,145.520457485668,119.844086762574,111.997533132088,126.416208573399,118.967093211981
"NM_001127579",373.846185817612,318.948947913792,314.136772877656,448.798778976961,508.582131414521,435.620799024967
"NM_001098240",962.307774604593,827.273833651399,849.803524316434,699.07485482087,817.329410045707,839.872165511451
"NM_144749",25.3846175555169,7.97372369784481,16.3423754676237,13.3426664020178,10.6967561100568,12.4293977982667
"NM_172317",2.30769250504699,9.96715462230601,9.07909748201318,13.7469896263213,9.72432373641531,5.91876085631748
"NM_001127599",445.384653474068,368.784721025322,432.165040143828,334.779629723355,382.652139027942,373.473810033633
"NM_001009641",1416.92319809885,1379.45419972715,1296.49512043148,1111.08022038621,1226.72343934879,1313.37303401685
"NM_001106246",256.153868060215,332.902964385021,281.452021942409,294.347307292998,254.777281894081,297.713671072769
"NM_012831",1906.15400916881,1530.9549499862,1632.42172726597,1337.0969027719,1248.1169515689,1202.69220600371
"NM_001106248",773.07698919074,843.221281047088,684.563950143794,751.23255075603,787.67022264964,773.582043920695
"NM_001100821",48.4615426059867,115.61899361875,125.291545251782,97.0375738328564,38.8972949456612,48.5338390218033
"NM_001107507",807.692376766445,1004.68918592845,1185.73013115092,739.507177251227,626.246448625146,764.703902636219
"NM_023098",3311.53874474243,1863.85791437122,2151.74610323712,5966.59782104776,3227.50304811624,3728.81933948001
"NM_022797",20.7692325454229,15.9474473956896,9.07909748201318,14.1513128506249,21.3935122201137,23.6750434252699
"NM_001039665",180.000015393665,69.7700823561421,187.029408129472,52.9663423837675,59.3183747921334,41.4313259942224
"NM_138529",2388.46174272363,2238.62292816993,1812.18785740983,3433.91714401021,3178.39521324734,2724.99749824857
"NM_001107518",715.384676564566,811.326386255709,733.591076546665,824.415054354976,795.449681638772,693.086896274777
"NM_001107520",1767.69245886599,1820.00243403308,1537.99911345303,1732.92933936509,1466.91423563825,1380.25503169324
"NM_001271493",11.5384625252349,11.9605855467672,3.63163899280527,28.7069489255534,17.5037827255476,31.9613086241144
"NM_001191837",976.153929634875,976.781152985989,849.803524316434,918.218042393404,964.166698465578,809.0946090586
"NM_001141935",13.8461550302819,5.98029277338361,107.133350287756,16.1729289721427,18.9624312860098,29.5938042815874
"NM_001100846",736.153909109989,777.438060539869,542.930029424388,1225.09936963981,1174.69830735897,1048.80442373946
"NM_012999",2245.38480741072,2617.37480381756,2297.01166294934,1349.22659950101,1549.57098739778,1514.01902704601
"NM_001014020",173.076937878524,225.257694464116,201.555964100693,230.868561077338,191.569177607382,130.212738838985
"NM_001108915",126.923087777584,157.481043032435,118.028267266171,183.967067058124,177.468908189579,145.009640979778
"NM_153300",168.46155286843,87.7109606762929,134.370642733795,236.124762993284,192.541609981023,255.098592907283
"NM_001191624",406.15388088827,289.047484046874,361.348079784125,615.784270614335,619.439422009655,536.239733582364
"NM_001108486",876.923151917855,799.365800708942,568.351502374025,796.921075102333,749.74536007762,764.112026550587
"NM_001025681",537.692353675948,496.364300190839,403.111928201385,429.39126421039,552.341588228389,435.620799024967
"NM_052807",41.5384650908458,39.868618489224,29.0531119424422,36.7934134116247,35.9799978247366,33.1450607953779
"NM_001191625",136.153857797772,163.461335805819,125.291545251782,97.0375738328564,105.022696353285,99.4351823861337
"NM_001107523",1320.00011288688,1377.46076880269,1349.15388582716,1654.0863106259,1583.11990428841,1550.71534435518
"NM_001107527",355.384645777236,324.929240687176,493.902903021517,413.622658462551,446.832675688283,478.235877190452
"NM_001115039",1024.61547224086,1118.31474862273,1016.85891798548,619.018856408763,597.559693602721,593.651713888643
"NM_001191949",4.61538501009397,13.9540164712284,10.8949169784158,4.04323224303568,1.4586485604623,4.14313259942224
"NM_001108489",618.461591352592,849.201573820472,991.43744503584,799.751337672458,787.184006462819,982.514302148702
"NM_001106272",1465.38474070484,1447.23085115883,1329.17987136673,1943.58173922725,1901.10529046919,1867.36905016817
"NM_198767",973.846237129828,1108.34759400043,769.907466474718,1219.43884449956,1146.01155233654,1143.50459744054
"NM_053309",300.000025656108,414.63363228793,372.242996762541,311.328882713748,191.569177607382,373.473810033633
"NM_001011932",1324.61549789697,1156.1899361875,1187.54595064732,1435.75176950197,1568.04720249697,1588.59541383561
"NM_001107533",101.538470222067,47.8423421870688,54.4745848920791,91.78137191691,106.481344913748,99.4351823861337
"NM_001107534",519.230813635572,749.530027597412,811.671314891979,511.873201968318,544.075913052436,494.808407588141
"NM_001105749",94.6153927069264,113.625562694289,103.50171129495,135.852603365999,120.095398144729,125.477730153931
"NM_001170432",341.538490746954,416.627063212391,326.847509352475,575.351948183978,660.281581702599,1023.35375205729
"NM_001007630",1968.46170680508,1662.52139100064,1619.71099079115,1932.26068894675,2185.54175975934,2237.29160368801
"NM_053524",281.538485615732,35.8817566403016,18.1581949640264,774.278974541334,1252.97911343711,364.003792663525
"NM_145774",606.923128827357,332.902964385021,312.320953381254,700.692147718084,802.256708254263,758.193265694269
"NM_001013897",874.615459412808,845.21471197155,909.725567697721,519.151020005782,510.526996161804,480.011505447348
"NM_001108491",124.615395272537,85.7175297518317,96.2384333093398,181.136804487999,173.092962508192,140.274632294724
"NM_001024885",346.153875757048,384.732168421012,361.348079784125,297.98621631173,339.378898400894,325.531847097461
"NM_017198",593.076973797076,556.167227924675,521.140195467557,371.573043134979,407.935380742622,281.14114067508
"NM_053417",55.3846201211277,65.7832205072197,56.2904043884817,67.9263016829995,70.9875632758317,59.1876085631748
"NM_001034921",306.923103171249,253.165727406573,303.24185589924,275.34411575073,266.446470377779,330.266855782515
"NM_001108493",131.538472787678,89.7043916007541,114.396628273366,228.442621731516,211.504041267033,234.382929910172
"NM_153473",286.153870625826,213.297108917349,208.819242086303,193.670824441409,203.23836609108,246.812327708439
"NM_012910",126.923087777584,79.7372369784481,138.0022817266,138.682865936124,148.782153167154,172.235940918839
"NM_017204",25.3846175555169,29.901463866918,36.3163899280527,34.7717972901069,16.0451341650853,20.1237869114794
"NM_080786",6055.38513324329,4521.10133667801,2529.43655848887,7775.53992658193,6904.26985285487,8525.97501352533
"NM_053366",3570.00030530769,3779.54503277844,4072.88313043111,3019.89016232335,2992.66062988181,2338.50241433104
"NM_001191602",304.615410666202,398.68618489224,441.244137625841,443.542577061015,359.313762060546,377.616942633055
"NM_001108494",835.384686827009,916.978225252153,775.354924963926,1260.67981337853,1244.22722207434,1291.47361884847
"NM_001107539",1746.92322632057,1835.94988142877,1394.54937323723,1998.56969773254,1854.91475272122,1558.40973346839
"NM_031074",2891.53870882387,3183.50918636454,3070.55076841686,2871.09921577964,3446.30033218558,3333.44611427801
"NM_001107540",473.076963534632,606.003001036205,582.878058345246,435.05178935064,465.308890787472,439.763931624389
"NM_001108496",1276.15395529098,1213.99943299687,1123.99226827323,1280.0873281451,1293.33505694324,1296.20862753353
"NM_033234",2829.23101118761,2188.7871550584,2113.61389381267,12999.8003078083,6839.11688382089,15181.6215964543
"NM_001100582",1255.38472274556,895.05048508308,753.565091007094,1564.73087805481,2000.29339258063,2206.51404723516
"NM_001106290",1885.38477662339,4052.64506942962,4042.01419899227,2276.74407605339,2325.0858053769,2638.58358974633
"NM_001107547",1645.3847560985,1295.73010089978,1029.5696544603,1770.12707600102,2291.05067229945,2134.89704087372
"NM_001134970",1220.76933516986,1395.40164712284,1274.70528647465,1129.67908870417,1098.36236602811,1323.43492747259
"NM_031544",6.92307751514096,17.9408783201508,45.3954874100659,25.8766863554284,36.4662140115574,33.7369368810096
"NM_001106288",1375.384733008,1459.1914367056,1505.31436251779,1482.24894029688,1369.18478208728,1487.97647927821
"NM_001079884",131.538472787678,151.500750259051,127.107364748185,101.889452524499,137.599180870277,130.804614924616
"NM_001139508",710.769291554472,566.134382546981,759.012549496302,834.523134962565,877.134001024661,659.349959393767
"NM_001198589",180.000015393665,271.106605726723,252.398909999967,234.911793320373,289.784847345176,189.400347402159
"NM_020656",729.230831594848,645.871619525429,660.95829669056,724.951541176298,643.264015163873,754.642009180479
"NM_001014022",186.923092908806,215.29053984181,226.97743705033,161.324966497124,218.797284069344,167.500932233785
"NM_017229",1613.07706102784,1788.1075392417,1458.10305561132,2206.79615824888,2135.4614925168,1808.18144160499
"NM_001106285",396.923110868082,239.211710935344,321.400050863267,515.51211098705,624.301583877863,464.030851135291
"NM_080781",3939.23110611521,5202.85471284374,4830.07986043101,3558.0443738714,4044.83245816195,3529.94897470775
"NM_001013434",544.615431191089,733.582580201722,895.1990117265,546.644999258424,579.083478503532,511.38093798583
"NM_001108500",902.307769473372,928.93881079892,864.330080287655,1132.10502804999,1023.48507325771,754.050133094847
"NM_001108501",76.1538526665505,161.467904881357,148.897198705016,103.911068646017,118.636749584267,110.680828013137
"NM_001079706",71.5384676564566,37.8751875647628,58.1062238848844,120.488320842463,93.8397240564077,106.537695413715
"NM_144748",2196.92326480473,1425.30311098976,1456.28723611491,1521.06396983002,433.218622457302,865.914713279248
"NM_017100",113.076932747302,35.8817566403016,157.976296187029,340.035831639301,142.947558925305,287.059901531398
"NM_001107548",152.307705333101,159.474473956896,167.055393669043,82.8862609822315,90.9224269354831,58.5957324775431
"NM_001159493",124.615395272537,115.61899361875,127.107364748185,102.698098973106,108.912425847851,121.334597554508
"NM_001134574",613.846206342498,606.003001036205,648.247560215741,443.946900285318,545.534561612899,556.363520493843
"NM_001011935",2430.00020781448,2099.08276345765,2358.74952582703,2508.42128357934,2644.52984011814,2352.11556430057
"NM_001012469",23.0769250504699,35.8817566403016,39.948028920858,29.9199185984641,28.6867550224252,50.3094672786986
"NM_001009645",103.846162727114,57.8094968093749,217.898339568316,481.144636921246,203.724582277901,300.081175415296
"NM_001109154",46.1538501009397,23.9211710935344,61.7378628776897,70.7565642531245,58.3459424184918,57.4119803062796
"NM_198736",108.461547737208,141.533595636745,152.528837697822,59.8398371969281,68.5564823417279,79.903271560286
"NM_001109156",323.076950706578,221.270832615193,214.266700575511,465.780354397711,495.45429437036,634.491163797234
"NM_001107552",272.307715595544,181.402214125969,325.031689856072,297.98621631173,223.173229750731,240.893566852121
"NM_001039608",777.692374200834,771.457767766485,829.829509856005,827.245316925101,875.675352464198,732.742594012104
"NM_001191631",43.8461575958927,19.934309244612,7.26327798561055,28.3026257012498,3.88972949456612,40.2475738229589
"NM_022849",678.461596483814,566.134382546981,958.752694100592,1449.09443590399,704.527254703289,310.734944956668
"NM_001004415",20.7692325454229,107.645269920905,290.531119424422,17.3858986450534,12.6416208573399,20.7156629971112
"NM_001107555",242.307713029934,310.975224215947,265.109646474785,415.239951359765,297.078090147488,365.77942092042
"NM_001009706",1638.46167858336,1608.69875604019,1465.36633359693,1525.91584852167,1644.38314382783,2075.70943231054
"NM_001012068",237.69232801984,227.251125388577,248.767271007161,244.615550703659,247.48403909177,283.508645017607
"NM_001143858",941.53854205917,944.88625819461,998.70072302145,1048.41012061915,1002.57777722442,1141.13709309801
"NM_053767",60.0000051312216,39.868618489224,56.2904043884817,51.7533727108568,38.8972949456612,53.8607237924891
"NM_012861",378.461570827706,946.879689119071,982.358347553827,412.814012013943,373.414031478348,587.732953032326
"NM_001025058",2.30769250504699,1.9934309244612,3.63163899280527,4.85187869164282,0.972432373641531,3.55125651379049
"NM_031811",2907.6925563592,3739.67641428921,3992.9870725894,2953.98547676187,2889.09658208899,2957.60479990185
"NM_001033691",530.769276160807,815.313248104632,1648.76410273359,822.393438233458,491.078348688973,1692.17372882117
"NM_001015024",50.7692351110337,61.7963586582973,52.6587653956765,79.2473519634994,123.012695265654,165.725303976889
"NM_181480",1140.00009749321,978.77458391045,1131.25554625884,852.717680056226,830.943463276688,849.93405896719
"NM_001106319",1580.76936595719,1427.29654191422,1783.13474546739,1411.89669926806,1099.82101458857,1175.46590606465
"NM_001107564",57.6923126261747,55.8160658849137,72.6327798561055,85.7165235523565,105.508912540106,66.8819976763875
"NM_001108512",948.461619574311,847.208142896011,820.750412373992,1212.96967291071,1355.57072885629,1360.13124478176
"NM_001106321",2824.61562617751,875.116175838468,1143.96628273366,7755.72808859105,7056.45551932977,6990.05657131095
"NM_001287134",3055.38487668221,2996.12667946519,2493.12016856082,3683.38457340551,3950.50651791872,3503.90642693995
"NM_001006998",60.0000051312216,37.8751875647628,78.0802383453134,31.1328882713748,28.2005388356044,50.9013433643303
"NM_001108515",2840.76947371284,3476.54353226034,3295.71238597079,3362.35193330848,3302.38034088664,3487.92577262789
"NM_019167",2543.07714056178,3530.36616722079,2603.88515784138,4217.89987593483,3262.51061356734,3757.82126767597
"NM_172327",643.846208908109,500.351162039762,597.404614316467,476.697081453907,437.594568138689,471.133364162871
"NM_133424",25.3846175555169,9.96715462230601,19.974014460429,8.89511093467851,9.72432373641531,7.69438911321273
"NM_134406",99.2307777170204,113.625562694289,132.554823237392,169.007107758892,130.792154254786,152.704030092991
"NM_001108516",996.923162180298,1194.06512375226,1207.51996510775,1062.56143346978,1139.20452572105,1123.97268661469
"NM_001008305",883.846229432996,1018.64320239967,1318.28495438831,587.481644913085,641.31915041659,576.487307405323
"NM_053610",4920.00042076018,5296.54596629341,4432.41539071884,4682.06293743532,5511.7466938002,4609.53095490005
"NM_001082977",240.000020524887,125.586148241056,179.766130143861,235.316116544677,259.153227575468,289.427405873925
"NM_001011939",2713.84638593526,3195.46977191131,2749.15071755359,2953.98547676187,2561.38687217179,3087.81753874083
"NM_139337",1093.84624739227,775.444629615408,473.928888561088,982.505435057671,1159.62560556753,1203.28408208934
"NM_021699",475.384656039679,536.232918680063,573.798960863233,498.5305355663,520.251319898219,516.115946670884
"NM_001109161",170.769245373477,145.520457485668,157.976296187029,230.05991462873,208.586744146108,240.30169076649
"NM_134379",2686.15407587469,1802.06155571293,1643.31664424439,3313.42882316774,1899.16042572191,4263.28344480548
"NM_138908",94.6153927069264,89.7043916007541,45.3954874100659,59.8398371969281,70.9875632758317,95.8839258723432
"NM_001191951",406.15388088827,655.838774147735,539.298390431583,600.015664866496,769.680223737271,622.061765998967
"NM_031704",1273.84626278594,1558.86298292866,1229.30979906459,1040.72797935739,1237.42019545885,1316.33241444501
"NM_001168661",357.692338282283,350.843842705172,303.24185589924,318.606700751212,235.32863442125,364.595668749157
"NM_001106335",117.692317757396,111.632131769827,239.688173525148,274.535469302123,158.50647690357,247.996079879702
"NM_001008371",1350.00011545249,1289.7498081264,1258.36291100703,1276.44841912637,1149.41506564429,1316.92429053064
"NM_031124",76.1538526665505,91.6978225252153,226.97743705033,55.7966049538924,56.8872938580295,66.2901215907558
"NM_001108927",3330.0002847828,3572.22821663447,3609.84915884844,3174.74595723162,3301.407908513,3251.76721446082
"NM_001169120",2621.53868573338,2479.82807002974,2456.80377863277,3406.42316475756,3132.69089168619,2638.58358974633
"NM_019141",348.461568262095,283.067191273491,354.084801798514,388.554618555729,494.481861996718,330.858731868147
"NM_198738",1271.53857028089,1084.42642290689,1111.28153179841,773.470328092726,239.218363915817,266.936114619918
"NM_001013151",39.2307725857988,47.8423421870688,74.4485993525081,91.3770486926065,123.012695265654,172.82781700447
"NM_031036",325.384643211625,324.929240687176,303.24185589924,256.340924208462,332.085655598583,230.831673396382
"NM_017272",56012.3124825005,46592.4609974317,25839.1114338095,2862.60842806926,943.259402432285,1325.21055572948
"NM_022407",27032.3100041204,34637.8557434378,22648.7165786301,7177.95020106125,5929.89261446605,6791.18620653868
"NM_001014028",496.153888585102,530.25262590668,559.272404892012,396.641083041801,417.173488292217,386.495083917532
"NM_001107596",2125.38479714827,1778.14038461939,2249.80035604287,2566.64382787905,2944.52522738655,2086.95507793754
"NM_031779",13.8461550302819,5.98029277338361,14.5265559712211,29.5155953741605,24.797025527859,33.1450607953779
"NM_001012743",2.30769250504699,1.9934309244612,5.44745848920791,10.5124038318928,9.72432373641531,19.5319108258477
"NM_001191953",226.153865494605,141.533595636745,96.2384333093398,281.408964115284,262.556740883213,251.547336393493
"NM_001037197",1795.38476892656,1176.12424543211,1419.97084618686,2529.85041446743,2528.32417146798,3191.39585372639
"NM_001004446",1389.23088803829,1455.20457485668,976.910889064619,1618.10154366288,2108.71960224166,1759.64760258319
"NM_001025036",309.230795676296,594.042415489438,541.114209927986,286.260842806926,324.30619660945,248.587955965334
"NM_001012172",36.9230800807518,49.83577311153,47.2113069064686,48.9231101407318,22.852160780576,34.3288129666414
"NM_053646",138.461550302819,139.540164712284,134.370642733795,222.377773366963,206.641879398825,226.096664711328
"NM_001035002",1578.46167345214,2013.36523370581,1839.42514985587,1793.98214623493,1743.08502975244,1585.63603340745
"NM_181386",581.538511271841,717.635132806033,626.45772625891,616.592917062942,617.980773449193,513.748442328357
"NM_001014167",775.384681695787,500.351162039762,530.21929294957,752.849843653244,838.236706078999,917.999808814841
"NM_001106373",5448.46200441593,5276.6116570488,2996.10216906435,5967.00214427206,6066.03314677587,5518.06074634479
"NM_001107609",78.4615451715975,75.7503751295257,205.187603093498,382.085446966872,125.929992386578,266.936114619918
"NM_001129882",214.61540296937,239.211710935344,256.030548992772,190.031915422677,197.889988036052,165.725303976889
"NM_001169112",175.384630383571,243.198572784267,297.794397410032,453.650657668604,238.732147728996,326.715599268725
"NM_013159",4142.30804655934,4028.72389833609,3673.40284122253,3736.75523901358,3496.86681561494,3225.72466669303
"NM_001108522",25.3846175555169,11.9605855467672,7.26327798561055,7.6821412617678,17.9899989123683,14.205026055162
"NM_053758",1003.84623969544,1116.32131769827,1163.94029719409,786.004348046137,917.976160717605,677.698118048352
"NM_001025767",23.0769250504699,25.9146020179956,63.5536823740923,17.3858986450534,29.1729712092459,34.3288129666414
"NM_001108525",630.000053877827,647.865050449891,682.748130647391,486.805162061496,448.291324248746,444.498940309443
"NM_001106368",1038.46162727114,1132.26876509396,1198.44086762574,1426.04801211869,1463.5107223305,1309.82177750306
"NM_012571",1555.38474840167,3123.7062586307,1657.84320021561,2235.09878395013,6733.60797128078,2919.72473042141
"NM_040669",1133.07701997807,1162.17022896088,1029.5696544603,671.176552343924,821.219139540273,897.876021903362
"NM_001024975",4.61538501009397,5.98029277338361,12.7107364748185,6.46917158885709,8.75189136277378,14.205026055162
"NM_001106353",4142.30804655934,4054.63850035408,3751.48307956785,3175.55460368023,3459.91438541657,3225.1327906074
"NM_001191634",3313.84643724747,3984.86841799794,3439.16212618659,3583.11241377822,3478.87681670258,3107.94132565231
"NM_001013905",366.923108302471,370.778151949784,455.770693597062,211.056723086463,198.862420409693,259.833601592337
"NM_001107600",766.153911675599,757.503751295257,720.880340071847,682.497602624424,735.158874472997,762.928274379323
"NM_001008349",731.538524099895,1028.61035702198,2159.00938122274,342.461770985122,399.183489379848,387.086960003163
"NM_001011942",267.69233058545,330.909533460559,288.715299928019,322.649932994248,280.060523608761,286.468025445766
"NM_001127484",228.461557999652,99.6715462230601,76.2644188489108,107.549977664749,84.6016165068132,96.475801957975
"NM_001107604",2132.30787466342,2445.93974431389,2925.28520870465,1585.7556857186,1659.94206180609,1386.17379254955
"NM_022700",272.307715595544,322.935809762715,292.346938920825,289.091105377051,311.664575752111,292.978662387715
"NM_080890",4797.69271799268,4373.58744826788,3335.66041489164,5333.02332856407,6697.62797345604,5151.0975732531
"NM_019349",1128.46163496798,1150.20964341411,1000.51654251785,1092.48135206824,954.442374729162,822.70775902813
"NM_001007602",3281.53874217681,3952.97352320656,3540.84801798514,3109.24559489444,2838.04388247281,2577.02847684063
"NM_001164103",2.30769250504699,5.98029277338361,5.44745848920791,5.66052514024996,5.83459424184918,1.1837521712635
"NM_131913",2021.53863442116,2531.65727406573,2534.88401697808,1857.8652156749,1781.00989232446,1841.32650240037
"NM_013160",13.8461550302819,43.8554803381464,14.5265559712211,10.1080806075892,10.6967561100568,13.6131499695302
"NM_023101",193.846170423947,187.382506899353,226.97743705033,153.238502011052,151.699450288079,118.967093211981
"NM_012959",436.15388345388,129.573010089978,70.8169603597028,412.814012013943,511.985644722266,279.957388503817
"NM_001079705",83.0769301816915,85.7175297518317,94.4226138129371,25.0680399068212,36.4662140115574,31.9613086241144
"NM_013031",92.3077002018795,115.61899361875,132.554823237392,131.000724674356,152.67188266172,133.763995352775
"NM_001107447",136.153857797772,299.01463866918,230.609076043135,185.988683179641,161.909990211315,150.928401836096
"NM_030829",364.615415797424,512.311747586529,306.873494892046,242.593934582141,229.00782399258,253.91484073602
"NM_013073",780.000066705881,901.030777856463,802.592217409965,786.004348046137,797.880762572876,857.628448080403
"NM_001106217",1770.00015137104,1483.11260779913,1271.07364748185,1587.37297861581,1965.28582712953,2124.24327133234
"NM_001134543",960.000082099546,1012.66290962629,960.568513596995,985.335697627796,1093.98642034672,931.02108269874
"NM_001004217",346.153875757048,398.68618489224,432.165040143828,287.473812479837,317.49916999396,281.14114067508
"NM_001107469",32.3076950706578,27.9080329424568,36.3163899280527,47.3058172435175,24.797025527859,46.7582107649081
"NM_001012062",1740.00014880543,1706.37687133879,1774.05564798538,2461.51978956012,2331.89283199239,2350.9318121293
"NM_001108902",233.076943009746,253.165727406573,392.21701122297,396.236759817497,515.389158030011,456.92833810771
"NM_001007690",692.307751514096,801.359231633403,931.515401654553,341.653124536515,348.130789763668,330.858731868147
"NM_001126092",1022.30777973581,1200.04541652564,1005.96400100706,564.839544352085,616.52212488873,655.798702879977
"NM_012760",11.5384625252349,17.9408783201508,7.26327798561055,26.281009579732,4.86216186820765,1.1837521712635
"NM_001014157",710.769291554472,719.628563730494,759.012549496302,528.04613094046,565.46942527255,404.251366486484
"NM_001115028",46.1538501009397,47.8423421870688,47.2113069064686,28.3026257012498,50.5664834293596,30.7775564528509
"NM_031350",523.846198645666,560.154089773598,435.796679136633,581.012473324228,595.128612668617,630.348031197812
"NM_001004218",657.692363938391,829.26726457586,700.906325611418,465.780354397711,526.085914140068,501.910920615722
"NM_001025640",669.230826463626,703.681116334804,684.563950143794,581.012473324228,628.191313372429,587.732953032326
"NM_053698",468.461578524538,344.863549931788,414.006845179801,758.914692017798,1389.60586193375,760.560770036796
"NM_001107514",1107.69240242255,799.365800708942,1018.67473748188,1635.48744230793,1536.92936654044,1621.14859854536
"NM_001099647",341.538490746954,462.475974474999,542.930029424388,320.62831687273,284.922685476968,319.021210155512
"NM_001037789",311.538488181343,229.244556313038,325.031689856072,272.918176404909,216.852419322061,394.781349116376
"NM_001106265",3876.92340847894,3305.10847275667,3477.29433561105,2244.80254133341,2456.85039200533,2342.64554693046
"NM_053783",886.153921938043,1030.60378794644,904.278109208513,1117.95371519937,1027.37480275228,1139.36146484112
"NM_001034147",653.076978928297,580.08839901821,510.245278489141,457.693889911639,498.857807678105,459.295842450237
"NM_001290110",87.6923151917855,93.6912534496765,103.50171129495,146.769330422195,99.1881021114361,142.05026055162
"NM_001047852",1783.84630640132,2302.41271775269,1797.66130143861,2212.86100661343,2101.42635943935,2330.80802521782
"NM_001191088",11430.0009774977,9329.25672647842,7212.43503971127,15683.6978707354,15209.8147561272,15061.4707510711
"NM_001011934",1926.92324171423,2348.2616290153,2106.35061582706,1439.79500174501,1685.22530352077,1476.13895756558
"NM_001277054",1322.30780539192,1311.67754829547,1532.55165496383,1218.22587482665,1137.74587716059,1190.26280820545
"NM_017134",20300.7709668983,29608.4295210222,9367.8127819412,17816.907202161,26335.8997591468,17864.0040165374
"NM_022266",108.461547737208,223.264263539655,226.97743705033,128.170462104231,475.033214523888,112.456456270032
"NM_001025623",1735.38476379533,2013.36523370581,1414.52338769765,1442.22094109083,1056.0615577747,676.514365877088
"NM_001109136",546.923123696136,486.397145568533,439.428318129438,1139.38284608746,1130.45263435828,1015.65936294408
"NM_031709",205.384632949182,289.047484046874,250.583090503564,123.318583412588,126.416208573399,131.98836709588
"NR_110684",46.1538501009397,45.8489112626076,41.7638484172606,17.3858986450534,24.3108093410383,24.8587955965334
"NM_001127201",295.384640646014,263.132882028879,274.188743956798,305.668357573498,349.58943832413,343.288129666414
"NM_001032397",80.7692376766445,65.7832205072197,67.1853213668976,153.642825235356,138.571613243918,223.137284283169
"NM_019232",30.0000025656108,5.98029277338361,9.07909748201318,65.0960391128745,139.057829430739,13.6131499695302
"NM_001106204",528.46158365576,576.101537169287,581.062238848844,793.282166083601,737.10373922028,651.063694194923
"NM_001108460",221.538480484511,299.01463866918,266.925465971188,175.071956123445,147.809720793513,168.684684405048
"NM_130417",13.8461550302819,5.98029277338361,7.26327798561055,17.790221869357,10.6967561100568,7.10251302758098
"NM_001100825",145.38462781796,111.632131769827,116.212447769769,69.1392713559102,66.6116175944449,72.800758532705
"NM_001012060",542.307738686042,456.495681701615,546.561668417194,470.632233089354,515.875374216832,509.013433643303
"NM_001007734",906.923154483466,468.456267248382,433.98085964023,772.257358419816,1341.47045943849,996.127452118232
"NM_198766",290.76925563592,418.620494136852,339.558245827293,242.998257806445,282.977820729685,242.669195109017
"NM_001109333",16.1538475353289,21.9277401690732,18.1581949640264,7.6821412617678,14.1002694178022,17.1644064833207
"NM_001107452",1513.84628331082,1564.84327570204,1577.94714237389,1079.54300889053,1065.78588151112,990.208691261915
"NM_001024964",786.923144221022,803.352662557864,740.854354532276,860.804144542297,821.219139540273,804.359600373546
"NM_001108461",76.1538526665505,61.7963586582973,34.5005704316501,110.380240234874,206.155663212004,133.763995352775
"NM_001011930",27.6923100605638,23.9211710935344,61.7378628776897,65.0960391128745,28.2005388356044,40.2475738229589
"NM_001013144",1737.69245630038,1630.62649620926,1630.60590776957,2072.56084778009,2071.76717204328,1943.72106521466
"NM_053423",366.923108302471,368.784721025322,348.637343309306,642.873926642674,490.592132502152,619.102385570809
"NM_001108240",6055.38513324329,5581.60658849137,5565.48675647408,6145.30868618994,5318.71886763235,5790.91562182102
"NM_001100735",145.38462781796,121.599286392133,183.397769136666,128.979108552838,124.957560012937,114.232084526927
"NM_001025000",2388.46174272363,1124.29504139612,909.725567697721,2658.82952302027,3277.58331535878,2487.65518791024
"NM_001107460",150.000012828054,95.6846843741377,179.766130143861,167.389814861677,181.844853870966,181.705958288947
"NM_001017447",613.846206342498,655.838774147735,631.905184748118,633.170169259388,504.206185733134,420.232020798541
"NM_001106207",140.769242807866,97.6781152985989,78.0802383453134,101.485129300196,128.361073320682,148.560897493569
"NM_001106206",71.5384676564566,65.7832205072197,79.896057841716,102.293775748803,60.7770233525957,86.4139085022352
"NM_001025723",251.538483050122,209.310247068426,259.662187985577,183.967067058124,205.183230838363,190.584099573423
"NM_001014172",244.615405534981,289.047484046874,208.819242086303,296.368923414516,293.188360652922,262.201105934864
"NM_001144860",683.076981493908,665.805928770041,635.536823740923,483.166253042764,543.103480678795,534.464105325469
"NM_001113371",23.0769250504699,27.9080329424568,16.3423754676237,1.61729289721427,3.40351330774536,0.591876085631748
"NM_001126088",620.769283857639,647.865050449891,651.879199208547,453.650657668604,538.241318810587,540.382866181786
"NM_001109137",346.153875757048,398.68618489224,315.952592374059,548.262292155639,403.073218874414,382.351951318109
"NM_001130939",493.846196080055,584.075260867132,532.035112445973,415.239951359765,380.221058093839,384.127579575005
"NM_031318",156.923090343195,189.375937823814,303.24185589924,90.9727254683029,90.4362107486623,109.497075841873
"NM_019357",256.153868060215,251.172296482111,303.24185589924,295.560276965909,225.118094498014,261.017353763601
"NM_001309449",18.4615400403759,19.934309244612,18.1581949640264,11.3210502804999,24.797025527859,40.8394499085906
"NM_017051",5160.00044128506,5230.76274578619,5118.79516035903,4266.01433962695,4113.8751566905,4290.50974474454
"NM_001113544",34.6153875757048,13.9540164712284,25.4214729496369,15.3642825235356,15.0727017914437,13.0212738838985
"NM_001113542",496.153888585102,520.285471284374,397.664469712177,506.212676828068,421.549433973604,462.847098964027
"NM_001006995",2263.84634745109,368.784721025322,668.22157467617,2753.8454807316,2097.53662994478,1025.72125639982
"NM_001106205",890.769306948137,986.748307608295,818.934592877589,820.37182211194,818.788058606169,990.208691261915
"NM_012670",1996.15401686564,2166.85941488933,2260.69527302128,1768.1054598795,1737.25043551059,1313.96491010248
"NM_001025724",9.23077002018795,25.9146020179956,36.3163899280527,27.8983024769462,30.1454035828875,21.8994151683747
"NM_012697",6140.76975593003,4644.6940539946,4394.28318129438,6487.36613395076,6122.43422444708,5846.55197387041
"NM_053491",64712.3132265276,31013.7983227674,24190.3473310759,118735.175341883,121872.032091372,142133.123203608
"NM_001107456",823.846224301774,1042.56437349321,773.539105467523,878.998689635958,930.131565388124,898.467897988994
"NR_132441",9.23077002018795,17.9408783201508,10.8949169784158,8.08646448607137,8.75189136277378,8.28626519884447
"NM_133561",4236.92343926627,2270.51782296131,2511.27836352485,5196.76640197376,5955.17585618073,4874.69144126308
"NM_001106210",713.076984059519,651.851912298813,837.092787841616,707.565642531245,688.482120538204,865.322837193616
"NM_001169132",11.5384625252349,17.9408783201508,7.26327798561055,20.620484439482,35.4937816379159,24.2669195109017
"NM_001024747",1536.92320836129,1331.61185754008,1692.34377064726,1335.47960987469,1216.99911561238,1112.13516490205
"NM_001103356",897.692384463278,970.800860212605,857.066802302045,1031.4285451984,1155.24965988614,1166.58776478018
"NM_032063",71.5384676564566,43.8554803381464,50.8429458992738,341.653124536515,209.072960332929,317.837457984249
"NM_001107466",943.846234564217,821.293540878015,871.593358273266,895.980265056708,1141.63560665516,970.084904350435
"NM_053590",4527.69269490219,4572.930540714,4216.33287064692,3200.62264358705,3161.37764670862,3202.04962326776
"NM_001108903",66.9230826463626,53.8226349604525,32.6847509352475,164.559552291552,160.451341650853,165.725303976889
"NM_031638",486.923118564914,362.804428251939,544.745848920791,341.653124536515,418.145920665858,372.29005786237
"NM_001107465",394.615418363035,464.46940539946,414.006845179801,524.407221921728,544.075913052436,370.514429605474
"NM_001009687",491.538503575008,542.213211453447,571.983141366831,337.205569069176,404.531867434877,304.224308014719
"NM_001107468",55.3846201211277,85.7175297518317,70.8169603597028,67.5219784586959,64.180536660341,67.4738737620193
"NM_001014158",168.46155286843,99.6715462230601,61.7378628776897,174.667632899142,164.341071145419,191.175975659055
"NM_001168642",66.9230826463626,53.8226349604525,69.0011408633002,38.0063830845354,83.1429679463509,41.4313259942224
"NM_031713",9.23077002018795,13.9540164712284,12.7107364748185,22.2377773366963,11.6691884836984,37.2881933948001
"NM_001037357",32.3076950706578,49.83577311153,88.9751553237292,38.8150295331426,105.508912540106,40.8394499085906
"NM_138870",136.153857797772,159.474473956896,170.687032661848,116.445088599428,118.150533397446,147.377145322305
"NM_001106218",219.230787979464,133.559871938901,168.871213165445,248.254459722391,249.915120025873,274.038627647499
"NM_001034104",16.1538475353289,23.9211710935344,16.3423754676237,23.8550702339105,18.4762150991891,19.5319108258477
"NM_001106219",558.461586221371,538.226349604525,553.824946402804,536.941241875139,466.767539347935,513.748442328357
"NM_001184973",11.5384625252349,59.8029277338361,23.6056534532343,25.0680399068212,12.1554046705191,29.5938042815874
"NM_001107471",567.692356241559,602.016139187283,651.879199208547,728.186126970727,527.05834651371,701.965037559253
"NM_183332",2314.61558256213,2144.93167472025,1973.79579258967,1453.13766814702,1851.02502322665,1567.28787475287
"NM_012628",25.3846175555169,25.9146020179956,27.2372924460396,26.281009579732,22.3659445937552,31.9613086241144
"NR_032761",30.0000025656108,33.8883257158404,7.26327798561055,21.4291308880891,9.72432373641531,18.9400347402159
"NM_001169142",1047.69239729133,659.825635996658,243.319812517953,697.861885147959,355.9102487528,717.94569187131
"NR_032760",43.8461575958927,13.9540164712284,5.44745848920791,23.8550702339105,13.1278370441607,13.6131499695302
"NR_037337",78.4615451715975,25.9146020179956,5.44745848920791,27.8983024769462,27.7143226487836,27.2262999390604
"NR_031939",73.8461601615036,23.9211710935344,14.5265559712211,23.8550702339105,18.4762150991891,27.2262999390604
"NR_031938",73.8461601615036,41.8620494136852,14.5265559712211,35.9847669630176,10.6967561100568,29.0019281959557
"NR_031937",99.2307777170204,53.8226349604525,29.0531119424422,40.4323224303568,23.8245931542175,30.1856803672192
"NM_001025639",16.1538475353289,9.96715462230601,7.26327798561055,0.808646448607137,3.88972949456612,3.55125651379049
"NM_001191620",129.230780282631,133.559871938901,150.713018201419,103.911068646017,76.8221575176809,82.270775902813
"NM_001025677",27.6923100605638,25.9146020179956,39.948028920858,41.240968878964,32.5764845169913,56.8201042206478
"NM_001308536",76.1538526665505,103.658408071982,85.3435163309239,117.658058272338,64.180536660341,116.007712783823
"NM_001107472",147.692320323007,97.6781152985989,143.449740215808,147.577976870802,149.268369353975,149.744649664832
"NM_001304816",1306.15395785659,2302.41271775269,1518.0250989926,894.362972159493,894.151567563388,846.3828024534
"NM_001008557",43.8461575958927,55.8160658849137,38.1322094244554,52.5620191594639,83.6291841331716,73.3926346183368
"NM_001169143",433.846190948833,334.896395309482,305.057675395643,412.40968878964,335.489168906328,304.81618410035
"NM_001108904",327.692335716672,344.863549931788,357.716440791319,395.42811336889,423.008082534066,429.702038168649
"NM_001166675",94.6153927069264,133.559871938901,154.344657194224,62.2657765427495,51.5389158030011,69.8413781045463
"NM_057136",2986.1541015308,2725.02007373846,2251.61617553927,3312.62017671914,3253.75872220456,3335.81361862053
"NM_001108905",304.615410666202,253.165727406573,301.426036402838,192.053531544195,181.844853870966,206.56475388548
"NM_001106223",339.230798241907,360.810997327478,415.822664676204,322.245609769944,351.048086884593,403.06761431522
"NM_001134544",173.076937878524,135.553302863362,119.844086762574,216.717248226713,167.258368266343,208.932258228007
"NM_001317059",13.8461550302819,23.9211710935344,23.6056534532343,24.2593934582141,25.7694579015006,39.6556977373271
"NM_001126276",9.23077002018795,25.9146020179956,12.7107364748185,22.6421005609998,29.1729712092459,30.7775564528509
"NM_001145175",4.61538501009397,3.9868618489224,7.26327798561055,7.6821412617678,6.80702661549071,2.36750434252699
"NM_001108466",34.6153875757048,29.901463866918,12.7107364748185,29.1112721498569,35.9799978247366,31.9613086241144
"NM_001106224",602.307743817263,623.943879356356,749.933452014289,960.671980945279,660.281581702599,729.191337498314
"NM_001008367",593.076973797076,508.324885737607,372.242996762541,630.339906689263,904.362107486624,671.779357192034
"NM_022697",2776.15408357152,2595.44706364848,2736.43998107877,2134.82662432284,1833.52124050111,2365.7287142701
"NM_001127337",13.8461550302819,15.9474473956896,23.6056534532343,38.8150295331426,44.7318891875104,36.6963173091684
"NM_001107476",48.4615426059867,19.934309244612,36.3163899280527,48.9231101407318,51.5389158030011,77.535767217759
"NM_001107475",579.230818766794,438.554803381464,459.402332589867,655.407946596084,581.028343250815,613.183624714491
"NM_001109604",4883.07734067942,2858.57994567736,2327.88059438818,7714.08279648778,6970.39525426249,9342.76401169714
"NM_001135849",3558.46184278245,3685.85377932876,3495.45253057508,4417.63554874079,4252.93298612123,4127.15194511018
"NM_001191945",113.076932747302,51.8292040359912,38.1322094244554,62.2657765427495,151.213234101258,103.578314985556
"NM_001191946",826.153916806821,701.687685410343,851.619343812837,956.628748702243,887.830757134717,893.73288930394
"NM_001108468",378.461570827706,382.738737496551,335.926606834488,334.375306499051,302.426468202516,324.93997101183
"NM_017144",11.5384625252349,11.9605855467672,3.63163899280527,17.790221869357,7.77945898913225,10.0618934557397
"NM_057199",13.8461550302819,11.9605855467672,5.44745848920791,12.9383431777142,13.1278370441607,8.87814128447622
"NM_001013894",78.4615451715975,69.7700823561421,121.659906258977,14.5556360749285,24.3108093410383,17.1644064833207
"NM_001037790",3911.53879605464,3917.09176656626,3742.40398208583,3690.66239144297,3225.55818336896,3849.56206094889
"NM_001108469",147.692320323007,143.527026561207,219.714159064719,32.3458579442855,35.9799978247366,24.2669195109017
"NM_001076793",184.615400403759,143.527026561207,148.897198705016,251.893368741123,233.383769673967,272.854875476236
"NM_001107477",203.076940444135,207.316816143965,177.950310647458,228.84694495582,167.744584453164,193.543480001582
"NM_001277243",2506.15406048103,1026.61692609752,916.988845683332,162.942259394338,165.31350351906,163.357799634362
"NM_001108471",1742.30784131047,1546.90239738189,1628.79008827317,1576.45625155961,1465.45558707779,1384.39816429266
"NM_001107478",163.846167858336,143.527026561207,134.370642733795,174.263309674838,138.085397057097,181.114082203315
"NM_001108906",1008.46162470553,1208.01914022349,1040.46457143871,759.319015242102,779.890763660508,851.709687224086
"NM_024143",15133.8474480981,7897.97332271528,4336.1769574095,23358.9656376901,14296.7007572778,25563.1281384352
"NM_053916",2462.30790288513,2378.16309288221,3043.31347597082,2560.1746562902,2498.66498407191,2321.33800784772
"NM_001024268",346.153875757048,478.423421870688,680.932311150989,704.331056736816,410.852677863547,575.895431319691
"NM_001170601",3131.53872934876,4792.20794240473,3835.01077640237,3263.6970665784,3601.88951196823,3086.04191048393
"NM_131903",3180.00027195475,1443.24398930991,2380.53935978386,15242.1769097959,6211.41178663528,28972.9262677597
"NM_013027",1144.61548250331,1132.26876509396,1042.28039093511,361.46496252739,369.524301983782,512.564690157094
"NM_001024897",129.230780282631,129.573010089978,105.317530791353,179.519511590784,140.03026180438,211.891638656166
"NM_001106226",443.076960969021,476.429990946227,443.059957122243,531.280716734889,456.556999424699,550.444759637526
"NM_001108472",50.7692351110337,23.9211710935344,29.0531119424422,26.6853328040355,24.797025527859,42.6150781654859
"NM_001107457",108.461547737208,111.632131769827,87.1593358273266,130.596401450053,98.2156697377946,133.172119267143
"NM_080585",2665.38484332927,2441.95288246497,2242.53707805726,2153.0211694165,2580.83551964462,2711.97622436467
"NM_001012063",1070.7693223418,974.787722061528,1113.09735129482,971.993031225779,869.354542035528,893.141013218308
"NM_001106227",489.230811069961,364.7978591764,421.270123165412,526.024514818943,556.231317722956,610.224244286332
"NM_175758",80.7692376766445,37.8751875647628,138.0022817266,38.410706308839,48.6216186820765,95.2920497867114
"NM_001013895",210.000017959276,223.264263539655,286.899480431617,299.199185984641,221.714581190269,288.835529788293
"NM_001025678",270.000023090497,320.942378838253,292.346938920825,304.455387900587,292.21592827928,278.181760246922
"NM_012518",1296.92318783641,1108.34759400043,1035.0171129495,970.780061552868,958.332104223728,999.086832546391
"NM_001191947",13.8461550302819,7.97372369784481,7.26327798561055,20.2161612151784,24.797025527859,19.5319108258477
"NM_001077644",6.92307751514096,9.96715462230601,19.974014460429,26.6853328040355,31.6040521433497,26.6344238534287
"NM_031729",1223.0770276749,918.971656176614,1138.51882424445,1164.04656276997,1184.42263109538,1123.97268661469
"NM_001009533",2.30769250504699,3.9868618489224,9.07909748201318,16.9815754207499,6.80702661549071,10.6537695413715
"NM_001017468",4.61538501009397,9.96715462230601,10.8949169784158,10.9167270561963,3.40351330774536,13.6131499695302
"NM_001107483",378.461570827706,402.673046741163,310.505133884851,644.895542764192,651.529690339826,606.08111168691
"NM_017077",205.384632949182,269.113174802262,319.584231366864,1237.63338959322,2118.9301421649,1254.77730153931
"NM_001109139",6.92307751514096,7.97372369784481,10.8949169784158,11.7253735048035,7.77945898913225,18.3481586545842
"NM_001106230",713.076984059519,803.352662557864,666.405755179768,630.744229913567,541.644832118333,657.574331136872
"NM_001109399",740.769294120083,926.945379874459,1056.80694690633,522.38560580021,574.707532822145,605.489235601278
"NM_001025642",263.076945575356,213.297108917349,197.924325107887,233.698823647463,201.779717530618,256.282345078547
"NM_001108475",648.461593918203,566.134382546981,1053.17530791353,706.352672858334,686.537255790921,671.187481106402
"NM_001107486",851.538534362338,695.707392636959,744.485993525081,642.873926642674,639.860501856127,584.773572604167
"NM_001025680",41.5384650908458,43.8554803381464,50.8429458992738,40.4323224303568,49.1078348688973,40.8394499085906
"NM_138921",567.692356241559,472.443129097305,777.170744460329,477.101404678211,446.832675688283,481.787133704243
"NM_001106228",237.69232801984,221.270832615193,234.24071503594,196.096763787231,197.403771849231,251.547336393493
"NM_001109416",113.076932747302,149.50731933459,230.609076043135,88.9511093467851,127.874857133861,99.4351823861337
"NM_138520",18.4615400403759,7.97372369784481,27.2372924460396,13.7469896263213,25.7694579015006,19.5319108258477
"NM_001107482",1003.84623969544,809.332955331248,806.223856402771,1035.87610066574,1150.38749801793,1183.7521712635
"NM_001109410",1107.69240242255,751.523458521873,684.563950143794,564.839544352085,663.685095010345,773.582043920695
"NM_001191071",376.153878322659,314.96208606487,388.585372230164,409.175102995211,484.757538260303,475.276496762294
"NR_031787",2.30769250504699,5.98029277338361,7.26327798561055,5.66052514024996,0.972432373641531,0.591876085631748
"NM_212520",1213.84625765471,1590.75787772004,1545.26239143864,757.701722344887,740.021036341205,636.858668139761
"NM_012824",80.7692376766445,13.9540164712284,3.63163899280527,36.7934134116247,28.2005388356044,31.9613086241144
"NM_001106232",4931.53888328541,4190.19180321745,4461.46850266128,4796.48640991323,3967.52408445745,4527.26017899724
"NM_001109419",3657.69262049947,3540.33332184309,2972.49651561112,4937.19089197087,4747.90106430477,7237.46077510502
"NM_001085352",5416.15430934528,3630.03771344385,3426.45138971178,13889.7157245005,16118.5528092952,18817.5163904902
"NM_001270684",90.0000076968325,95.6846843741377,72.6327798561055,59.4355139726246,65.6391852208033,71.0251302758098
"NM_001270683",48.4615426059867,5.98029277338361,10.8949169784158,11.7253735048035,11.6691884836984,8.87814128447622
"NM_001270682",43.8461575958927,13.9540164712284,21.7898339568316,9.29943415898207,9.23810754959454,13.6131499695302
"NM_031752",205.384632949182,251.172296482111,179.766130143861,263.214419021623,229.980256366222,300.673051500928
"NM_001034920",71.5384676564566,9.96715462230601,79.896057841716,38.0063830845354,55.4286452975673,40.2475738229589
"NM_001109422",1070.7693223418,883.089899536312,1405.44429021564,387.341648882819,335.975385093149,329.083103611252
"NM_001170324",101.538470222067,155.487612107974,161.607935179835,125.74452275841,123.012695265654,141.458384465988
"NM_017076",440.769268463974,769.464336842024,1414.52338769765,96.6332506085529,162.396206398136,81.0870237315495
"NM_001107487",32.3076950706578,31.8948947913792,25.4214729496369,25.0680399068212,21.3935122201137,31.9613086241144
"NM_133323",143.076935312913,107.645269920905,188.845227625874,182.349774160909,188.165664299636,150.336525750464
"NM_001037212",124.615395272537,143.527026561207,145.265559712211,88.9511093467851,86.5464812540962,108.905199756242
"NM_001017512",281.538485615732,342.870119007327,295.97857791363,332.758013601837,427.384028215453,427.334533826122
"NM_001014243",244.615405534981,257.152589255495,339.558245827293,202.970258600391,201.293501343797,230.23979731075
"NM_001047107",57.6923126261747,13.9540164712284,18.1581949640264,49.3274333650353,94.3259402432285,95.2920497867114
"NM_001108476",43.8461575958927,27.9080329424568,30.8689314388448,21.4291308880891,24.3108093410383,34.3288129666414
"NM_001191622",274.615408100591,426.594217834697,993.253264532242,159.303350375606,93.3535078695869,130.212738838985
"NM_001106234",983.077007150016,1489.09290057252,1318.28495438831,838.162043981297,1541.30531222183,1237.02101897035
"NM_053435",1061.53855232161,865.149021216162,768.091646978315,711.60887477428,719.113740307912,851.117811138454
"NM_021759",2.30769250504699,3.9868618489224,7.26327798561055,12.5340199534106,2.91729712092459,4.73500868505398
"NM_173339",11.5384625252349,75.7503751295257,21.7898339568316,33.1545043928926,13.6140532309814,22.4912912540064
"NM_001037346",189.230785413853,201.336523370581,239.688173525148,95.0159577113386,81.6843193858886,75.7601389608638
"NM_012506",9.23077002018795,5.98029277338361,27.2372924460396,9.70375738328564,5.83459424184918,13.0212738838985
"NM_031774",2776.15408357152,3037.98872887887,2658.35974273346,1516.21209113838,1565.12990537604,1603.98419206204
"NM_001271204",16.1538475353289,19.934309244612,25.4214729496369,20.2161612151784,16.0451341650853,14.7969021407937
"NM_001024258",403.846188383223,464.46940539946,473.928888561088,473.462495659479,423.494298720887,481.195257618611
"NM_001170335",789.230836726069,861.162159367239,829.829509856005,1011.61670720753,1094.47263653354,978.963045634911
"NM_017344",888.46161444309,1044.55780441767,922.43630417254,780.343822905887,789.128871210102,780.092680862644
"NM_053654",78.4615451715975,83.7240988273705,101.685891798548,66.7133320100888,41.3283758797651,41.4313259942224
"NM_012859",251.538483050122,279.080329424568,199.74014460429,262.405772573016,314.581872873035,256.874221164179
"NM_012782",5457.69277443612,5400.2043743654,4120.09443733758,4340.0054896745,4494.09621478433,5593.82088530565
"NM_001009705",826.153916806821,869.135883065084,798.96057841716,661.472794960638,685.078607230458,668.228100678244
"NM_001107494",69.2307751514096,39.868618489224,61.7378628776897,51.7533727108568,40.8421596929443,42.0232020798541
"NM_001106235",690.000059009049,749.530027597412,726.327798561055,644.491219539888,585.890505119022,632.123659454707
"NM_001108477",2734.61561848068,2890.47484046874,2948.89086215788,3056.27925251067,2771.43226487836,3072.4287605144
"NM_021578",244.615405534981,181.402214125969,232.424895539538,238.955025563409,261.098092322751,263.97673419176
"NM_001107495",53.0769276160807,37.8751875647628,41.7638484172606,33.1545043928926,44.2456730006896,24.8587955965334
"NM_001134844",104030.778127518,108777.538685999,46194.4479884831,182.349774160909,772.111304671375,81.6788998171812
"NM_001198676",84440.7764521743,62286.7426657147,24638.8547466874,8047.24513331392,4340.93811593579,5468.34315515172
"NM_012692",5810.76972770831,5465.98759487262,4454.20522467567,7092.6380007332,8295.33436334908,8733.13164349644
"NM_001170586",750.000064140271,1208.01914022349,904.278109208513,1184.26272398515,1127.53533723735,1086.09261713426
"NM_019303",1047.69239729133,903.024208780924,842.540246330823,1250.16740954663,1471.29018131964,1805.22206117683
"NM_178094",270.000023090497,261.139451104417,412.191025683399,222.377773366963,256.722146641364,213.075390827429
"NM_134369",655.384671433344,440.548234305926,443.059957122243,955.011455805029,1092.52777178626,1241.75602765541
"NM_017355",330.000028221719,283.067191273491,335.926606834488,313.350498835266,294.647009213384,304.81618410035
"NM_001004083",1901.53862415872,1628.6330652848,1592.47369834511,2225.79934979114,2520.54471247885,2593.00913115269
"NM_001008303",316.153873191437,332.902964385021,384.953733237359,268.470620937569,237.759715355354,229.056045139487
"NM_001346308",456.923115999303,558.160658849137,588.325516834454,387.745972107122,356.882681126442,411.945755599697
"NM_001271080",265.384638080403,225.257694464116,246.951451510759,329.927751031712,274.712145553732,382.943827403741
"NM_001033888",11.5384625252349,25.9146020179956,39.948028920858,16.9815754207499,6.32081042866995,7.10251302758098
"NM_001170336",1502.30782078559,701.687685410343,897.014831222903,2495.07861717732,2043.08041702086,3393.22559892681
"NM_001106236",3690.00031557013,3522.39244352294,3517.24236453191,2755.86709685312,2393.64228771863,2039.01311500137
"NM_001017513",92.3077002018795,91.6978225252153,85.3435163309239,162.942259394338,57.8597262316711,167.500932233785
"NM_001007735",184.615400403759,191.369368748275,188.845227625874,217.930217899623,241.1632286631,247.404203794071
"NM_001024776",4.61538501009397,7.97372369784481,9.07909748201318,17.3858986450534,14.586485604623,9.47001737010797
"NM_001109664",242.307713029934,259.146020179956,194.292686115082,270.896560283391,305.343765323441,240.893566852121
"NM_023976",85.3846226867385,53.8226349604525,90.7909748201318,120.488320842463,82.6567517595301,116.599588869454
"NM_001012167",846.923149352244,926.945379874459,913.357206690526,1079.54300889053,787.67022264964,797.257087345965
"NM_001191621",161.538475353289,137.546733787823,150.713018201419,173.454663226231,157.534044529928,150.928401836096
"NM_001164657",9.23077002018795,5.98029277338361,5.44745848920791,7.27781803746423,10.6967561100568,16.5725303976889
"NM_057122",2893.84640132892,3321.05592015236,3075.99822690607,2359.22601381132,2116.49906123079,2102.34385616397
"NM_001329142",34.6153875757048,43.8554803381464,36.3163899280527,57.4138978511067,42.7870244402273,67.4738737620193
"NM_001107496",410.769265898364,275.093467575646,332.294967841683,365.508194770426,286.381334037431,446.86644465197
"NM_001025643",1262.3078002607,1090.40671568028,1499.86690402858,702.713763839602,692.37185003277,674.738737620193
"NM_001134972",147.692320323007,141.533595636745,219.714159064719,236.933409441891,333.544304159045,240.893566852121
"NM_001169146",7892.30836726069,9708.00860212605,9691.02865230087,5138.13953444975,5343.02967697339,5815.18254133193
"NM_133290",1059.23085981657,1871.83163806907,2211.66814661841,1745.4633593185,4363.79027671637,1190.26280820545
"NM_001107497",3180.00027195475,3773.56474000506,3273.92255201395,2578.36920138386,2846.30955764876,2442.67260540222
"NM_001024898",1029.23085725096,1098.38043937812,1129.43972676244,1284.53488361244,1225.26479078833,1054.13130851014
"NM_001106237",447.692345979115,508.324885737607,472.113069064686,345.696356779551,317.012953807139,406.026994743379
"NM_181091",214.61540296937,197.349661521659,219.714159064719,186.393006403945,192.055393794202,215.442895169956
"NM_001107498",715.384676564566,791.392077011097,808.039675899173,695.031622577834,759.955900000856,618.510509485177
"NM_001106238",498.461581090149,384.732168421012,564.71986338122,547.049322482728,503.233753359492,520.850955355938
"NM_030867",627.69236137278,663.81249784558,920.620484676137,348.122296125372,341.809979334998,293.570538473347
"NM_001106240",286.153870625826,360.810997327478,301.426036402838,288.282458928444,263.529173256855,319.021210155512
"NM_001106239",985.384699655063,827.273833651399,840.724426834421,708.778612204155,724.948334549761,836.912785083292
"NM_001110491",92.3077002018795,101.664977147521,152.528837697822,33.5588276171962,48.6216186820765,35.5125651379049
"NM_022594",3590.76953785311,3990.84871077133,2153.56192273353,4365.07352958132,2856.520097572,2532.63777041825
"NM_001110808",34.6153875757048,15.9474473956896,23.6056534532343,25.4723631311248,17.5037827255476,24.2669195109017
"NM_001134760",53.0769276160807,15.9474473956896,14.5265559712211,8.49078771037494,4.37594568138689,7.10251302758098
"NM_001106241",64.6153901413156,31.8948947913792,81.7118773381187,107.954300889053,84.6016165068132,66.8819976763875
"NM_001106242",830.769301816915,1052.53152811551,1067.70186388475,532.898009632103,536.296454063304,593.059837803012
"NM_001106243",103.846162727114,65.7832205072197,152.528837697822,118.062381496642,122.526479078833,164.541551805626
"NM_001100831",5453.07738942603,5749.05478614611,5772.49017906398,3479.20134513221,3567.36816270396,3292.01478828378
"NM_001173344",11.5384625252349,23.9211710935344,27.2372924460396,19.0031915422677,19.4486474728306,17.1644064833207
"NM_053806",62.3076976362686,37.8751875647628,45.3954874100659,87.7381396738744,99.6743182982569,130.804614924616
"NM_001170340",260.769253070309,227.251125388577,176.134491151056,164.559552291552,168.717016826806,188.808471316528
"NM_198734",20.7692325454229,13.9540164712284,14.5265559712211,4.04323224303568,7.77945898913225,0.591876085631748
"NM_130403",339.230798241907,151.500750259051,250.583090503564,314.96779173248,446.832675688283,343.880005752046
"NM_001013066",152.307705333101,133.559871938901,181.581949640264,149.59959299232,142.947558925305,130.804614924616
"NM_001107500",230.769250504699,231.237987237499,214.266700575511,278.578701545159,289.784847345176,310.143068871036
"NM_001271339",80.7692376766445,73.7569442050645,94.4226138129371,86.5251700009636,67.5840499680864,76.3520150464955
"NM_001134726",108.461547737208,103.658408071982,136.186462230198,99.8678364029814,105.022696353285,97.6595541292384
"NM_017364",996.923162180298,1090.40671568028,1187.54595064732,993.017838889564,1184.90884728221,1158.89337566696
"NM_001177687",830.769301816915,1070.47240643567,1018.67473748188,370.360073462069,453.153486116953,350.390642693995
"NM_001107502",32.3076950706578,5.98029277338361,14.5265559712211,17.790221869357,38.4110787588405,59.1876085631748
"NM_001127450",198.461555434041,143.527026561207,237.872354028745,181.945450936606,113.774587716059,197.094736515372
"NM_001009283",512.307736120431,316.955516989331,143.449740215808,43.2625850004818,182.331070057787,66.8819976763875
"NM_001005900",18.4615400403759,11.9605855467672,12.7107364748185,19.0031915422677,13.1278370441607,13.6131499695302
"NM_212525",290.76925563592,171.435059503663,341.374065323696,296.773246638819,276.170794114195,371.698181776738
"NM_001100802",108.461547737208,101.664977147521,205.187603093498,260.788479675802,155.589179782645,193.543480001582
"NM_001040180",805.384684261398,1044.55780441767,1073.14932237396,746.784995288691,584.918072745381,681.841250647774
"NM_017118",2240.76942240062,2433.97915876713,2741.88743956798,2674.1938055438,2334.32391292649,2514.28961176367
"NM_001038588",1737.69245630038,1365.50018325592,1243.83635503581,5024.92903164475,3682.60139898048,5835.30632824341
"NM_001106244",341.538490746954,416.627063212391,303.24185589924,304.455387900587,299.509171081591,288.835529788293
"NM_001145273",583.846203776888,584.075260867132,561.088224388415,480.335990472639,601.935639284108,636.858668139761
"NM_001106245",258.461560565262,219.277401690732,236.056534532343,273.322499629212,292.21592827928,300.081175415296
"NM_001008775",343.846183252001,303.001500518103,323.215870359669,255.127954535552,226.090526871656,250.955460307861
"NM_001014159",1236.92318270518,1688.43599301864,1570.68386438828,1178.1978756206,1087.66560991805,1101.48139536068
"NM_138887",103.846162727114,91.6978225252153,63.5536823740923,122.105613739678,111.829722968776,104.762067156819
"NM_001008764",1906.15400916881,1437.26369653653,1487.15616755376,1836.84040801111,1520.39801618853,1669.68243756716
"NM_001134610",6.92307751514096,11.9605855467672,10.8949169784158,13.7469896263213,11.6691884836984,10.6537695413715
"NM_023964",13.8461550302819,7.97372369784481,5.44745848920791,13.3426664020178,10.2105399232361,12.4293977982667
"NM_001198590",6.92307751514096,9.96715462230601,5.44745848920791,14.5556360749285,5.83459424184918,7.69438911321273
"NM_001038494",1243.84626022033,1317.65784106885,1514.3934599998,569.691423043728,509.554563788162,585.957324775431
"NM_001107503",156.923090343195,131.566441014439,134.370642733795,283.430580236801,293.674576839742,299.489299329665
"NM_053469",26130.002234647,9943.23345121247,32642.9870868302,13400.0802998689,1040.01642360962,6105.20182329148
"NM_032616",3309.23105223738,2264.53753018793,3199.47395266145,2348.71360997943,3243.0619660945,2761.10193947211
"NM_031648",1887.69246912843,988.741738532756,907.909748201318,1386.42433613694,1507.27017914437,1325.80243181512
"NM_001014160",438.461575958927,362.804428251939,475.744708057491,471.845202762264,499.830240051747,514.340318413989
"NM_017112",10433.0778153174,8316.59381685214,6351.73659841642,10561.3269420335,10619.4477363523,11646.9376130615
"NM_001100579",759.230834160458,980.768014834911,933.331221150955,827.649640149405,864.492380167321,770.030787406904
"NM_001271233",1114.61547993769,1012.66290962629,1031.3854739567,1088.43811982521,993.339669674824,1061.82569762336
"NM_207592",5259.23121900208,5404.19123621432,3778.72037201389,3326.77148956976,3126.37008125752,4021.79800186773
"NM_001109544",159.230782848242,201.336523370581,205.187603093498,122.914260188285,127.874857133861,116.007712783823
"NM_001127552",1470.00012571493,1491.08633149698,1516.2092794962,1588.99027151302,1648.75908950922,1534.73469004312
"NM_001109141",20.7692325454229,39.868618489224,54.4745848920791,31.1328882713748,40.3559435061235,17.1644064833207
"NM_053726",41.5384650908458,67.7766514316809,38.1322094244554,65.5003623371781,89.4637783750208,44.9825825080129
"NM_053541",2856.92332124817,2511.72296482111,1997.4014460429,3160.19032115669,3908.20570966531,2985.42297592654
"NM_001107505",429.230805938739,384.732168421012,483.007986043101,315.776438181087,255.749714267723,362.820040492262
"NM_001109335",46.1538501009397,37.8751875647628,47.2113069064686,39.6236759817497,50.5664834293596,54.4525998781208
"NM_001106247",881.538536927949,777.438060539869,889.751553237292,629.126937016352,633.539691427457,672.963109363298
"NM_001271264",2706.92330842012,2280.48497758362,1995.5856265465,2696.4315828805,3573.68897313263,2905.51970436625
"NM_001004258",960.000082099546,713.64827095711,677.300672158183,586.672998464478,1038.07155886233,967.717400007908
"NM_001135835",9565.38543341976,10955.8963608388,9296.9958215815,8580.95178939463,8938.11216232613,9309.61895090177
"NM_001107506",32.3076950706578,33.8883257158404,18.1581949640264,16.1729289721427,13.6140532309814,18.9400347402159
"NM_001013148",170.769245373477,233.231418161961,252.398909999967,323.054256218551,299.509171081591,416.680764284751
"NM_001009642",378.461570827706,396.692753967779,328.663328848877,370.764396686372,381.19349046748,317.837457984249
"NM_001108913",2.30769250504699,19.934309244612,3.63163899280527,3.23458579442855,6.80702661549071,14.7969021407937
"NM_133540",13.8461550302819,15.9474473956896,34.5005704316501,33.9631508414997,31.117835956529,41.4313259942224
"NM_001106249",131.538472787678,77.7438060539869,67.1853213668976,218.334541123927,162.396206398136,337.369368810096
"NM_001004220",4303.84652191263,3775.55817092952,2997.91798856075,5290.16506678789,5497.64642438239,5917.57710414622
"NM_001014017",11.5384625252349,11.9605855467672,25.4214729496369,10.1080806075892,11.6691884836984,9.47001737010797
"NM_001106251",300.000025656108,285.060622197952,270.557104963993,191.649208319891,249.428903839053,198.278488686636
"NM_001014018",323.076950706578,364.7978591764,477.560527553894,176.689249020659,293.188360652922,203.01349737169
"NM_001107510",9.23077002018795,7.97372369784481,9.07909748201318,10.5124038318928,12.6416208573399,6.51063694194923
"NM_019122",55.3846201211277,21.9277401690732,34.5005704316501,107.954300889053,116.691884836984,168.684684405048
"NM_001012459",34.6153875757048,23.9211710935344,30.8689314388448,69.5435945802138,71.9599956494733,87.5976606734987
"NM_001009643",1643.07706359345,964.820567439222,815.302953884784,2780.12649031134,2657.17146097548,2942.21602167542
"NM_001271081",4.61538501009397,1.9934309244612,1.81581949640264,4.04323224303568,5.83459424184918,5.91876085631748
"NM_021662",161.538475353289,197.349661521659,274.188743956798,263.618742245927,123.985127639295,172.235940918839
"NM_001024286",13.8461550302819,19.934309244612,23.6056534532343,36.3890901873212,36.9524301983782,44.3907064223811
"NM_001106257",4.61538501009397,13.9540164712284,7.26327798561055,8.08646448607137,6.80702661549071,1.77562825689524
"NM_001106256",609.230821332404,679.75994524127,715.432881582639,441.116637715193,417.173488292217,443.907064223811
"NM_001004221",1986.92324684546,1939.60828950075,2097.27151834505,1447.47714300678,1498.03207159478,1577.34976820861
"NM_031670",182.307707898712,95.6846843741377,214.266700575511,192.862177992802,199.834852783335,255.690468992915
"NM_031626",1361.53857797772,1249.88118963717,1271.07364748185,1421.19613342704,1358.0018097904,1504.5490096759
"NM_001100690",623.076976362686,440.548234305926,588.325516834454,262.405772573016,426.897812028632,361.636288320998
"NM_172336",14356.1550738973,6044.08256296636,6707.63721971134,20142.5743883552,10356.4047792823,11671.2045325724
"NM_001005561",1403.07704306857,1198.05198560118,1238.3888965466,989.783253095136,965.62534702604,1078.39822802105
"NM_001037646",226.153865494605,179.408783201508,197.924325107887,137.469896263213,153.158098848541,157.439038778045
"NM_001170426",1384.61550302819,1714.35059503663,1639.68500525158,943.690405524529,1032.23696462048,1154.15836698191
"NM_001107511",2286.92327250156,2089.11560883534,2505.83090503564,1939.13418375991,1893.81204766688,1937.80230435834
"NM_001106259",1389.23088803829,1331.61185754008,1539.81493294944,1175.36761305047,1133.3699314792,1093.78700624747
"NM_001106258",1412.30781308876,1383.44106157607,1410.89174870485,1235.2074502474,1006.46750671898,1243.5316559123
"NM_001008304",1770.00015137104,1622.65277251142,1857.5833448199,1614.86695786845,1592.35801183801,1737.15631132918
"NM_001004259",406.15388088827,416.627063212391,441.244137625841,310.924559489444,330.1407908513,337.369368810096
"NM_001106260",627.69236137278,602.016139187283,679.116491654586,450.820395098479,444.40159475418,488.297770646192
"NM_024363",94.6153927069264,161.467904881357,196.108505611485,83.2905842065351,103.564047792823,107.129571499346
"NM_001034925",34.6153875757048,27.9080329424568,41.7638484172606,58.6268675240174,35.9799978247366,71.6170063614415
"NM_019384",2067.6924845221,2228.65577354762,2389.61845726587,2187.79296670661,2203.04554248489,2083.99569750939
"NM_001108481",1052.30778230143,763.48404406864,1024.12219597109,445.968516406836,491.564564875794,470.54148807724
"NM_001108480",161.538475353289,113.625562694289,94.4226138129371,103.911068646017,95.29837261687,130.804614924616
"NM_001108482",140.769242807866,73.7569442050645,107.133350287756,117.658058272338,123.012695265654,132.580243181512
"NM_001006969",3173.07719443961,2252.57694464116,2602.06933834498,2918.00070979885,2699.47226922889,2924.45973910647
"NM_001033706",1673.07706615907,1465.17172947898,1670.55393669043,1627.80530104617,1379.39532201051,1834.22398937279
"NM_001024868",258.461560565262,259.146020179956,245.135632014356,220.760480469748,193.027826167844,189.992223487791
"NM_031110",5376.92353675948,8998.34719301787,8743.1708751787,4843.79222715675,4912.24213545019,5328.068522857
"NM_033351",4031.53880631709,3221.3843739293,2845.38915086293,4536.50657668604,4283.56460589094,4748.62183502351
"NM_001305939",129.230780282631,93.6912534496765,152.528837697822,122.914260188285,115.719452463342,165.133427891258
"NM_173340",1015.38470222067,2667.21057692909,2754.5981760428,1645.19119969122,1535.9569341668,1736.56443524355
"NM_001008694",173.076937878524,131.566441014439,127.107364748185,189.22326897407,201.779717530618,260.425477677969
"NM_001136229",212.307710464323,199.34309244612,241.503993021551,125.340199534106,198.376204222872,97.0676780436067
"NM_017124",71.5384676564566,35.8817566403016,81.7118773381187,93.3986648141243,100.646750671898,104.762067156819
"NM_181369",9.23077002018795,7.97372369784481,9.07909748201318,37.1977366359283,42.7870244402273,54.4525998781208
"NM_001107512",124.615395272537,65.7832205072197,121.659906258977,95.0159577113386,75.3635089572186,108.905199756242
"NM_001109615",99.2307777170204,169.441628579202,105.317530791353,117.253735048035,150.727017914437,143.825888808515
"NM_022500",4968.46196336616,10501.3941100616,12274.9397956818,10663.6207177823,7652.55656437203,7618.62897425186
"NM_001025405",784.615451715975,787.405215162175,987.805806043034,432.625850004818,404.045651248056,366.371297006052
"NM_017059",775.384681695787,809.332955331248,1038.64875194231,416.857244256979,370.982950544244,417.864516456014
"NM_001108483",3334.6156697929,3608.10997327478,3352.00279035927,3396.31508414998,2951.81847018887,3357.12115770328
"NM_001012168",6.92307751514096,17.9408783201508,5.44745848920791,10.9167270561963,2.91729712092459,9.47001737010797
"NM_022400",300.000025656108,291.040914971335,279.636202446006,255.127954535552,190.110529046919,233.199177738909
"NM_053463",12166.1548866077,11344.6153911087,11850.0380335236,7920.2876408826,7224.20010378293,9169.34431860704
"NM_001191111",249.230790545075,328.916102536098,179.766130143861,340.035831639301,194.000258541485,291.20303413082
"NM_133546",593.076973797076,940.899396345687,1616.07935179835,270.087913834784,1417.32018458253,225.504788625696
"NM_199101",207.692325454229,183.395645050431,121.659906258977,190.031915422677,216.366203135241,231.423549482014
"NM_031102",4940.7696533056,6462.70305710322,6705.82140021494,4282.18726859909,3865.41868522508,4642.0841396098
"NM_001106261",240.000020524887,177.415352277047,176.134491151056,238.955025563409,302.426468202516,234.382929910172
"NM_012543",18.4615400403759,107.645269920905,10.8949169784158,4.85187869164282,4.86216186820765,8.28626519884447
"NM_031236",46.1538501009397,37.8751875647628,74.4485993525081,33.1545043928926,27.7143226487836,42.6150781654859
"NM_130752",533.076968665854,430.58107968362,650.063379712144,234.50747009607,180.872421497325,478.235877190452
"NM_001012066",1366.15396298782,1148.21621248965,1330.99569086313,1401.38429543617,1384.25748387872,1530.5915574437
"NM_053911",807.692376766445,689.727099863576,704.537964604223,584.65138234296,626.246448625146,545.709750952472
"NM_170718",34.6153875757048,57.8094968093749,58.1062238848844,36.3890901873212,85.0878326936339,34.3288129666414
"NM_001012067",576.923126261747,769.464336842024,670.037394172573,500.552151687818,457.52943179834,467.582107649081
"NM_001017385",4170.0003566199,4551.00280054492,4396.09900079078,3366.79948877581,3213.40277869844,3578.48281372955
"NM_001025644",13.8461550302819,11.9605855467672,14.5265559712211,7.6821412617678,5.83459424184918,8.28626519884447
"NM_001107513",387.692340847894,382.738737496551,323.215870359669,349.739589022587,352.992951631876,480.011505447348
"NM_030847",99.2307777170204,49.83577311153,88.9751553237292,81.6732913093208,76.3359413308602,100.618934557397
"NM_001108484",4804.61579550783,5434.09270008124,4909.97591827273,3733.92497644345,3090.39008343278,3054.67247794545
"NM_013039",163.846167858336,105.651838996444,70.8169603597028,327.906134910194,245.052958157666,277.58988416129
"NM_001135612",378.461570827706,348.85041178071,430.349220647425,469.419263416443,470.657268842501,455.152709850814
"NM_001108485",1820.76938648207,1748.23892075247,2031.90201647455,1078.73436244192,1017.65047901586,775.949548263222
"NM_001009478",43488.4652576105,41337.7770805519,21417.5909600691,36228.5738672726,45574.5018392708,30816.028398417
"NM_017025",8425.38533592655,8141.17189549955,9011.91216064629,31195.5583711418,27337.5051039975,22352.7922499686
"NM_181628",1239.23087521023,1343.57244308685,1307.3900374099,1052.04902963789,1090.58290703898,993.168071690073
"NM_001135016",507.692351110337,1014.65634055075,791.69730043155,341.653124536515,402.100786500773,474.684620676662
"NM_001106263",1149.2308675134,1136.25562694289,1074.96514187036,492.465687201746,383.138355214763,383.535703489373
"NM_001271084",267.69233058545,215.29053984181,214.266700575511,223.995066264177,191.569177607382,151.520277921728
"NM_001107516",392.307725857988,436.561372457003,461.21815208627,276.152762199337,333.058087972224,257.46609724981
"NM_001107517",2836.15408870275,2736.98065928523,3101.4196998557,2557.34439372007,2574.51470921595,2607.80603329348
"NM_001107519",270.000023090497,267.119743877801,259.662187985577,149.195269768017,167.744584453164,147.377145322305
"NM_001008558",4.61538501009397,7.97372369784481,18.1581949640264,21.8334541123927,11.6691884836984,18.9400347402159
"NM_001170562",41.5384650908458,27.9080329424568,34.5005704316501,32.3458579442855,21.8797284069344,34.3288129666414
"NM_001109147",87.6923151917855,109.638700845366,99.870072302145,85.3122003280529,103.077831606002,87.005784587867
"NM_001106341",669.230826463626,506.331454813145,364.97971877693,783.578408700316,975.349670762455,857.036571994771
"NM_001106340",567.692356241559,691.720530788037,626.45772625891,565.648190800692,677.785364428147,353.350023122154
"NM_001191633",161.538475353289,271.106605726723,205.187603093498,211.461046310766,189.138096673278,174.011569175734
"NM_001173527",408.461573393317,422.607355985775,408.559386690593,455.267950565818,478.436727831633,460.4795946215
"NM_001106266",2616.92330072328,2368.19593825991,2769.12473201402,2947.51630517301,2956.19441587025,2883.02841311225
"NM_001106267",627.69236137278,544.206642377908,653.695018704949,460.119829257461,493.509429623077,422.007649055436
"NM_173120",1756.15399634076,1889.77251638922,2080.92914287742,859.99549809369,930.617781574945,888.997880618886
"NM_001271323",565.384663736512,586.068691791593,628.273545755312,518.342373557175,442.456730006896,538.607237924891
"NM_001134858",724.615446584754,606.003001036205,332.294967841683,562.817928230567,808.091302496112,596.01921823117
"NM_001047853",94.6153927069264,71.7635132806033,145.265559712211,81.2689680850173,131.278370441607,109.497075841873
"NM_080778",540.000046180995,400.679615816702,383.137913740956,895.171618608101,689.454552911845,776.541424348854
"NM_001039006",791.538529231116,669.792790618964,557.45658539561,985.335697627796,895.123999937029,1106.80828013137
"NM_001109148",713.076984059519,621.950448431895,621.010267769702,753.658490101852,710.361848945138,872.425350221197
"NM_001037194",191.5384779189,187.382506899353,212.450881079109,132.213694347267,150.727017914437,139.682756209093
"NM_001013068",641.538516403062,649.858481374352,624.641906762507,549.070938604246,591.238883174051,512.564690157094
"NM_001108487",1015.38470222067,968.807429288144,1427.23412417247,637.617724726727,687.023471977741,542.750370524313
"NM_001008510",126.923087777584,173.428490428125,236.056534532343,131.000724674356,141.002694178022,85.2301563309717
"NM_001106275",2021.53863442116,2986.15952484288,3379.24008280531,6184.12371572308,4670.59269060027,7883.78946061488
"NM_053528",3835.38494338809,3384.84570973512,3046.94511496362,3817.21556064999,3793.45868957561,5660.11100689641
"NM_053487",1543.84628587643,2222.67548077424,951.489416114982,955.820102253636,1092.04155559944,857.628448080403
"NM_031012",3983.0772637111,2878.51425492198,2881.70554079098,5244.07221921728,6399.09123474809,8084.43545364405
"NM_001107530",323.076950706578,360.810997327478,363.163899280527,312.137529162355,255.749714267723,341.512501409519
"NM_001134563",191.5384779189,169.441628579202,183.397769136666,214.695632105195,191.082961420561,201.829745200426
"NM_001014161",2741.53869599582,1963.52946059428,1810.37203791343,2755.86709685312,3293.14223333704,2960.56418033
"NM_001170462",325.384643211625,398.68618489224,355.900621294917,326.693165237283,381.679706654301,428.518285997386
"NM_031145",930.000079533935,895.05048508308,1067.70186388475,840.992306551422,858.171569738651,922.734817499895
"NM_001134962",80.7692376766445,143.527026561207,147.081379208614,38.8150295331426,65.6391852208033,71.0251302758098
"NM_001107529",203.076940444135,113.625562694289,433.98085964023,826.840993700798,365.148356302395,508.421557557672
"NM_022286",426.923113433692,522.278902208835,463.033971582672,306.477004022105,324.30619660945,375.84131437616
"NM_001107528",579.230818766794,713.64827095711,552.009126906402,529.259100613371,440.998081446434,398.924481715798
"NM_001037647",1590.00013597737,1447.23085115883,1636.05336625878,1234.8031270231,1313.75613678971,1096.74638667563
"NR_028055",57.6923126261747,43.8554803381464,63.5536823740923,42.0496153275711,33.5489168906328,48.5338390218033
"NM_001108488",103.846162727114,69.7700823561421,101.685891798548,136.256926590303,142.461342738484,180.522206117683
"NM_019331",9090.00077738008,8378.39017551043,5808.80656899203,13022.8467315936,12713.5808529894,12925.9818341117
"NM_001107525",203.076940444135,219.277401690732,259.662187985577,106.741331216142,162.396206398136,149.152773579201
"NM_031723",1661.53860363383,2266.53096111239,1906.61047122277,1711.90453170131,1612.29287549766,1502.77338141901
"NM_017152",544.615431191089,598.029277338361,608.299531294883,276.557085423641,208.586744146108,268.119866791182
"NM_001130728",579.230818766794,707.667978183727,691.827228129405,622.657765427495,590.266450800409,590.100457374853
"NM_001024749",182.307707898712,255.159158331034,265.109646474785,213.482662432284,176.010259629117,284.100521103239
"NM_001127451",249.230790545075,304.994931442564,305.057675395643,185.180036731034,205.669447025184,195.910984344109
"NM_145785",27.6923100605638,129.573010089978,118.028267266171,57.0095746268032,23.3383769673967,29.0019281959557
"NM_001108490",43.8461575958927,73.7569442050645,85.3435163309239,71.160887477428,63.6943204735203,60.9632368200701
"NM_001106277",13.8461550302819,9.96715462230601,19.974014460429,6.87349481316066,8.75189136277378,1.1837521712635
"NM_001191626",73.8461601615036,37.8751875647628,59.922043381287,116.040765375124,62.235671913058,67.4738737620193
"NM_001192011",932.307772038983,536.232918680063,657.326657697755,1523.08558595154,1606.45828125581,1624.69985505915
"NM_001013149",253.846175555169,239.211710935344,295.97857791363,269.68359061048,275.684577927374,241.485442937753
"NM_001008345",1405.38473557361,1297.72353182424,1220.23070158257,998.678364029814,1040.01642360962,929.837330527476
"NM_001100736",1714.61553124991,1148.21621248965,1623.34262978396,1406.64049735211,1721.20530134551,1586.22790949309
"NM_017181",9669.23159614687,8501.98289282703,6157.44391230134,10013.4689731022,12033.8506238139,13803.7340691036
"NM_017097",16650.001423914,7588.9915294238,8797.64546007077,18319.4809699704,19970.8436574761,20477.7288106872
"NM_022623",1557.69244090672,1042.56437349321,931.515401654553,1750.71956123445,1460.10720902276,1942.5373130434
"NM_001007691",436.15388345388,247.185434633189,368.611357769735,703.926733512513,769.194007550451,753.458257009215
"NM_001106278",477.692348544726,426.594217834697,506.613639496336,523.194252248818,579.083478503532,430.885790339913
"NM_001271791",237.69232801984,155.487612107974,226.97743705033,247.04149004948,270.336199872346,207.748506056744
"NM_001106280",267.69233058545,326.922671611637,245.135632014356,250.680399068212,276.170794114195,350.982518779627
"NM_001011557",662.307748948485,635.904464903123,595.588794820065,520.768312902996,552.341588228389,521.44283144157
"NM_001135013",117.692317757396,157.481043032435,172.502852158251,99.0591899543743,137.112964683456,151.520277921728
"NM_001015012",230.769250504699,982.761445759373,853.435163309239,232.485853974552,272.767280806449,381.168199146846
"NM_001126294",23.0769250504699,33.8883257158404,63.5536823740923,73.991150047553,32.0902683301705,44.9825825080129
"NM_001106281",900.000076968325,651.851912298813,635.536823740923,1174.55896660187,712.792929879242,922.142941414264
"NM_001034127",510.000043615384,524.272333133296,522.956014963959,426.965324864568,350.075654510951,439.763931624389
"NM_012703",15036.9243628862,14526.1311465488,3455.50450165422,6734.81194722454,36545.4672500092,20645.229742921
"NM_001109151",92.3077002018795,73.7569442050645,87.1593358273266,56.6052514024996,67.5840499680864,70.433254190178
"NM_001009290",1146.92317500835,1277.78922257963,1123.99226827323,1010.80806075892,1140.66317428152,1163.03650826638
"NM_001191629",1135.38471248312,1255.86148241056,1167.5719361869,1356.90874076278,1283.12451702,1349.47747524039
"NM_173105",318.461565696484,344.863549931788,252.398909999967,257.553893881373,224.145662124373,269.303618962445
"NM_031719",630.000053877827,729.5957183528,691.827228129405,468.610616967836,473.088349776605,479.419629361716
"NM_134461",392.307725857988,308.981793291486,297.794397410032,280.600317666677,355.9102487528,351.574394865258
"NM_001009965",29663.079459874,22910.5016148326,16089.9765576238,14100.3681243626,20528.5336237595,4765.1943654212
"NM_001170434",249.230790545075,203.329954295043,281.452021942409,270.087913834784,467.739971721576,404.843242572116
"NM_001191630",994.615469675251,1273.80236073071,980.542528057424,972.397354450082,1149.41506564429,879.527863248778
"NM_001012345",8979.23153713782,5693.23872026119,4790.13183151016,11240.5899588635,12243.4098003337,13357.4595005373
"NM_017173",971.538544624781,544.206642377908,924.252123668942,1245.31553085499,1159.1393893807,1486.79272710695
"NM_001009239",5928.46204546571,9239.55233487767,8603.35277395569,5060.91379860777,4681.77566289715,5583.75899184991
"NM_001000121",30.0000025656108,61.7963586582973,3.63163899280527,85.7165235523565,25.7694579015006,104.170191071188
"NM_001191601",3994.61572623633,4058.62536220301,4029.30346251745,3409.25342732769,3677.73923711227,3201.45774718213
"NM_054010",62.3076976362686,51.8292040359912,61.7378628776897,93.8029880384279,91.8948593091247,99.4351823861337
"NM_001024750",447.692345979115,388.719030269934,492.087083525115,492.465687201746,570.817803327579,402.475738229589
"NM_001108917",46.1538501009397,55.8160658849137,43.5796679136633,41.240968878964,42.7870244402273,44.9825825080129
"NM_001109454",143.076935312913,131.566441014439,168.871213165445,130.596401450053,131.278370441607,143.825888808515
"NR_131097",13.8461550302819,7.97372369784481,12.7107364748185,33.1545043928926,23.3383769673967,30.1856803672192
"NM_001191838",657.692363938391,956.846843741377,849.803524316434,630.339906689263,688.968336725025,527.361592297888
"NM_019354",491.538503575008,510.318316662068,762.644188489107,877.785719963047,702.582389956006,906.754163187838
"NM_001127655",274.615408100591,334.896395309482,248.767271007161,209.035106964945,220.255932629807,227.872292968223
"NM_001106282",660.000056443438,649.858481374352,733.591076546665,578.182210754103,603.39428784457,676.514365877088
"NM_172033",424.615420928646,101.664977147521,118.028267266171,1187.49730977958,1374.5331601423,1019.21061945787
"NM_001108495",23.0769250504699,27.9080329424568,54.4745848920791,35.1761205144105,47.649186308435,71.0251302758098
"NM_017255",3879.23110098398,2892.4682713932,2393.25009625868,1614.46263464415,2911.94874286956,1938.98605652961
"NM_057124",16.1538475353289,23.9211710935344,36.3163899280527,33.9631508414997,27.7143226487836,51.4932194499621
"NM_001013069",14886.9243500581,12548.6476694833,10381.0400609339,14692.7016479674,16328.1119858149,16173.0140398875
"NM_001191560",251.538483050122,233.231418161961,256.030548992772,259.979833227194,324.792412796271,271.671123304972
"NM_198735",13.8461550302819,3.9868618489224,23.6056534532343,11.7253735048035,31.6040521433497,18.9400347402159
"NM_022947",976.153929634875,899.037346932002,1098.5707953236,833.310165289655,881.509946706048,979.554921720543
"NM_001106283",166.153860363383,131.566441014439,165.23957417264,180.732481263695,173.579178695013,197.094736515372
"NM_001170435",399.230803373129,338.883257158404,285.083660935214,246.232843600873,207.128095585646,216.034771255588
"NM_199102",468.461578524538,408.653339514546,392.21701122297,375.616275378015,430.301325336377,419.048268627278
"NM_022944",18.4615400403759,7.97372369784481,19.974014460429,10.9167270561963,5.34837805502842,9.47001737010797
"NM_001100691",2247.69249991576,2178.82000043609,2380.53935978386,2582.41243362689,2376.6247211799,2724.40562216294
"NM_053374",136.153857797772,199.34309244612,214.266700575511,409.983749443818,295.133225400205,573.527926977164
"NM_001329890",55.3846201211277,93.6912534496765,112.580808776963,111.593209907785,70.9875632758317,98.2514302148702
"NM_001037195",851.538534362338,897.043916007541,1045.91202992792,663.494411082156,599.018342163183,693.678772360409
"NM_053895",1066.15393733171,1064.49211366228,1131.25554625884,842.205276224333,703.554822329647,1067.15258239404
"NM_001013236",83.0769301816915,99.6715462230601,138.0022817266,175.071956123445,130.792154254786,133.763995352775
"NM_001082572",270.000023090497,297.021207744719,352.268982302112,458.90685958455,359.799978247366,434.437046853703
"NM_173293",902.307769473372,127.579579165517,177.950310647458,2812.06802503132,1984.73447460236,1661.98804845395
"NM_198776",493.846196080055,428.587648759158,492.087083525115,2866.247337088,1481.50072124287,3426.96253580782
"NM_001113223",191.5384779189,41.8620494136852,49.0271264028712,108.76294733766,50.5664834293596,116.599588869454
"NM_001111269",131.538472787678,163.461335805819,168.871213165445,1068.22195861003,529.975643634634,1323.43492747259
"NM_001276491",320.769258201531,267.119743877801,435.796679136633,464.5673847248,492.050781062615,742.212611382212
"NM_001014023",980.769314644969,849.201573820472,1007.77982050346,1841.28796347845,1977.44123180005,2364.54496209883
"NM_001005538",636.923131392968,627.930741205279,679.116491654586,516.320757435657,457.043215611519,511.972814071462
"NM_134449",8764.61613416845,7933.85507935558,8458.08721424348,3377.31189260771,2389.26634203724,3190.80397764075
"NM_080478",41.5384650908458,53.8226349604525,69.0011408633002,61.4571300941424,84.6016165068132,75.168262875232
"NM_001006997",4493.07730732648,3416.7406045265,3061.47167093485,6928.07844844165,6984.49552368029,6652.68720250085
"NM_053371",606.923128827357,683.746807090192,526.587653956765,281.813287339587,269.849983685525,232.015425567645
"NM_053318",163601.552452801,139370.723083705,188104.373271342,234037.242186205,164025.516840172,194819.564842204
"NM_031786",480.000041049773,478.423421870688,533.850931942375,445.159869958229,413.769974984471,375.249438290528
"NM_001004222",844.615456847197,1212.00600207241,1118.54480978402,700.287824493781,880.537514332406,789.562698232752
"NM_133539",168.46155286843,79.7372369784481,101.685891798548,30.7285650470712,47.1629701216142,31.3694325384827
"NM_133409",3177.6925794497,3159.58801527101,2956.15414014349,2344.26605451209,2192.83500256165,2310.09236222071
"NM_031357",3493.84645264114,3095.79822568825,3108.68297784131,3277.03973298042,3585.35816161632,3673.18298743063
"NM_001134735",1100.76932490741,984.754876683834,1289.23184244587,988.165960197921,944.231834805926,952.328621781483
"NM_001107544",332.307720726766,281.073760349029,223.345798057524,365.912517994729,395.293759885282,394.189473030744
"NM_001008346",173.076937878524,185.389075974892,239.688173525148,141.108805281945,128.361073320682,126.069606239562
"NM_001013192",145.38462781796,77.7438060539869,105.317530791353,175.476279347749,200.807285156976,250.955460307861
"NM_001014244",11.5384625252349,5.98029277338361,9.07909748201318,6.46917158885709,13.6140532309814,7.10251302758098
"NM_001277302",3332.30797728785,3321.05592015236,3695.19267517937,2136.84824044436,2094.13311663704,2268.06916014086
"NM_001108497",138.461550302819,123.592717316595,157.976296187029,114.827795702213,119.122965771088,151.520277921728
"NM_001106289",544.615431191089,474.436560021766,381.322094244554,489.231101407318,506.637266667237,475.276496762294
"NM_001108498",39.2307725857988,51.8292040359912,74.4485993525081,44.4755546733925,54.9424291107465,66.2901215907558
"NM_001012358",2060.76940700696,1939.60828950075,1648.76410273359,1974.71462749863,1912.28826276607,1815.8758307182
"NM_001107546",1896.92323914862,1678.46883839633,1937.47940266161,1916.49208319891,2037.73203896583,1778.5876373234
"NM_001107545",4961.53888585102,5984.27963523253,6053.94220100639,3313.42882316774,3094.27981292735,2698.36307439514
"NM_001012169",267.69233058545,263.132882028879,266.925465971188,233.294500423159,257.208362828185,216.034771255588
"NM_012715",18.4615400403759,33.8883257158404,38.1322094244554,73.5868268232495,75.3635089572186,67.4738737620193
"NM_001106286",3602.30800037835,3125.69968955516,2540.33147546729,3544.29738424508,3229.93412905034,3486.150144371
"NM_001001800",763.846219170552,572.114675320365,637.352643237326,984.931374403493,1178.10182066671,1206.2434625175
"NM_001100661",5653.84663736512,10096.727632396,7946.02611625794,3016.25125330462,2356.68985752025,2426.69195109017
"NM_001017374",8005.385300008,11334.6482364864,10428.2513678403,17037.7763489281,14222.795896881,13166.8754009639
"NM_138519",55.3846201211277,53.8226349604525,47.2113069064686,83.2905842065351,51.0526996161804,79.3113954746542
"NM_182669",25.3846175555169,11.9605855467672,9.07909748201318,26.281009579732,37.4386463851989,15.9806543120572
"NM_024362",1345.38473044239,103.658408071982,1125.80808776963,1797.21673202936,2056.69447025184,1599.84105946262
"NM_001011933",43.8461575958927,35.8817566403016,49.0271264028712,46.4971707949104,48.6216186820765,43.2069542511176
"NM_017278",3609.23107789349,3719.7421050446,3159.52592374059,2520.14665708414,2329.94796724511,2121.28389090419
"NM_001108499",143.076935312913,107.645269920905,123.475725755379,281.00464089098,210.531608893391,257.46609724981
"NM_001013898",1246.15395272537,1718.33745688556,1363.68044179838,1246.1241773036,1263.18965336035,1173.09840172212
"NM_001144861",30.0000025656108,47.8423421870688,59.922043381287,36.7934134116247,27.2281064619629,35.5125651379049
"NM_130432",46.1538501009397,81.7306679029093,78.0802383453134,30.7285650470712,35.0075654510951,29.0019281959557
"NM_021663",3263.07720213644,4134.37573733253,4557.70693597062,4989.75291113034,4434.7778399922,2767.61257641405
"NM_031563",992.307777170204,1596.73817049342,1984.69070956808,1565.94384772772,1265.13451810763,1491.52773579201
"NM_053982",514.615428625478,1327.62499569116,1256.54709151062,600.824311315103,630.622394306533,649.288065938028
"NM_198737",2393.07712773372,1903.72653286045,1948.37431964003,4568.44811140602,4055.529214272,3646.5485635772
"NM_138849",9.23077002018795,7.97372369784481,23.6056534532343,25.8766863554284,37.9248625720197,19.5319108258477
"NM_001127303",129.230780282631,145.520457485668,223.345798057524,102.293775748803,111.343506781955,93.5164215298162
"NM_012785",177.692322888618,183.395645050431,156.160476690627,192.053531544195,223.173229750731,216.62664734122
"NM_001017463",1986.92324684546,2226.66234262316,2053.69185043138,1091.26838239533,1284.58316558046,1210.97847120256
"NM_001134611",145.38462781796,171.435059503663,152.528837697822,67.9263016829995,99.1881021114361,73.3926346183368
"NM_001014162",4767.69271542707,2007.38494093243,1619.71099079115,2457.47655731709,1054.60290921424,2740.38627647499
"NM_001109153",385.384648342847,283.067191273491,141.633920719406,545.836352809817,613.604827767806,364.595668749157
"NM_001108502",4523.07730989209,3492.49097965603,2801.80948294927,5857.4305504858,6854.18958561233,7140.98497314704
"NM_033231",1077.69239985694,318.948947913792,116.212447769769,1347.20498337949,3246.46547940225,1562.55286606782
"NM_001009688",2005.38478688583,1728.30461150786,1416.33920719406,2754.24980395591,4485.34432342156,2503.04396613666
"NM_001191114",373.846185817612,201.336523370581,170.687032661848,429.39126421039,825.59508522166,482.970885875506
"NM_001276487",242.307713029934,213.297108917349,212.450881079109,113.210502804999,150.240801727616,135.53962360967
"NM_001024886",78.4615451715975,97.6781152985989,110.764989280561,72.7781803746423,86.5464812540962,63.3307411625971
"NM_001006970",7093.84676051444,6245.41908633695,5828.78058345246,6924.03521619861,7518.36089680949,8399.90540728577
"NM_012947",484.615426059867,428.587648759158,348.637343309306,353.782821265622,482.81267351302,414.313259942224
"NM_001025682",150.000012828054,348.85041178071,357.716440791319,105.528361543231,130.305938067965,120.150845383245
"NM_001108503",666.923133958579,751.523458521873,864.330080287655,495.295949771871,486.216186820765,453.377081593919
"NM_133542",108.461547737208,107.645269920905,116.212447769769,124.531553085499,113.774587716059,150.336525750464
"NM_001163164",1530.00013084615,1646.57394360495,1429.04994366888,2029.70258600391,1876.79448112815,1904.06536747733
"NM_001033889",634.615438887921,813.31981718017,782.618202949536,640.043664072549,630.136178119712,583.589820432904
"NM_001100519",1329.23088290706,1373.47390695377,1263.81036949624,1148.27795702213,1234.0166821511,1021.5781238004
"NM_001034911",750.000064140271,761.490613144179,780.802383453134,598.398371969281,620.898070570117,569.976670463373
"NM_001037778",803.076991756351,779.43149146433,640.984282230131,617.805886735853,623.329151504221,635.083039882866
"NM_001191603",73.8461601615036,79.7372369784481,98.0542528057424,110.380240234874,75.8497251440394,98.2514302148702
"NM_001106294",2153.07710720884,1955.55573689644,1792.2138429494,1912.04452773158,2188.45905688026,2048.48313237148
"NM_001107549",1650.0001411086,1957.5491678209,1921.13702719399,2087.52080707932,1659.45584561927,1841.32650240037
"NM_199405",447.692345979115,388.719030269934,354.084801798514,573.734655286764,794.963465451951,812.053989486758
"NM_019158",5741.5389525569,3360.92453864159,5728.91051115032,6728.74709885999,6400.54988330855,6067.32175381105
"NM_001037196",452.307730989209,452.508819852693,452.139054604257,325.480195564373,322.847548048988,292.386786302084
"NM_133380",2441.53867033971,2860.57337660182,2144.48282525151,3786.48699560292,4347.74514255128,3817.00887623914
"NM_133541",1915.384779189,2142.93824379579,1870.29408129472,2588.88160521575,2587.15633007329,2715.52748087846
"NM_147135",694.615444019143,986.748307608295,528.403473453167,717.26939991453,873.730487716915,662.309339821926
"NM_001039208",1290.00011032127,1178.11767635657,1403.62847071924,1176.98490594769,1197.55046813955,1165.40401260891
"NM_030853",32.3076950706578,45.8489112626076,58.1062238848844,58.2225442997139,49.1078348688973,58.0038563919113
"NM_030585",325.384643211625,364.7978591764,372.242996762541,384.10706308839,364.175923928753,452.785205508287
"NM_001013237",6.92307751514096,19.934309244612,29.0531119424422,12.9383431777142,26.7418902751421,14.7969021407937
"NM_001007692",69.2307751514096,97.6781152985989,108.949169784158,139.491512384731,132.250802815248,93.5164215298162
"NM_001100662",7142.30830312042,8595.6741462767,8879.35733740889,5486.66615379942,4855.35484159216,4637.34913092475
"NM_001130097",3034.61564413679,2643.28940583555,3154.07846525138,3308.9812677004,3450.67627786697,3287.27977959873
"NM_001106295",4133.07727653915,3281.18730166314,3896.74863928006,3062.34410087523,3456.99708829564,4145.50010376476
"NM_001006971",466.153886019491,424.600786910236,493.902903021517,310.520236265141,333.544304159045,368.146925262947
"NM_031834",6120.00052338461,4166.27063212391,2907.12701374062,9316.41573440282,15968.3120075676,8959.8201842934
"NM_001114502",526.153891150713,476.429990946227,521.140195467557,492.87001042605,491.564564875794,448.642072908865
"NM_053611",3311.53874474243,2892.4682713932,4225.41196812894,1043.96256515181,1313.75613678971,1111.54328881642
"NM_130411",207.692325454229,183.395645050431,399.48028920858,251.084722292516,217.338635508882,285.876149360134
"NM_001009292",673.84621147372,609.989862885128,586.509697338052,503.786737482246,594.642396481796,661.717463736294
"NM_001135698",281.538485615732,213.297108917349,236.056534532343,531.280716734889,678.271580614968,552.812263980053
"NM_134359",1008.46162470553,1036.58408071982,1040.46457143871,926.708830103779,913.113998849397,853.485315480981
"NM_017347",715.384676564566,741.556303899567,873.409177769668,1036.68474711435,964.166698465578,931.612958784372
"NM_012495",184.615400403759,163.461335805819,145.265559712211,42.8582617761783,41.8145920665858,47.9419629361716
"NM_001013900",396.923110868082,368.784721025322,388.585372230164,413.218335238247,424.466731094528,443.315188138179
"NM_001025725",443.076960969021,430.58107968362,424.901762158217,611.336715146996,423.494298720887,478.827753276084
"NM_022702",1624.61552355308,1596.73817049342,1583.3946008631,1786.70432819747,1799.97232361047,1727.68629395907
"NM_022715",2787.69254609676,3600.13624957693,5803.35911050283,1619.31451333579,1422.66856263756,1829.48898068773
"NM_001110319",736.153909109989,438.554803381464,708.169603597028,1036.68474711435,764.818061869064,892.549137132676
"NM_001013901",196.153862928994,177.415352277047,317.768411870461,152.025532338142,120.58161433155,163.357799634362
"NM_138899",1596.92321349251,1598.73160141788,1792.2138429494,1406.64049735211,1311.81127204242,1322.25117530133
"NM_001009646",1883.07708411834,1708.37030226325,1450.83977762571,3545.9146771423,3392.8165516353,4078.61810608838
"NM_001025001",20.7692325454229,17.9408783201508,41.7638484172606,25.8766863554284,16.531350351906,36.6963173091684
"NM_001271086",117.692317757396,121.599286392133,197.924325107887,106.741331216142,70.0151309021902,126.661482325194
"NM_001106297",2003.07709438078,2467.86748448297,1981.05907057528,1772.55301534684,1615.6963888054,1625.29173114478
"NM_012605",9.23077002018795,9.96715462230601,34.5005704316501,22.2377773366963,16.0451341650853,15.9806543120572
"NM_001108921",920.769309513748,988.741738532756,749.933452014289,1225.50369286412,1074.05155668707,1206.83533860313
"NM_001012460",69.2307751514096,39.868618489224,65.3695018704949,74.3954732718566,64.6667528471618,69.2495020189145
"NM_001033998",507.692351110337,368.784721025322,666.405755179768,686.540834867459,670.978337812656,969.493028264803
"NM_001079889",3796.15417080229,3986.8618489224,1817.63531589904,5119.94498935609,5485.9772358987,6365.03542488382
"NM_138892",115.384625252349,151.500750259051,159.792115683432,131.809371122963,109.884858221493,160.398419206204
"NM_173330",80.7692376766445,59.8029277338361,72.6327798561055,112.401856356392,121.067830518371,131.396491010248
"NM_001304268",196.153862928994,155.487612107974,143.449740215808,174.667632899142,197.889988036052,207.748506056744
"NM_153471",1091.53855488722,1536.93524275959,1227.49397956818,1145.85201767631,1320.07694721838,1235.83726679909
"NM_001134694",34.6153875757048,37.8751875647628,34.5005704316501,15.3642825235356,27.2281064619629,21.3075390827429
"NM_001107551",316.153873191437,344.863549931788,352.268982302112,473.058172435175,479.409160205275,539.790990096154
"NM_080584",925.384694523842,920.965087101075,931.515401654553,829.671256270922,766.276710429526,748.723248324161
"NM_001106298",551.53850870623,456.495681701615,441.244137625841,300.412155657551,329.168358477658,356.309403550312
"NM_017129",373.846185817612,227.251125388577,272.372924460395,300.007832433248,203.23836609108,169.27656049068
"NM_012700",13.8461550302819,17.9408783201508,5.44745848920791,51.3490494865532,28.2005388356044,38.4719455660636
"NM_031125",930.000079533935,912.99136340323,811.671314891979,882.63759865469,959.790752784191,964.166143494118
"NM_139329",3443.0772175301,4961.64957098393,1922.95284669039,4072.74783840984,4110.47164338275,5070.60242560719
"NM_001107553",71.5384676564566,95.6846843741377,83.5276968345213,70.3522410288209,93.3535078695869,69.2495020189145
"NM_001014024",865.38468939262,665.805928770041,659.142477194157,770.235742298298,731.755361165252,787.787069975857
"NM_172322",78.4615451715975,19.934309244612,92.6067943165345,76.4170893933744,73.9048603967563,108.905199756242
"NM_138836",32.3076950706578,49.83577311153,27.2372924460396,31.9415347199819,36.4662140115574,31.3694325384827
"NM_001012137",1361.53857797772,2033.29954295043,1788.5822039566,1668.64194670083,1815.04502540192,2073.93380405365
"NM_203335",3491.53876013609,2731.00036651185,2449.54050064716,3752.11952153712,3940.7821941823,4803.07443490164
"NM_019244",1315.38472787678,1305.69725552209,1176.65103366891,1035.06745421714,1367.72613352681,1370.1931382375
"NM_001017378",526.153891150713,494.370869266378,539.298390431583,444.755546733925,474.060782150246,433.845170768071
"NM_001011560",140.769242807866,163.461335805819,216.082520071914,141.917451730553,180.386205310504,112.456456270032
"NM_012711",136.153857797772,39.868618489224,168.871213165445,91.78137191691,90.4362107486623,149.744649664832
"NM_001035517",1440.00012314932,1425.30311098976,998.70072302145,1026.57666650676,971.459941267889,1315.74053835938
"NM_001106299",11.5384625252349,15.9474473956896,1.81581949640264,38.410706308839,29.1729712092459,51.4932194499621
"NM_031691",20.7692325454229,27.9080329424568,19.974014460429,24.6637166825177,23.8245931542175,23.6750434252699
"NM_001191840",64.6153901413156,41.8620494136852,69.0011408633002,109.571593786267,141.488910364843,139.090880123461
"NM_001009455",770.769296685693,803.352662557864,657.326657697755,834.927458186869,784.266709341895,966.533647836645
"NM_019337",55.3846201211277,39.868618489224,56.2904043884817,43.6669082247854,63.6943204735203,60.3713607344383
"NM_001011936",717.692369069613,1728.30461150786,1189.36177014373,1033.45016131992,1060.92371964291,761.152646122428
"NM_001107554",1179.23087007901,1006.68261685291,867.96171928046,1413.91831538958,1235.47533071156,1251.22604502552
"NM_001134859",1280.76934030108,1820.00243403308,1367.31208079119,1022.93775748803,1169.83614549076,1102.07327144631
"NM_001106301",283.846178120779,287.054053122413,285.083660935214,323.054256218551,287.839982597893,261.017353763601
"NM_001079894",1029.23085725096,964.820567439222,1205.70414561135,920.643981739225,831.91589565033,759.377017865533
"NM_031721",3069.23103171249,1859.8710525223,2246.16871705006,4181.91510897181,3539.65384005517,3350.01864467569
"NM_001271229",85.3846226867385,131.566441014439,81.7118773381187,72.7781803746423,102.105399232361,127.253358410826
"NM_001014025",36.9230800807518,57.8094968093749,45.3954874100659,65.5003623371781,44.2456730006896,59.7794846488066
"NM_013084",1760.76938135085,1329.61842661562,1227.49397956818,2121.48395792082,2552.1487646222,2564.59907904236
"NM_001047906",1059.23085981657,1092.40014660474,1036.83293244591,906.896992112904,844.557516507669,822.70775902813
"NM_001106306",2.30769250504699,9.96715462230601,10.8949169784158,20.2161612151784,5.83459424184918,14.205026055162
"NM_173310",78.4615451715975,77.7438060539869,94.4226138129371,109.167270561963,153.644315035362,116.599588869454
"NM_001170476",16.1538475353289,17.9408783201508,9.07909748201318,19.8118379908749,20.9072960332929,46.1663346792764
"NM_022521",2727.69254096554,1295.73010089978,804.408036906368,4969.13242669086,8136.34167025869,6913.70455626445
"NM_001107556",212.307710464323,350.843842705172,252.398909999967,324.671549115765,400.642137940311,391.821968688217
"NM_001106307",1262.3078002607,1082.43299198243,1200.25668712214,1194.77512781704,1203.87127856822,1231.10225811404
"NM_001108504",129.230780282631,141.533595636745,147.081379208614,97.8462202814636,97.2432373641531,124.885854068299
"NM_053335",129.230780282631,109.638700845366,154.344657194224,121.296967291071,144.406207485767,159.806543120572
"NM_001024288",219.230787979464,466.462836323921,279.636202446006,79.651675187803,67.0978337812656,29.0019281959557
"NM_001107557",844.615456847197,1194.06512375226,751.749271510692,674.815461362656,786.211574089178,710.843178843729
"NM_001130039",685.384673998955,751.523458521873,677.300672158183,658.642532390513,557.689966283418,623.837394255862
"NM_001108505",750.000064140271,598.029277338361,599.22043381287,469.823586640747,579.569694690352,494.21653150251
"NM_001271366",486.923118564914,303.001500518103,857.066802302045,2085.90351418211,623.329151504221,1277.26859279331
"NM_032614",2323.84635258232,2563.55216885711,3005.18126654636,1479.01435450245,1553.94693307917,1352.43685566854
"NM_001122782",325.384643211625,295.027776820258,319.584231366864,192.862177992802,253.318633333619,243.261071194648
"NM_144746",484.615426059867,570.121244395904,664.589935683365,352.569851592712,370.010518170602,385.311331746268
"NM_053420",1273.84626278594,2027.31925017704,1732.29179956812,639.639340848245,851.850759309981,816.197122086181
"NM_001108507",25.3846175555169,31.8948947913792,56.2904043884817,44.8798778976961,37.9248625720197,39.6556977373271
"NM_001107560",574.6154337567,733.582580201722,786.249841942342,591.524877156121,507.609699040879,656.390578965609
"NM_001106309",182.307707898712,173.428490428125,199.74014460429,125.74452275841,119.609181957908,122.518349725772
"NM_001106311",886.153921938043,1237.92060409041,1243.83635503581,536.132595426532,655.419419834392,655.798702879977
"NM_001106310",124.615395272537,135.553302863362,147.081379208614,50.9447262622496,76.8221575176809,73.3926346183368
"NM_078623",10172.3085622471,7291.97032167908,5961.33540668986,8839.31432972461,11000.155010633,10441.8779027153
"NM_031543",24466.1559385081,10535.2824357775,7357.70059942348,44723.8091331149,45173.8597013305,37484.1043791442
"NM_001106313",870.000074402714,613.97672473405,553.824946402804,955.820102253636,1289.44532744867,1406.88945554667
"NM_019368",556.153893716324,978.77458391045,653.695018704949,400.279992060533,453.153486116953,505.462177129513
"NM_001134507",2434.61559282457,2613.38794196864,2186.24667366877,2696.4315828805,2959.597929178,3115.63571476552
"NM_001100520",1765.38476636094,1871.83163806907,1812.18785740983,1200.8399761816,1176.64317210625,1210.38659511692
"NM_001108925",2577.69252813748,3026.0281433321,3012.44454453197,1965.41519333965,1955.0752872063,1722.95128527402
"NM_001106314",627.69236137278,472.443129097305,731.775257050263,667.133320100888,638.401853295665,697.230028874199
"NM_030833",214.61540296937,157.481043032435,246.951451510759,214.291308880891,261.584308509572,276.998008075658
"NM_001136124",1310.76934286669,1881.79879269137,2336.95969187019,1430.09124436172,1339.52559469121,2767.02070032842
"NM_001106315",350.769260767142,275.093467575646,301.426036402838,461.332798930372,346.672141203206,314.87807755609
"NM_001107562",2.30769250504699,5.98029277338361,5.44745848920791,12.5340199534106,6.80702661549071,4.73500868505398
"NM_001024887",1366.15396298782,1142.23591971627,1053.17530791353,1259.87116692992,1443.08964248403,1415.76759683114
"NM_139093",897.692384463278,1245.89432778825,956.93687460419,1116.74074552646,1124.13182392961,1018.02686728661
"NM_001098241",80.7692376766445,51.8292040359912,29.0531119424422,23.450747009607,17.5037827255476,20.1237869114794
"NM_139105",43.8461575958927,7.97372369784481,9.07909748201318,3.63890901873212,4.37594568138689,1.77562825689524
"NM_001106316",1483.84628074521,1863.85791437122,1054.99112740993,823.202084682065,902.903458926161,908.529791444733
"NM_001106317",325.384643211625,279.080329424568,201.555964100693,355.400114162837,320.902683301705,424.967029483595
"NM_001127540",4.61538501009397,17.9408783201508,10.8949169784158,17.790221869357,8.26567517595301,17.1644064833207
"NM_001024902",41.5384650908458,25.9146020179956,23.6056534532343,50.9447262622496,53.969996737105,68.065749847651
"NR_045202",20.7692325454229,9.96715462230601,7.26327798561055,5.25620191594639,5.34837805502842,4.73500868505398
"NM_031801",399.230803373129,398.68618489224,270.557104963993,410.792395892426,377.789977159735,371.698181776738
"NM_001108508",1959.23093678489,1658.53452915172,1881.18899827313,2225.39502656684,2391.69742297134,2685.34180051124
"NM_138525",11.5384625252349,43.8554803381464,43.5796679136633,7.6821412617678,4.86216186820765,20.1237869114794
"NM_001106318",240.000020524887,259.146020179956,245.135632014356,244.211227479355,249.428903839053,195.910984344109
"NM_001014027",2496.92329046084,3374.87855511281,2745.51907856079,4258.73652158949,7394.86198535702,3737.10560467886
"NM_022523",2748.46177351096,2595.44706364848,3143.18354827296,1780.63947983292,2068.84987492236,2201.7790385501
"NM_001047854",1481.53858824017,1831.96301957984,1901.16301273356,1207.30914777046,1274.85884184405,1482.0577184219
"NM_001030021",754.615449150364,544.206642377908,597.404614316467,189.627592198374,232.897553487147,279.957388503817
"NM_001107563",390.000033352941,356.824135478555,372.242996762541,320.223993648426,409.880245489905,329.083103611252
"NM_001108509",3433.84644750992,4014.76988186486,2652.91228424425,1465.26736487613,1602.08233557442,1360.13124478176
"NM_001127541",191.5384779189,133.559871938901,121.659906258977,123.318583412588,185.734583365532,166.317180062521
"NM_001013070",2406.92328276401,1590.75787772004,1741.37089705013,1942.77309277865,2101.42635943935,2789.51199158243
"NM_001143911",1954.6155517748,1843.92360512661,1405.44429021564,1568.77411029785,1592.84422802483,1799.30330032051
"NM_031008",3636.92338795405,3781.5384637029,3466.39941863263,3613.43665560099,3610.15518714418,3315.09795562342
"NM_001109668",2303.07712003689,2537.63756683911,2188.06249316518,2014.33830348038,2508.87552399515,2124.83514741798
"NM_001108510",276.923100605638,159.474473956896,301.426036402838,92.1856951412136,286.381334037431,49.7175911930668
"NM_001109159",606.923128827357,476.429990946227,446.691596115049,435.860435799247,482.326457326199,441.539559881284
"NM_134334",12221.5395067288,10511.3612646839,9543.94727309226,7057.46188021879,6285.31664703203,7236.27702293375
"NM_001025420",126.923087777584,73.7569442050645,207.003422589901,126.553169207017,143.433775112126,151.520277921728
"NM_022529",602.307743817263,609.989862885128,553.824946402804,419.687506827104,509.068347601341,498.359664101932
"NM_013087",11296.154812205,9989.08236247508,9867.16314345193,12901.1454410783,16736.0473665576,17073.849442219
"NM_001012170",1183.8462550891,1247.88775871271,1142.15046323726,1160.00333052694,1121.21452680868,1113.31891707332
"NM_001004260",8838.46229432996,7214.22651562509,6814.7705699991,8549.81890112326,7939.42411459628,8820.72930416994
"NM_001108511",48.4615426059867,25.9146020179956,56.2904043884817,50.5404030379461,48.6216186820765,62.1469889913336
"NM_022389",16811.5398992673,4471.26556356648,6101.15350791286,11242.2072517607,9199.6964708357,5583.16711576428
"NM_001106320",1407.69242807866,1544.90896645743,1380.022817266,1295.04728744433,1264.16208573399,1111.54328881642
"NM_021868",2566.15406561225,2641.29597491109,3003.36544704996,1828.75394352504,1862.20799552353,1918.2703935325
"NM_152937",69.2307751514096,141.533595636745,110.764989280561,99.0591899543743,66.6116175944449,99.4351823861337
"NM_001107565",399.230803373129,514.30517851099,564.71986338122,415.239951359765,401.614570313952,391.230092602586
"NM_171992",1363.84627048277,2519.69668851896,2476.7777930932,3156.95573536226,1511.64612482576,1694.54123316369
"NM_001107566",1149.2308675134,689.727099863576,920.620484676137,1602.73726113935,1945.35096346988,1286.14673407779
"NM_031586",406.15388088827,306.988362367025,312.320953381254,352.974174817015,397.238624632565,348.023138351468
"NM_001107567",475.384656039679,508.324885737607,504.797819999933,352.165528368408,381.679706654301,423.1914012267
"NM_031559",3994.61572623633,6580.31548164643,2972.49651561112,5130.86171641228,7275.25280339911,6205.22888176325
"NM_001107568",1363.84627048277,2073.16816143965,1781.31892597099,1587.77730184011,1478.09720793513,1429.9726228863
"NM_001025683",87.6923151917855,151.500750259051,150.713018201419,72.7781803746423,159.965125464032,73.3926346183368
"NM_017127",2683.84638336965,418.620494136852,1536.18329395663,3462.62409293576,8791.27487390626,4395.27181190136
"NM_199089",1853.07708155273,1259.84834425948,1846.68842784148,1898.29753810525,1967.23069187682,2082.81194533812
"NM_001106322",1610.7693685228,1327.62499569116,1454.47141661851,1435.75176950197,1557.83666257373,1795.75204380672
"NM_001108513",814.615454281586,629.92417212974,953.305235611384,500.956474912121,618.953205822834,759.968893951165
"NM_012577",641.538516403062,775.444629615408,5195.05957920794,220.760480469748,352.992951631876,301.26492758656
"NM_001134508",2820.00024116742,490.384007417456,521.140195467557,4814.68095500689,6955.32255247105,14919.4204905195
"NM_001109498",2388.46174272363,2262.54409926346,2542.14729496369,1726.05584455193,2235.13581081506,2548.02654864468
"NM_001009603",625.384668867733,506.331454813145,372.242996762541,571.713039165246,845.04373269449,594.243589974275
"NM_001011937",25.3846175555169,23.9211710935344,25.4214729496369,46.9014940192139,32.5764845169913,40.8394499085906
"NM_001008369",493.846196080055,410.646770439008,504.797819999933,583.438412670049,590.75266698723,829.810272055711
"NM_001006972",3593.07723035816,3438.66834469557,3094.15642187009,3649.42142256401,3861.52895573052,4277.48847086064
"NM_001108926",18.4615400403759,23.9211710935344,16.3423754676237,17.3858986450534,14.1002694178022,26.6344238534287
"NM_031527",4202.30805169056,3859.28226975689,4203.6221341721,3362.75625653278,3048.5754913662,3323.38422082227
"NM_001010962",646.153901413156,715.641701881572,644.615921222936,553.922817295889,532.406724568738,514.932194499621
"NM_001081980",18.4615400403759,29.901463866918,23.6056534532343,33.9631508414997,30.1454035828875,30.7775564528509
"NM_001024289",25.3846175555169,23.9211710935344,30.8689314388448,24.2593934582141,32.0902683301705,39.0638216516954
"NM_019222",2672.30792084441,2693.12517894708,3032.4185589924,2060.43115105098,2105.31608893391,2377.56623598273
"NM_207615",237.69232801984,400.679615816702,415.822664676204,51.7533727108568,68.0702661549071,33.1450607953779
"NM_001013195",1922.30785670414,1728.30461150786,1942.92686115082,689.775420661888,1055.57534158788,1012.10810643029
"NM_001012217",493.846196080055,452.508819852693,532.035112445973,398.662699163319,352.506735445055,433.845170768071
"NM_012776",1156.15394502854,1323.63813384224,1512.5776405034,1077.11706954471,1077.45506999482,1013.88373468718
"NM_001108514",32.3076950706578,43.8554803381464,39.948028920858,20.2161612151784,34.5213492642743,15.3887782264255
"NM_001106323",1566.9232109269,1293.73666997532,1556.15730841706,933.178001692636,1156.22209225978,1123.97268661469
"NM_001109521",221.538480484511,55.8160658849137,134.370642733795,33.5588276171962,60.7770233525957,59.1876085631748
"NM_001109508",60.0000051312216,77.7438060539869,79.896057841716,179.519511590784,120.58161433155,167.500932233785
"NM_001100585",574.6154337567,741.556303899567,800.776397913563,411.601042341033,396.266192258924,457.520214193341
"NM_012744",10059.2316294998,5575.62629571798,5116.97934086263,25283.1398621507,22174.3754161478,25735.364079354
"NM_053425",1689.23091369439,2001.40464815905,1358.23298330917,1440.19932496931,1684.73908733395,1730.0537983016
"NM_001170484",355.384645777236,538.226349604525,348.637343309306,410.792395892426,396.266192258924,432.661418596808
"NM_133388",546.923123696136,799.365800708942,577.430599856038,747.997964961602,566.441857646192,603.713607344383
"NM_001034110",2790.00023860181,1901.73310193599,1824.89859388465,1688.0494614674,1907.91231708468,1917.08664136123
"NM_001007014",214.61540296937,179.408783201508,172.502852158251,269.279267386177,294.647009213384,266.344238534287
"NM_001107569",219.230787979464,239.211710935344,241.503993021551,126.553169207017,160.937557837673,162.765923548731
"NM_001039100",124.615395272537,153.494181183513,107.133350287756,104.315391870321,74.8772927703979,86.4139085022352
"NM_001127542",57.6923126261747,49.83577311153,90.7909748201318,84.5035538794458,95.7845888036908,69.2495020189145
"NM_001006973",796.15391424121,759.497182219718,659.142477194157,659.45117883912,727.865631670686,684.800631075933
"NM_172017",1234.61549020014,1421.31624914084,1269.25782798544,1166.47250211579,1015.21939808176,1206.2434625175
"NM_001107570",23.0769250504699,45.8489112626076,92.6067943165345,15.3642825235356,28.6867550224252,16.5725303976889
"NM_001109979",2905.38486385416,2878.51425492198,2453.17213963996,2130.78339207981,2142.75473531911,2140.2239256444
"NM_031738",191.5384779189,229.244556313038,217.898339568316,137.06557303891,67.0978337812656,133.763995352775
"NM_001106325",11.5384625252349,7.97372369784481,18.1581949640264,18.5988683179641,32.0902683301705,17.7562825689524
"NM_001106324",436.15388345388,414.63363228793,315.952592374059,471.036556313657,454.125918490595,501.319044530091
"NM_001009605",1003.84623969544,946.879689119071,1013.22727899267,734.655298559584,603.39428784457,645.144933338605
"NM_001106326",2118.46171963313,2713.0594881917,2701.93941064712,2210.43506726761,2142.75473531911,2175.14461469667
"NM_053631",1841.5386190275,2005.39151000797,2031.90201647455,1039.51500968447,1034.18182936777,1044.0694150544
"NM_001025645",182.307707898712,187.382506899353,246.951451510759,107.549977664749,116.691884836984,99.4351823861337
"NM_017147",4774.61579294222,5400.2043743654,7170.67119129401,3542.68009134787,3419.55844191044,3652.46732443352
"NM_172334",609.230821332404,669.792790618964,728.143618057457,572.521685613853,488.647267754869,606.08111168691
"NM_001077668",1181.53856258406,1104.36073215151,1488.97198705016,1024.95937360955,802.742924441084,1016.25123902971
"NM_001277341",2.30769250504699,5.98029277338361,9.07909748201318,5.25620191594639,4.86216186820765,10.0618934557397
"NM_001024242",18.4615400403759,9.96715462230601,19.974014460429,8.08646448607137,7.77945898913225,13.0212738838985
"NM_031596",1195.38471761434,1044.55780441767,1405.44429021564,1051.64470641358,1035.64047792823,938.123595726321
"NM_001107572",6.92307751514096,17.9408783201508,9.07909748201318,7.27781803746423,6.80702661549071,3.55125651379049
"NM_001271032",189.230785413853,241.205141859805,194.292686115082,307.689973695016,286.867550224252,284.100521103239
"NM_001005872",468.461578524538,430.58107968362,504.797819999933,420.091830051408,506.637266667237,502.502796701354
"NM_199267",1617.69244603794,1684.44913116972,2162.64102021554,1409.06643669794,1525.26017805674,1380.25503169324
"NM_001129997",143.076935312913,109.638700845366,157.976296187029,213.078339207981,183.303502431429,194.135356087213
"NM_001015013",272.307715595544,291.040914971335,241.503993021551,259.979833227194,210.531608893391,228.464169053855
"NM_001013150",895.384691958231,1016.64977147521,878.856636258876,1248.95443987372,1205.32992712868,1218.08098423014
"NM_001109537",558.461586221371,683.746807090192,717.248701079042,283.026257012498,286.381334037431,268.711742876814
"NM_001011938",1800.00015393665,1987.45063168782,1999.2172655393,1688.85810791601,1583.11990428841,1795.16016772109
"NM_001191561",80.7692376766445,73.7569442050645,112.580808776963,173.454663226231,152.1856664749,156.847162692413
"NM_001004089",600.000051312216,494.370869266378,515.692736978349,684.114895521638,740.507252528026,752.274504837952
"NM_001271179",131.538472787678,157.481043032435,121.659906258977,107.954300889053,75.3635089572186,121.334597554508
"NM_001008348",422.307728423599,464.46940539946,591.95715582726,349.739589022587,246.511606718128,256.874221164179
"NM_001009689",251.538483050122,235.224849086422,361.348079784125,102.293775748803,143.433775112126,136.723375780934
"NM_053480",108.461547737208,129.573010089978,130.73900374099,123.318583412588,106.967561100568,108.905199756242
"NM_019152",747.692371635224,578.094968093749,922.43630417254,450.820395098479,609.71509827324,504.278424958249
"NM_001013071",3108.46180429829,1196.05855467672,1018.67473748188,4107.11531247565,3039.3373838166,4398.82306841515
"NM_001107574",302.307718161155,360.810997327478,375.874635755346,258.36254032998,282.977820729685,234.382929910172
"NM_001047883",399.230803373129,436.561372457003,379.506274748151,347.717972901069,322.361331862167,317.837457984249
"NM_001100739",3392.30798241907,3683.8603484043,3304.7914834528,3373.26866036467,3243.0619660945,3181.92583635628
"NR_106683",57.6923126261747,75.7503751295257,81.7118773381187,35.9847669630176,50.5664834293596,34.3288129666414
"NM_001024752",330.000028221719,265.12631295334,341.374065323696,265.640358367444,284.922685476968,269.303618962445
"NM_031711",360.00003078733,299.01463866918,292.346938920825,266.044681591748,255.263498080902,383.535703489373
"NM_001109545",1873.84631409815,1877.81193084245,1922.95284669039,1993.31349581659,1509.70126007848,1689.80622447864
"NM_181379",493.846196080055,394.699323043318,495.71872251792,359.443346405872,407.449164555801,337.369368810096
"NM_012638",13.8461550302819,19.934309244612,9.07909748201318,29.9199185984641,39.383511132482,34.3288129666414
"NM_001106329",1119.23086494779,759.497182219718,739.038535035873,578.99085720271,457.043215611519,435.028922939335
"NM_001130013",537.692353675948,394.699323043318,346.821523812904,1191.54054202262,802.256708254263,873.60910239246
"NM_019208",1183.8462550891,964.820567439222,924.252123668942,921.452628187832,892.692919002925,946.409860925165
"NM_001110793",267.69233058545,233.231418161961,241.503993021551,178.710865142177,196.431339475589,209.524134313639
"NM_053846",138.461550302819,127.579579165517,134.370642733795,235.316116544677,229.494040179401,339.144997066992
"NM_001108517",717.692369069613,699.694254485882,651.879199208547,584.65138234296,561.093479591163,622.653642084599
"NM_138911",2764.61562104629,3165.56830804439,3430.08302870458,2386.31566983966,2426.70498842244,1787.46577860788
"NM_001013196",293.076948140967,221.270832615193,228.793256546732,260.384156451498,277.629442674657,294.162414558979
"NM_199090",170.769245373477,183.395645050431,185.213588633069,196.096763787231,215.393770761599,250.955460307861
"NM_022698",203.076940444135,179.408783201508,185.213588633069,290.304075049962,224.631878311194,237.342310338331
"NM_001109562",126.923087777584,103.658408071982,96.2384333093398,162.537936170035,163.368638771777,160.990295291835
"NM_001106330",1257.69241525061,1008.67604777737,1129.43972676244,638.830694399638,683.133742483175,613.183624714491
"NM_172045",870.000074402714,1002.69575500398,1356.41716381277,543.8147366883,500.802672425388,501.910920615722
"NM_001127543",286.153870625826,215.29053984181,343.189884820098,289.899751825659,331.113223224941,310.734944956668
"NM_053549",438.461575958927,277.086898500107,439.428318129438,343.674740658033,203.23836609108,242.669195109017
"NM_001106331",92.3077002018795,93.6912534496765,96.2384333093398,95.8246041599457,102.591615419181,102.394562814292
"NM_033350",720.00006157466,482.410283719611,581.062238848844,879.807336084565,805.660221562008,878.935987163146
"NM_001008511",819.23083929168,1018.64320239967,797.144758920758,728.59045019503,805.174005375187,710.843178843729
"NM_001109160",34.6153875757048,31.8948947913792,21.7898339568316,40.8366456546604,21.3935122201137,31.3694325384827
"NM_134345",4001.53880375147,3677.88005563092,3250.31689856072,3830.55822705201,3691.35329034325,4201.13645581415
"NM_001108518",221.538480484511,209.310247068426,259.662187985577,357.421730284355,307.774846257544,231.423549482014
"NM_001106332",1003.84623969544,1650.56080545388,1369.12790028759,989.378929870832,868.382109661887,951.144869610219
"NM_001134575",200.769247939088,201.336523370581,183.397769136666,140.300158833338,167.744584453164,166.317180062521
"NM_001044241",2905.38486385416,2691.13174802262,2133.5879082731,2772.84867227387,2665.92335233826,2094.64946705076
"NM_017060",650.76928642325,492.377438341917,463.033971582672,595.97243262346,384.110787588405,839.280289425819
"NM_001115042",4.61538501009397,13.9540164712284,18.1581949640264,34.7717972901069,11.6691884836984,24.8587955965334
"NM_031332",4234.61574676122,1243.90089686379,1585.2104203595,12811.3856852829,9287.70160065026,10038.8102884001
"NM_019283",46.1538501009397,51.8292040359912,50.8429458992738,8.89511093467851,19.9348636596514,4.14313259942224
"NR_131096",701.538521534284,1132.26876509396,1338.25896884874,684.923541970245,585.890505119022,596.611094316802
"NM_001271089",318.461565696484,19.934309244612,12.7107364748185,5.25620191594639,3.40351330774536,2.95938042815874
"NM_001109569",609.230821332404,615.970155658511,682.748130647391,352.569851592712,426.897812028632,329.674979696884
"NM_001305220",2040.00017446154,2445.93974431389,2166.27265920835,2871.09921577964,2167.55176084697,2295.29546007992
"NM_001109572",701.538521534284,564.14095162252,564.71986338122,458.502536360247,520.73753608504,495.400283673773
"NM_001034829",2243.07711490567,2063.20100681734,2090.00824035944,1748.29362188863,1517.96693525443,1757.28009824066
"NM_053948",454.615423494256,564.14095162252,481.192166546699,358.230376732962,385.083219962046,451.009577251392
"NM_021579",1862.30785157292,1620.65934158696,1873.92572028752,2229.03393558557,2432.05336647747,1993.43865640773
"NM_053658",62.3076976362686,51.8292040359912,54.4745848920791,52.5620191594639,81.6843193858886,59.1876085631748
"NM_001107575",265.384638080403,287.054053122413,263.293826978382,393.406497247372,218.797284069344,268.711742876814
"NM_001109162",13.8461550302819,13.9540164712284,21.7898339568316,10.9167270561963,16.531350351906,15.3887782264255
"NM_001191104",1213.84625765471,1188.08483097888,1105.83407330921,771.448711971209,761.900764748139,881.895367591305
"NM_001012171",895.384691958231,655.838774147735,591.95715582726,998.27404080551,1003.55020959806,930.429206613108
"NM_001007693",516.923121130525,472.443129097305,432.165040143828,511.06455551971,377.789977159735,496.584035845037
"NM_001009690",27.6923100605638,39.868618489224,70.8169603597028,31.9415347199819,26.7418902751421,24.8587955965334
"NM_001109581",214.61540296937,175.421921352586,230.609076043135,191.649208319891,187.193231925995,160.398419206204
"NM_001128184",1444.61550815941,1092.40014660474,1265.62618899264,1022.12911103942,1042.93372073054,976.595541292384
"NM_001106334",11940.0010211131,12291.4950802278,11083.7622060417,11627.1229612977,10482.3347716689,11248.6050074314
"NM_001107576",523.846198645666,651.851912298813,564.71986338122,588.694614585996,688.968336725025,680.065622390879
"NM_001100740",1903.84631666376,2005.39151000797,2017.37546050333,1914.06614385309,2009.0452839434,1949.04794998535
"NM_001033901",673.84621147372,743.549734824028,773.539105467523,545.432029585514,640.346718042948,585.365448689799
"NM_001004223",6671.53903209084,9432.91513455041,9752.76651517856,5228.70793669375,4720.67295784281,5735.27926977164
"NM_145089",860.769304382526,125.586148241056,392.21701122297,205.396197946213,779.890763660508,134.355871438407
"NM_012848",32623.8489438492,29690.1601889251,31566.2061254634,24630.9665013491,31488.3326908864,25920.0294180711
"NM_134411",64.6153901413156,35.8817566403016,47.2113069064686,90.1640790196958,76.8221575176809,70.433254190178
"NM_173137",242.307713029934,312.968655140409,1189.36177014373,120.892644066767,132.737019002069,92.9245454441845
"NM_031344",13705.3857874741,5768.98909539072,6191.94448273299,21925.6398075339,25193.291720118,27040.450848172
"NM_053445",31511.5411564166,12644.3323538574,13291.7987136673,38066.2229217324,38508.8082123914,42230.3587098252
"NM_001170487",1982.30786183536,1995.42435538566,1952.00595863283,1612.84534174693,1720.71908515869,1487.97647927821
"NM_053430",184.615400403759,426.594217834697,392.21701122297,316.585084629694,182.817286244608,220.17790385501
"NM_001005886",55.3846201211277,27.9080329424568,47.2113069064686,67.1176552343924,82.1705355727093,85.8220324166035
"NM_001271039",223.846172989558,223.264263539655,136.186462230198,144.747714300678,163.854854958598,153.887782264255
"NM_198777",50.7692351110337,41.8620494136852,59.922043381287,36.7934134116247,31.6040521433497,55.0444759637526
"NM_001014164",609.230821332404,572.114675320365,650.063379712144,412.40968878964,553.800236788852,473.500868505399
"NM_171995",8372.30840831047,9658.17282901452,10097.7722194951,7118.51468708863,7240.73145413484,7619.22085033749
"NM_001039031",7294.61600845352,6743.77681745225,4399.73063978359,8485.53150845899,11553.469031235,11332.0595355055
"NM_001014245",1419.2308906039,1455.20457485668,1305.5742179135,1655.70360352311,1867.07015739174,1644.231765885
"NM_001271311",715.384676564566,689.727099863576,256.030548992772,1231.56854122867,990.422372553899,1762.01510692571
"NM_001107463",623.076976362686,936.912534496765,837.092787841616,350.548235471194,424.466731094528,372.29005786237
"NM_139341",210.000017959276,137.546733787823,266.925465971188,233.294500423159,264.987821817317,288.243653702661
"NM_178021",523.846198645666,484.403714644072,552.009126906402,652.173360801656,528.030778887351,473.500868505399
"NM_175577",2.30769250504699,9.96715462230601,16.3423754676237,14.5556360749285,13.1278370441607,15.3887782264255
"NM_001007736",1232.30779769509,1435.27026561207,1283.78438395666,583.842735894353,506.637266667237,565.833537863951
"NM_139333",6380.76977645492,5818.82486850225,6288.18291604233,4266.41866285125,3721.49869392614,4127.74382119581
"NM_001006974",583.846203776888,887.076761385235,916.988845683332,290.304075049962,382.652139027942,211.891638656166
"NM_012845",6.92307751514096,3.9868618489224,5.44745848920791,16.9815754207499,10.6967561100568,8.28626519884447
"NM_001006975",115.384625252349,185.389075974892,199.74014460429,191.649208319891,182.331070057787,287.65177761703
"NM_001009647",1287.69241781622,986.748307608295,1074.96514187036,1044.36688837612,1107.11425739088,1161.26088000949
"NM_001108520",916.153924503654,833.254126424782,904.278109208513,885.872184449118,901.444810365699,856.44469590914
"NM_001047855",186.923092908806,55.8160658849137,83.5276968345213,183.158420609516,412.311326424009,145.60151706541
"NM_001305460",73.8461601615036,21.9277401690732,12.7107364748185,32.750181168589,26.7418902751421,31.9613086241144
"NM_001109163",9468.46234820779,51.8292040359912,6017.62581107834,311.328882713748,6617.88851881744,223.729160368801
"NM_001009648",6461.53901413156,3564.25449293663,2829.04677539531,5206.47015935705,6443.8231239356,7280.66772935613
"NM_001126278",4213.8465142158,3091.81136383932,2400.51337424429,4509.0125974334,4634.12647658871,5960.78405839734
"NM_134330",5406.92353932509,5055.34082443361,3411.92483374055,2416.23558843812,2684.39956743745,2923.2759869352
"NM_013166",46.1538501009397,41.8620494136852,36.3163899280527,78.0343822905887,46.6767539347935,46.7582107649081
"NM_001009649",94.6153927069264,109.638700845366,145.265559712211,100.676482851589,115.233236276521,143.234012722883
"NM_021741",170.769245373477,149.50731933459,197.924325107887,128.170462104231,115.233236276521,152.112154007359
"NM_022276",106.153855232161,115.61899361875,101.685891798548,141.108805281945,141.002694178022,155.66341052115
"NM_001014106",477.692348544726,607.996431960667,695.45886712221,858.782528420779,1134.34236385285,886.630376276359
"NM_001024292",122.30770276749,97.6781152985989,123.475725755379,109.975917010571,120.58161433155,190.584099573423
"NM_148892",551.53850870623,663.81249784558,679.116491654586,709.182935428459,717.168875560629,688.943763675355
"NM_001024293",182.307707898712,195.356230597198,210.635061582706,210.652399862159,200.321068970155,178.746577860788
"NM_012904",131.538472787678,133.559871938901,121.659906258977,211.86536953507,330.62700703812,302.448679757823
"NM_001106356",1356.92319296763,1255.86148241056,1516.2092794962,1139.38284608746,1618.12746973951,981.330549977438
"NM_031776",1340.7693454323,1447.23085115883,1029.5696544603,1033.04583809562,1221.37506129376,1234.65351462783
"NM_001007737",85.3846226867385,167.448197654741,181.581949640264,92.5900183655172,81.6843193858886,122.518349725772
"NM_057211",1412.30781308876,1855.88419067338,1281.96856446026,1141.00013898467,1778.09259520354,1055.31506068141
"NM_001106357",420.000035918552,494.370869266378,575.614780359636,496.913242669086,521.709968458681,449.825825080129
"NM_001105760",101.538470222067,121.599286392133,69.0011408633002,103.911068646017,60.7770233525957,94.7001737010797
"NM_001191952",440.769268463974,318.948947913792,321.400050863267,412.005365565336,334.516736532687,383.535703489373
"NM_001014029",228.461557999652,199.34309244612,194.292686115082,253.510661638337,241.1632286631,221.361656026274
"NM_001007738",90.0000076968325,51.8292040359912,134.370642733795,170.220077431802,148.782153167154,283.508645017607
"NM_133535",223.846172989558,197.349661521659,228.793256546732,158.494703926999,123.498911452474,116.007712783823
"NM_001034854",493.846196080055,560.154089773598,501.166181007128,471.036556313657,457.043215611519,551.628511808789
"NM_001011941",1135.38471248312,1140.24248879181,857.066802302045,1133.3179977229,1068.21696244522,907.937915359102
"NM_013218",3175.38488694465,3135.66684417747,2583.91114338095,1874.03814464704,2370.79012693805,1974.49862166751
"NM_031514",390.000033352941,440.548234305926,626.45772625891,556.34875664171,529.975643634634,484.15463804677
"NM_001106347",216.923095474417,221.270832615193,181.581949640264,209.843753413552,234.356202047609,209.524134313639
"NM_001191954",64.6153901413156,35.8817566403016,34.5005704316501,111.997533132088,41.8145920665858,106.537695413715
"NM_184050",1735.38476379533,1933.62799672737,2028.27037748175,1575.64760511101,1258.32749149214,2087.54695402318
"NM_001107584",643.846208908109,645.871619525429,466.665610575478,815.115620195994,908.25183698119,702.556913644885
"NM_001014166",330.000028221719,249.17886555765,208.819242086303,1816.62424679593,2267.22607914523,2073.93380405365
"NM_001107583",2554.61560308701,1646.57394360495,1734.10761906452,4030.69822308227,5070.74861235376,5060.54053215145
"NM_022704",3456.92337256039,2250.5835137167,1764.97655050336,9283.66555323424,7017.07200819729,5315.0472489731
"NM_001107586",1024.61547224086,1297.72353182424,1056.80694690633,1548.55794908267,1537.41558272726,1453.64766631157
"NM_019263",1359.23088547268,960.833705590299,1608.81607381274,751.636873980334,860.602650672755,1187.89530386292
"NM_001106375",3676.15416053985,3091.81136383932,2899.86373575501,4509.4169206577,4369.62487095822,5788.5481174785
"NM_031606",1486.15397325026,1712.35716411217,1361.86462230198,1751.12388445875,1618.61368592633,1678.56057885164
"NM_139194",526.153891150713,576.101537169287,1617.89517129475,275.748438975034,191.569177607382,400.700109972693
"NM_012732",13954.6165780191,10150.5502673564,9364.1811429484,9603.88954688266,10164.3493854881,13875.3510754651
"NM_001024753",1086.92316987713,881.096468611851,1508.94600151059,1008.3821214131,867.409677288245,1460.15830325352
"NM_001191637",2333.0771226025,3081.84420921702,1746.81835553934,2413.8096490923,2072.73960441692,1984.56051512325
"NM_020096",73.8461601615036,229.244556313038,1.81581949640264,324.267225891462,218.311067882524,5.91876085631748
"NM_001007694",85.3846226867385,213.297108917349,597.404614316467,162.133612945731,128.847289507503,379.984446975582
"NM_001191083",138.461550302819,149.50731933459,148.897198705016,113.210502804999,123.498911452474,139.682756209093
"NM_013220",27.6923100605638,25.9146020179956,9.07909748201318,25.4723631311248,50.5664834293596,27.2262999390604
"NM_001107608",205.384632949182,183.395645050431,286.899480431617,392.597850798765,238.245931542175,395.373225202008
"NM_001012072",3258.46181712634,990.735169457217,2498.56762705003,5085.57751529028,8278.80301299717,7044.50917118907
"NM_001107607",2970.00025399547,2557.57187608372,2244.35289755366,3647.39980644249,3685.5186961014,3413.94126192392
"NM_001109165",23.0769250504699,25.9146020179956,21.7898339568316,27.8983024769462,24.3108093410383,33.1450607953779
"NM_001191917",1460.76935569474,1652.55423637834,1516.2092794962,1374.69896263213,1459.13477664912,1122.78893444343
"NM_001106372",2328.46173759241,2067.18786866627,2220.74724410042,2181.32379511775,2309.04067121181,2095.24134313639
"NM_024385",2734.61561848068,1596.73817049342,1545.26239143864,4101.8591105597,3109.83873090562,3167.72081030112
"NM_130408",355.384645777236,817.306679029093,234.24071503594,194.88379411432,205.183230838363,176.379073518261
"NM_019277",168.46155286843,153.494181183513,141.633920719406,151.216885889535,157.534044529928,124.885854068299
"NM_001025646",39.2307725857988,37.8751875647628,105.317530791353,180.328158039392,80.711887012247,110.680828013137
"NM_013162",85659.2380948391,40663.9974280841,37316.9064705706,106436.471505017,129477.911901809,117598.083825915
"NM_001014246",383.0769558378,438.554803381464,383.137913740956,252.297691965427,286.381334037431,243.85294728028
"NM_001191635",563.076971231465,627.930741205279,384.953733237359,380.872477293961,282.005388356044,194.135356087213
"NM_001108523",378.461570827706,472.443129097305,472.113069064686,255.532277759855,289.784847345176,227.280416882591
"NM_001106371",385.384648342847,310.975224215947,223.345798057524,716.05643024162,772.597520858196,652.247446366186
"NM_019184",74983.8525664917,12231.6921524939,8467.1663117255,58082.6484641048,126229.987773847,54515.3387431978
"NM_001013904",107037.701461594,90852.6078132437,72812.5459862493,28856.1441953214,28901.1763608131,25020.3777679109
"NM_138512",78680.775959577,48687.5568990404,43741.2758488431,64251.0035740801,63131.7683453686,40820.5098738504
"NM_001108524",300.000025656108,332.902964385021,644.615921222936,149.195269768017,139.54404561756,155.66341052115
"NM_022587",108.461547737208,69.7700823561421,94.4226138129371,188.414622525463,151.213234101258,247.404203794071
"NM_001106369",265.384638080403,249.17886555765,268.74128546759,264.427388694534,330.1407908513,290.019281959557
"NM_001030038",403.846188383223,281.073760349029,321.400050863267,345.292033555247,419.1183530395,379.984446975582
"NM_001109515",1186.15394759415,1202.0388474501,907.909748201318,632.765846035085,697.720228087798,678.881870219615
"NM_001107595",143.076935312913,412.640201363469,207.003422589901,136.256926590303,143.433775112126,106.537695413715
"NM_001033699",1774.61553638113,1752.2257826014,1679.63303417244,1278.47003524788,1421.2099140771,1400.37881860472
"NM_001004261",900.000076968325,621.950448431895,624.641906762507,674.006814914049,1141.63560665516,726.231957070155
"NM_001107592",943.846234564217,837.240988273705,1234.75725755379,1531.17205043761,1873.39096782041,1473.17957713742
"NM_199104",676.153903978767,520.285471284374,657.326657697755,520.363989678693,688.968336725025,574.711679148427
"NM_134373",385.384648342847,494.370869266378,468.48143007188,229.251268180123,369.524301983782,335.001864467569
"NM_053735",639.230823898015,653.845343223274,655.510838201352,820.776145336244,1000.63291247714,852.893439395349
"NM_001107590",143.076935312913,121.599286392133,145.265559712211,255.936600984159,272.767280806449,1562.55286606782
"NM_001044281",71.5384676564566,91.6978225252153,69.0011408633002,108.76294733766,105.995128726927,114.232084526927
"NM_001106355",6242.3082261521,5729.12047690149,3695.19267517937,5839.23600539214,8201.00842310585,8392.21101817256
"NM_001013153",145.38462781796,87.7109606762929,99.870072302145,132.61801757157,126.90242476022,136.131499695302
"NM_001108928",290.76925563592,332.902964385021,348.637343309306,333.566660050444,325.764845169913,362.22816440663
"NM_001037349",443.076960969021,458.489112626076,499.350361510725,270.896560283391,346.185925016385,348.6150144371
"NM_001107588",3069.23103171249,3476.54353226034,2322.43313589897,2655.59493722584,2550.69011606173,2217.75969286216
"NM_053526",2344.61558512774,2081.14188513749,1570.68386438828,2500.73914231757,2693.15145880022,2743.93753298878
"NM_031839",3060.0002616923,7433.50391731582,4862.76461136626,27836.4410236278,17203.3011220923,29691.4638357166
"NM_031841",879.230844422902,458.489112626076,602.852072805675,801.368630569673,841.154003199924,933.980463126899
"NM_139192",40119.2342002419,24987.6566381212,27769.3275584855,21700.4317715968,131338.175032586,91781.6327228296
"NM_001135713",76.1538526665505,127.579579165517,81.7118773381187,122.914260188285,128.361073320682,149.152773579201
"NM_001113749",357.692338282283,356.824135478555,308.689314388448,384.10706308839,384.110787588405,354.533775293417
"NM_001106360",1813.84630896693,2284.47183943254,1679.63303417244,2104.50238250007,2312.44418451956,2320.15425567645
"NM_001108526",7850.76990216985,6664.0395804738,4274.43909453181,9527.87678071359,10029.6675017387,10705.8546369071
"NM_001107599",856.153919372432,918.971656176614,920.620484676137,940.051496505797,806.146437748829,1068.33633456531
"NM_001107598",1352.30780795753,1180.11110728103,1074.96514187036,938.838526832886,1090.09669085216,1215.71347988761
"NM_001134612",512.307736120431,673.779652467886,559.272404892012,680.880309727209,693.344282406411,646.920561595501
"NM_022948",143.076935312913,87.7109606762929,87.1593358273266,109.571593786267,148.782153167154,151.520277921728
"NM_001014247",120.000010262443,137.546733787823,177.950310647458,181.136804487999,175.037827255476,219.586027769379
"NM_001033064",18.4615400403759,3.9868618489224,12.7107364748185,10.5124038318928,13.6140532309814,26.0425477677969
"NM_001014168",754.615449150364,580.08839901821,626.45772625891,409.175102995211,339.865114587715,575.895431319691
"NM_131904",1403.07704306857,1572.81699939989,1623.34262978396,1219.84316772387,1245.19965444798,1227.55100160025
"NM_181432",140.769242807866,157.481043032435,136.186462230198,160.92064327282,153.644315035362,150.928401836096
"NM_001107601",1091.53855488722,1040.57094256875,737.222715539471,1460.41548618449,1425.09964357166,1580.30914863677
"NM_022869",2083.84633205743,2545.61129053696,2516.72582201405,1390.06324515567,1630.76909059685,1119.82955401527
"NM_001106363",826.153916806821,1048.54466626659,1174.83521417251,564.435221127782,924.783187333096,516.115946670884
"NM_001107603",66.9230826463626,71.7635132806033,70.8169603597028,101.889452524499,88.9775621882001,95.8839258723432
"NM_001014030",717.692369069613,498.3577311153,497.534542014322,679.263016829995,684.106174856817,816.788998171812
"NM_001106364",1710.00014623982,1794.08783201508,1775.87146748178,1586.1600089429,1576.79909385974,1370.78501432313
"NM_001079886",210.000017959276,235.224849086422,250.583090503564,230.464237853034,191.082961420561,309.551192785404
"NM_001128083",627.69236137278,667.799359694503,561.088224388415,978.866526038939,1106.62804120406,1006.18934557397
"NM_001013072",283.846178120779,277.086898500107,276.004563453201,345.696356779551,357.368897313263,371.106305691106
"NM_001134509",1170.00010005882,1311.67754829547,1176.65103366891,1189.9232491254,1258.32749149214,1261.87981456689
"NM_012753",159.230782848242,65.7832205072197,114.396628273366,867.273316131154,1298.68343499826,758.193265694269
"NM_001313908",13.8461550302819,11.9605855467672,7.26327798561055,11.7253735048035,13.1278370441607,10.0618934557397
"NM_001106365",156.923090343195,129.573010089978,165.23957417264,202.970258600391,176.010259629117,224.321036454433
"NM_133544",168.46155286843,219.277401690732,179.766130143861,156.877411029785,193.027826167844,178.154701775156
"NM_001013154",316.153873191437,388.719030269934,463.033971582672,313.754822059569,342.296195521819,258.649849421074
"NM_001008306",60.0000051312216,61.7963586582973,78.0802383453134,71.9695339260352,58.8321586053126,67.4738737620193
"NM_001011943",230.769250504699,243.198572784267,281.452021942409,188.010299301159,198.376204222872,277.58988416129
"NM_001047856",858.461611877479,1142.23591971627,1004.14818151066,919.835335290618,1116.8385811273,967.717400007908
"NM_001012071",39.2307725857988,49.83577311153,41.7638484172606,50.9447262622496,61.2632395394164,41.4313259942224
"NM_133578",159.230782848242,147.513888410129,252.398909999967,190.840561871284,368.55186961014,239.709814680858
"NM_031583",863.076996887573,1036.58408071982,942.410318632968,1159.19468407833,1099.82101458857,1090.23574973368
"NM_022265",1230.00010519004,1060.50525181336,1067.70186388475,1151.91686604087,1091.55533941262,1524.08092050175
"NM_001013155",267.69233058545,231.237987237499,256.030548992772,299.199185984641,239.218363915817,252.731088564756
"NM_017274",6830.76981493908,2356.23535271314,4790.13183151016,6692.76233189697,5958.57936948848,5807.48815221871
"NM_053607",4070.76957890288,3026.0281433321,3253.94853755353,9200.779292252,10069.0510128712,11863.5642604028
"NM_001037652",925.384694523842,819.300109953554,798.96057841716,1097.33323075988,1128.02155342418,1025.12938031419
"NM_001001505",2439.23097783466,1138.24905786735,1025.93801546749,4427.74362934838,5665.87722502238,7391.34855736927
"NM_022260",1047.69239729133,958.840274665838,1309.2058569063,1388.04162903415,1006.95372290581,1334.08869701396
"NM_001134613",41.5384650908458,13.9540164712284,21.7898339568316,52.9663423837675,57.8597262316711,16.5725303976889
"NM_001107444",1176.92317757396,1347.55930493577,1024.12219597109,1201.64862263021,1134.82858003967,1117.46204967274
"NM_001106201",745.384679130177,574.108106244826,764.46000798551,790.047580289173,784.752925528715,727.415709241418
"NM_012701",6.92307751514096,11.9605855467672,9.07909748201318,11.7253735048035,13.1278370441607,13.0212738838985
"NM_001305184",96.9230852119734,55.8160658849137,116.212447769769,150.812562665231,211.504041267033,221.361656026274
"NM_001012173",293.076948140967,370.778151949784,295.97857791363,185.180036731034,186.707015739174,210.116010399271
"NM_001107445",16.1538475353289,7.97372369784481,16.3423754676237,33.5588276171962,27.7143226487836,28.4100521103239
"NM_001134505",11.5384625252349,37.8751875647628,18.1581949640264,11.7253735048035,7.29324280231148,13.0212738838985
"NM_001107446",1179.23087007901,1381.44763065161,1370.94371978399,1428.87827468881,1410.51315796704,1302.12738838985
"NM_001107448",60.0000051312216,73.7569442050645,110.764989280561,67.9263016829995,79.2532384517848,77.535767217759
"NM_001014248",3000.00025656108,3360.92453864159,2941.62758417227,2127.54880628538,2390.7249905977,1910.57600441928
"NM_022540",3990.00034122624,3632.03114436831,3584.42768589881,2310.70722689489,2566.24903404,2933.33788039094
"NM_001127681",593.076973797076,735.576011126184,606.483711798481,623.870735100406,668.061040691732,580.630440004745
"NM_001108527",80.7692376766445,87.7109606762929,96.2384333093398,25.0680399068212,31.6040521433497,50.3094672786986
"NM_133586",1506.92320579568,217.283970766271,205.187603093498,15.7686057478392,17.0175665387268,12.4293977982667
"NM_001106423",85.3846226867385,83.7240988273705,67.1853213668976,69.9479178045173,76.8221575176809,94.7001737010797
"NM_024358",2086.15402456248,1560.85641385312,2139.03536676231,3996.33074901647,3669.47356193632,3094.32817568278
"NM_001013914",60.0000051312216,71.7635132806033,101.685891798548,41.240968878964,29.1729712092459,30.1856803672192
"NM_019123",46.1538501009397,3.9868618489224,16.3423754676237,102.293775748803,65.6391852208033,47.9419629361716
"NM_001047917",267.69233058545,273.100036651185,212.450881079109,254.319308086945,240.190796289458,255.690468992915
"NM_033443",1128.46163496798,1339.58558123793,1378.2069977696,903.662406318476,1061.89615201655,1039.92628245498
"NM_130747",2254.61557743091,2087.12217791088,1338.25896884874,3006.95181914564,2873.53766411072,2121.28389090419
"NM_001006999",131.538472787678,151.500750259051,163.423754676237,100.676482851589,96.7570211773323,104.762067156819
"NM_001037310",18.4615400403759,19.934309244612,19.974014460429,26.6853328040355,18.9624312860098,17.1644064833207
"NM_001191632",879.230844422902,980.768014834911,748.117632517886,770.235742298298,845.529948881311,752.274504837952
"NM_001012463",117.692317757396,123.592717316595,174.318671654653,99.8678364029814,99.1881021114361,93.5164215298162
"NM_001013199",297.692333151061,322.935809762715,332.294967841683,244.211227479355,223.659445937552,220.17790385501
"NM_001134510",20.7692325454229,21.9277401690732,23.6056534532343,39.2193527574461,52.9975643634634,43.7988303367494
"NM_030994",650.76928642325,735.576011126184,499.350361510725,659.855502063424,414.256191171292,565.833537863951
"NM_001025146",1116.92317244274,1168.15052173426,1134.88718525165,1132.9136744986,1257.84127530532,1168.9552691227
"NM_001013909",200.769247939088,239.211710935344,268.74128546759,207.417814067731,192.055393794202,201.237869114794
"NM_022940",193.846170423947,175.421921352586,148.897198705016,118.871027945249,135.654316122994,151.520277921728
"NM_019291",1100.76932490741,1614.67904881357,1565.23640589907,685.327865194549,369.524301983782,483.562761961138
"NM_001107659",71.5384676564566,109.638700845366,52.6587653956765,115.636442150821,82.6567517595301,104.170191071188
"NM_001191702",468.461578524538,354.830704554094,259.662187985577,454.459304117211,517.820238964115,437.396427281862
"NM_030992",990.000084665157,617.963586582973,1143.96628273366,1306.36833772483,1801.91718835776,1083.72511279173
"NM_001024869",309.230795676296,400.679615816702,294.162758417227,259.979833227194,245.052958157666,217.218523426852
"NM_001191566",632.307746382874,625.937310280817,601.036253309273,638.830694399638,529.003211260993,506.645929300776
"NM_053343",41.5384650908458,17.9408783201508,21.7898339568316,50.5404030379461,70.9875632758317,40.2475738229589
"NM_012608",1008.46162470553,356.824135478555,363.163899280527,134.639633693088,224.631878311194,60.3713607344383
"NM_053625",2718.46177094535,2292.44556313038,2106.35061582706,3058.7051918565,3138.03926974122,3471.3532422302
"NM_001100666",34.6153875757048,21.9277401690732,25.4214729496369,32.3458579442855,45.7043215611519,34.9206890522731
"NM_001271167",1218.46164266481,1953.56230597198,966.015972086203,1203.67023875172,1342.44289181213,1466.07706410984
"NM_001135716",145.38462781796,185.389075974892,163.423754676237,115.232118926517,84.6016165068132,81.6788998171812
"NM_053597",1993.8463243606,5456.02044025031,5378.45734834461,2493.0570010558,2947.44252450748,3070.65313225751
"NM_001108555",2273.07711747128,2045.26012849719,1828.53023287746,3030.80688937955,2531.2414685889,2968.85044552885
"NM_031114",339.230798241907,1010.66947870183,1574.31550338109,220.760480469748,248.456471465411,282.324892846344
"NM_172072",198.461555434041,229.244556313038,201.555964100693,208.630783740641,238.732147728996,196.50286042974
"NM_001107712",325.384643211625,406.659908590085,443.059957122243,357.826053508658,418.145920665858,362.22816440663
"NM_001191102",576.923126261747,458.489112626076,473.928888561088,1024.15072716094,1230.12695265654,1383.2144121214
"NM_001106465",122.30770276749,45.8489112626076,54.4745848920791,179.519511590784,225.118094498014,195.319108258477
"NM_031027",3369.2310573686,2447.93317523836,2113.61389381267,6431.16520577256,5386.30291760044,4758.68372847925
"NM_001106467",43.8461575958927,49.83577311153,54.4745848920791,60.6484836455353,62.7218880998787,38.4719455660636
"NM_001107722",692.307751514096,817.306679029093,664.589935683365,528.450454164764,567.414290019833,490.073398903087
"NM_001106473",223.846172989558,197.349661521659,317.768411870461,154.855794908267,158.50647690357,224.321036454433
"NM_001012084",4128.46189152906,4064.60565497639,2972.49651561112,4594.72912098575,1772.25800096169,5808.67190438998
"NM_021682",57.6923126261747,57.8094968093749,49.0271264028712,87.3338164495708,108.426209661031,110.088951927505
"NM_053295",48.4615426059867,29.901463866918,23.6056534532343,12.1296967291071,9.72432373641531,7.10251302758098
"NM_017091",80.7692376766445,131.566441014439,56.2904043884817,57.4138978511067,59.3183747921334,76.9438911321273
"NM_001106399",73.8461601615036,85.7175297518317,56.2904043884817,84.0992306551422,88.0051298145585,91.740793272921
"NM_001106400",154.615397838148,185.389075974892,170.687032661848,209.035106964945,236.301066794892,198.278488686636
"NM_001106401",602.307743817263,667.799359694503,608.299531294883,745.57202561578,697.720228087798,762.336398293692
"NM_031130",39.2307725857988,43.8554803381464,27.2372924460396,63.4787462156602,80.711887012247,56.2282281350161
"NM_001108934",230.769250504699,107.645269920905,143.449740215808,260.788479675802,179.413772936862,194.727232172845
"NM_013135",766.153911675599,584.075260867132,722.696159568249,719.695339260352,706.958335637393,621.469889913336
"NM_001109505",140.769242807866,139.540164712284,130.73900374099,131.000724674356,159.478909277211,169.868436576312
"NM_001191957",429.230805938739,378.751875647628,463.033971582672,454.863627341515,534.837805502842,420.823896884173
"NM_130400",911.53853949356,883.089899536312,708.169603597028,1176.98490594769,1407.10964465929,1135.81020832732
"NM_133395",1633.84629357327,1361.513321407,1363.68044179838,2427.15231549432,2218.11824427633,2077.48506056744
"NM_139102",5439.23123439575,4513.12761298016,3548.11129597075,6282.77858245315,7693.39872406497,10196.8412032638
"NM_001008372",1495.38474327045,1016.64977147521,1085.86005884878,1646.40416936413,1621.53098304725,1686.25496796485
"NM_001100636",1359.23088547268,1387.427923425,1321.91659338112,1238.03771281753,1265.62073429445,1246.49103634046
"NM_001107646",1290.00011032127,1570.82356847543,1380.022817266,1305.96401450053,1338.55316231757,1622.92422680225
"NM_199268",16.1538475353289,11.9605855467672,12.7107364748185,45.2842011219997,46.1905377479727,27.2262999390604
"NM_001025647",177.692322888618,191.369368748275,192.47686661868,154.451471683963,150.727017914437,137.315251866566
"NM_013134",9701.53929121753,8683.385106953,7998.68488165361,10426.6873083404,10706.9666499801,4552.71085067941
"NM_138516",154.615397838148,149.50731933459,157.976296187029,179.923834815088,189.138096673278,126.661482325194
"NM_001011946",1246.15395272537,1505.04034796821,1038.64875194231,907.705638561511,1144.06668758926,1148.83148221122
"NM_001003401",1753.84630383571,2093.10247068426,2769.12473201402,462.950091827586,896.09643231067,340.920625323887
"NM_001108542",110.769240242255,308.981793291486,566.535682877623,14.959959299232,18.4762150991891,9.47001737010797
"NM_001100692",3036.92333664183,3460.59608486465,3036.05019798521,2642.25227082382,2232.70472988095,2136.08079304498
"NM_031329",775.384681695787,787.405215162175,1067.70186388475,676.028431035566,837.750489892179,750.498876581057
"NM_013005",1054.61547480647,781.424922388791,604.667892302078,1912.44885095588,2140.32365438501,1393.86818166277
"NM_001100637",833.076994321962,1036.58408071982,757.1967299999,780.748146130191,795.449681638772,776.541424348854
"NM_053970",2081.53863955238,1995.42435538566,1788.5822039566,2108.94993796741,1994.45879833878,2186.39026032368
"NM_053376",221.538480484511,201.336523370581,261.47800748198,230.464237853034,247.97025527859,243.85294728028
"NM_001191844",13.8461550302819,37.8751875647628,67.1853213668976,8.89511093467851,8.75189136277378,3.55125651379049
"NM_001270039",9.23077002018795,7.97372369784481,14.5265559712211,9.70375738328564,13.6140532309814,16.5725303976889
"NM_053887",870.000074402714,697.700823561421,996.884903525048,720.503985708959,719.113740307912,625.021146427126
"NM_001034093",814.615454281586,970.800860212605,980.542528057424,752.849843653244,830.943463276688,670.003728935139
"NM_053719",99.2307777170204,53.8226349604525,79.896057841716,103.911068646017,115.719452463342,116.599588869454
"NM_001013157",4975.3850408813,4624.75974474999,4042.01419899227,6272.26617862126,6912.53552803082,7435.73926379165
"NM_017094",14224.6166011096,6915.21187695591,6161.07555129415,13914.379441183,14368.1745367404,15695.3700387827
"NM_001127580",71.5384676564566,51.8292040359912,67.1853213668976,97.0375738328564,96.2708049905115,118.37521712635
"NM_001106414",360.00003078733,418.620494136852,299.610216906435,381.276800518265,338.406466027253,302.448679757823
"NM_176074",2201.53864981483,1955.55573689644,1343.70642733795,6187.35830151751,5010.94402137481,7066.40858635744
"NM_001005384",1437.69243064427,2128.98422732456,2605.70097733778,150.812562665231,113.774587716059,134.947747524039
"NM_001034111",25.3846175555169,119.605855467672,103.50171129495,176.689249020659,20.9072960332929,304.81618410035
"NM_012630",46.1538501009397,93.6912534496765,187.029408129472,284.643549909712,27.2281064619629,607.264863858174
"NM_001106418",124.615395272537,137.546733787823,108.949169784158,152.429855562445,155.102963595824,133.172119267143
"NM_001109177",387.692340847894,621.950448431895,277.820382949603,524.407221921728,302.912684389337,341.512501409519
"NM_001106420",364.615415797424,424.600786910236,317.768411870461,645.299865988495,668.547256878552,741.028859210949
"NM_001011947",634.615438887921,578.094968093749,746.301813021484,849.887417486101,899.986161805237,771.8064156638
"NM_001270972",1943.07708924956,1820.00243403308,2322.43313589897,2009.89074801304,2103.37122418663,1544.20470741323
"NM_001107655",789.230836726069,811.326386255709,793.513119927952,900.832143748351,828.998598529405,823.299635113762
"NM_001034912",1373.07704050296,2001.40464815905,1679.63303417244,611.336715146996,972.918589828351,533.280353154205
"NM_001107657",1232.30779769509,1243.90089686379,1846.68842784148,1622.14477590592,1629.79665822321,1498.03837273395
"NM_001108545",48.4615426059867,35.8817566403016,38.1322094244554,55.7966049538924,80.2256708254263,62.7388650769653
"NM_053714",2166.92326223912,2248.59008279224,1588.84205935231,4159.67733163511,3331.06709590906,3822.92763709546
"NM_001037648",53.0769276160807,53.8226349604525,85.3435163309239,60.6484836455353,56.8872938580295,60.9632368200701
"NM_001302889",1626.92321605813,1734.28490428125,1271.07364748185,1357.31306398708,1713.9120585432,1481.46584233627
"NM_001100645",36.9230800807518,49.83577311153,59.922043381287,55.3922817295889,40.3559435061235,46.7582107649081
"NM_001109179",403.846188383223,629.92417212974,599.22043381287,386.128679209908,451.20862136967,417.864516456014
"NM_001108939",143.076935312913,65.7832205072197,88.9751553237292,334.375306499051,210.531608893391,260.425477677969
"NM_019138",159.230782848242,79.7372369784481,134.370642733795,231.677207525945,201.293501343797,256.282345078547
"NM_012532",17720.7707462558,7503.27399967196,5972.23032366827,12315.6854122867,11372.5966097377,9864.20684313871
"NM_019300",9.23077002018795,3.9868618489224,30.8689314388448,59.031190748321,41.3283758797651,35.5125651379049
"NM_001106478",410.769265898364,462.475974474999,577.430599856038,688.158127764674,593.183747921334,783.643937376435
"NM_001270961",133.846165292725,121.599286392133,138.0022817266,135.448280141695,150.240801727616,146.785269236674
"NM_001108941",2900.76947884406,2746.94781390754,2293.38002395653,4011.69503154001,3113.72846040018,2833.90269800481
"NM_001127524",332.307720726766,1002.69575500398,684.563950143794,612.95400804421,253.318633333619,162.174047463099
"NM_001108547",131.538472787678,93.6912534496765,279.636202446006,621.040472530281,242.135661036741,359.268783978471
"NM_001191704",1963.84632179499,2734.98722836077,2211.66814661841,1428.87827468881,1613.2653078713,1315.14866227374
"NM_001106422",36.9230800807518,51.8292040359912,43.5796679136633,56.6052514024996,50.5664834293596,34.9206890522731
"NM_032059",2217.69249735015,1979.47690798997,2100.90315733785,2533.48932348616,2518.11363154474,2237.88347977364
"NM_001044696",2.30769250504699,1.9934309244612,3.63163899280527,4.85187869164282,2.91729712092459,0.591876085631748
"NM_001025147",4.61538501009397,11.9605855467672,5.44745848920791,12.1296967291071,12.6416208573399,18.9400347402159
"NM_138976",1502.30782078559,2069.18129959073,2011.92800201412,1974.71462749863,1654.10746756424,1516.97840747417
"NM_001009653",1440.00012314932,1297.72353182424,798.96057841716,1228.33395543424,1996.88987927288,1637.72112894305
"NM_001012180",196.153862928994,257.152589255495,595.588794820065,122.509936963981,119.122965771088,146.785269236674
"NM_001108549",154.615397838148,203.329954295043,256.030548992772,140.704482057642,210.045392706571,109.497075841873
"NM_001191705",290.76925563592,171.435059503663,116.212447769769,265.640358367444,228.52160780576,265.160486363023
"NM_001047910",348.461568262095,233.231418161961,172.502852158251,329.523427807408,367.093221049678,349.798766608363
"NM_153740",267.69233058545,265.12631295334,208.819242086303,320.62831687273,289.298631158355,306.591812357246
"NM_001191846",563.076971231465,524.272333133296,502.98200050353,787.217317719048,850.392110749519,655.798702879977
"NM_001107675",78.4615451715975,39.868618489224,36.3163899280527,66.3090087857852,70.0151309021902,50.9013433643303
"NM_001109183",396.923110868082,209.310247068426,297.794397410032,339.631508414997,445.374027127821,414.313259942224
"NM_001245978",6.92307751514096,17.9408783201508,7.26327798561055,24.6637166825177,7.77945898913225,17.1644064833207
"NM_053785",4336.15421698329,4525.08819852693,3373.7926243161,5382.3507619291,7338.46090768581,4732.04930462583
"NM_001169130",6.92307751514096,5.98029277338361,5.44745848920791,21.0248076637856,24.3108093410383,39.6556977373271
"NM_001099498",6.92307751514096,23.9211710935344,12.7107364748185,9.29943415898207,19.9348636596514,13.0212738838985
"NM_017303",57.6923126261747,71.7635132806033,49.0271264028712,33.1545043928926,40.8421596929443,36.1044412235366
"NM_001014171",221.538480484511,199.34309244612,177.950310647458,450.820395098479,512.471860909087,506.054053215145
"NM_001037185",477.692348544726,504.338023888684,653.695018704949,1233.59015735019,694.802930966874,864.730961107984
"NM_001014793",1077.69239985694,964.820567439222,1178.46685316531,908.109961785815,1058.00642252199,909.713543615997
"NM_001107681",717.692369069613,671.786221543425,497.534542014322,748.806611410209,683.619958669996,530.320972726046
"NM_022942",96.9230852119734,177.415352277047,63.5536823740923,190.031915422677,126.416208573399,205.972877799848
"NM_001191567",1481.53858824017,1538.92867368405,1434.49740215808,2099.24618058413,1542.27774459547,1704.60312661943
"NM_001107684",863.076996887573,920.965087101075,900.646470215708,887.085154122029,1037.58534267551,869.465969793038
"NM_031317",170.769245373477,129.573010089978,154.344657194224,116.445088599428,151.699450288079,103.578314985556
"NM_017090",325.384643211625,227.251125388577,245.135632014356,307.689973695016,456.070783237878,398.332605630166
"NM_001135717",87.6923151917855,95.6846843741377,105.317530791353,90.5684022439993,100.160534485078,84.63828024534
"NM_021763",468.461578524538,715.641701881572,630.089365251715,340.035831639301,388.972949456612,322.572466669303
"NM_023982",1287.69241781622,1026.61692609752,985.989986546632,1513.78615179256,1455.24504715455,1538.87782264255
"NM_001106450",378.461570827706,436.561372457003,323.215870359669,354.995790938533,472.115917402963,587.732953032326
"NM_030860",636.923131392968,819.300109953554,788.065661438744,688.966774213281,890.748054255642,653.43119853745
"NM_031667",23.0769250504699,15.9474473956896,29.0531119424422,21.4291308880891,14.586485604623,17.1644064833207
"NM_001107689",2079.23094704733,2376.16966195775,1703.23868762567,2487.39647591555,2181.65203026477,2189.34964075184
"NM_001011950",985.384699655063,1235.92717316595,1074.96514187036,732.633682438066,841.640219386745,1042.29378679751
"NM_057208",18.4615400403759,19.934309244612,25.4214729496369,19.0031915422677,23.3383769673967,14.205026055162
"NM_020308",348.461568262095,197.349661521659,232.424895539538,463.354415051889,496.912942930822,420.823896884173
"NM_173111",2402.30789775391,2449.92660616282,2725.54506410036,1508.52994987661,1647.30044094875,1622.92422680225
"NM_001024888",362.307723292377,316.955516989331,384.953733237359,458.90685958455,497.885375304464,480.011505447348
"NM_152847",126.923087777584,101.664977147521,141.633920719406,134.235310468785,136.140532309814,131.396491010248
"NM_001014038",113.076932747302,95.6846843741377,70.8169603597028,87.3338164495708,172.606746321372,140.274632294724
"NM_001014039",115.384625252349,109.638700845366,92.6067943165345,137.874219487517,125.443776199757,153.887782264255
"NM_001024302",186.923092908806,247.185434633189,248.767271007161,252.297691965427,272.767280806449,282.916768931976
"NM_017320",777.692374200834,813.31981718017,873.409177769668,1247.33714697651,1417.32018458253,1463.70955976731
"NM_001007697",456.923115999303,328.916102536098,444.875776618646,326.28884201298,316.526737620318,284.100521103239
"NM_001191096",85.3846226867385,189.375937823814,319.584231366864,99.8678364029814,74.3910765835771,85.2301563309717
"NM_001100836",143.076935312913,97.6781152985989,150.713018201419,177.093572244963,195.458907101948,242.077319023385
"NM_022382",1204.61548763453,1610.69218696465,1323.73241287752,1367.82546781897,1340.49802706485,1276.67671670768
"NM_001168641",274.615408100591,263.132882028879,279.636202446006,275.748438975034,282.977820729685,266.936114619918
"NM_001042619",99.2307777170204,1.9934309244612,1.81581949640264,1.61729289721427,16.0451341650853,19.5319108258477
"NM_001004096",41.5384650908458,37.8751875647628,16.3423754676237,111.593209907785,76.3359413308602,73.9845107039685
"NM_001106452",1767.69245886599,1835.94988142877,1432.68158266168,3380.54647840214,2904.65550006725,2605.43852895096
"NM_001013201",392.307725857988,342.870119007327,352.268982302112,362.677932200301,456.070783237878,350.390642693995
"NM_001107707",180.000015393665,133.559871938901,147.081379208614,168.198461310284,172.606746321372,197.686612601004
"NM_001109584",528.46158365576,530.25262590668,582.878058345246,626.700997670531,634.99833998792,481.195257618611
"NM_001100986",2526.92329302645,2623.35509659094,2126.32463028749,3145.63468508176,2893.47252777037,2657.52362448655
"NM_138876",4.61538501009397,3.9868618489224,5.44745848920791,6.87349481316066,4.37594568138689,5.91876085631748
"NM_001106460",11.5384625252349,7.97372369784481,16.3423754676237,26.281009579732,21.3935122201137,16.5725303976889
"NM_139084",759.230834160458,759.497182219718,993.253264532242,778.726530008673,548.451858733823,580.038563919113
"NM_001007639",327.692335716672,388.719030269934,288.715299928019,389.363265004336,472.115917402963,333.818112296306
"NM_134365",7744.61604693769,6933.15275527606,6633.18862035883,6771.60536063616,7668.60169853711,7916.93452141026
"NM_001191711",385.384648342847,279.080329424568,412.191025683399,407.962133322301,481.354024952558,354.533775293417
"NM_001025018",1894.61554664358,1873.82506899353,1503.49854302138,1976.73624362015,2095.5917651975,2317.19487524829
"NM_001013913",1527.6924383411,432.574510608081,532.035112445973,1724.84287487902,1728.012327961,1412.21634031735
"NM_013106",6936.92367017124,8007.61202356065,7671.83737230114,4430.5738919185,4831.04403225112,4559.81336370699
"NM_001100702",108.461547737208,147.513888410129,123.475725755379,138.682865936124,151.699450288079,145.60151706541
"NM_001163568",267.69233058545,408.653339514546,315.952592374059,422.517769397229,337.434033653611,398.924481715798
"NM_001127544",117.692317757396,151.500750259051,283.267841438811,139.895835609035,152.1856664749,151.520277921728
"NM_001191714",96.9230852119734,71.7635132806033,74.4485993525081,94.2073112627315,124.471343826116,113.640208441296
"NM_001106466",311.538488181343,316.955516989331,305.057675395643,211.86536953507,214.421338387958,201.829745200426
"NM_001134856",57.6923126261747,21.9277401690732,36.3163899280527,85.3122003280529,110.857290595135,74.5763867896003
"NM_001108564",2829.23101118761,2525.67698129234,1748.63417503574,3106.01100910001,3495.8943832413,4132.47882988087
"NM_001012083",343.846183252001,420.613925061314,430.349220647425,309.711589816533,285.89511785061,271.079247219341
"NM_001107721",48.4615426059867,53.8226349604525,130.73900374099,57.8182210754103,36.9524301983782,43.7988303367494
"NM_001009405",1848.46169654264,1526.96808813728,1483.52452856095,3129.86607933392,2718.92091670172,3006.73051500928
"NM_001191963",34.6153875757048,29.901463866918,63.5536823740923,63.4787462156602,58.3459424184918,46.1663346792764
"NM_001309453",4534.61577241733,5737.09420059934,4746.55216359649,3596.45508018024,3748.7268003881,3583.80969850023
"NM_001039609",343.846183252001,452.508819852693,508.429458992738,393.002174023069,313.123224312573,330.266855782515
"NM_133584",216.923095474417,209.310247068426,288.715299928019,116.849411823731,67.0978337812656,118.37521712635
"NM_001106468",313.84618068639,374.765013798706,292.346938920825,274.535469302123,307.774846257544,285.876149360134
"NM_012519",76.1538526665505,57.8094968093749,87.1593358273266,94.611634487035,95.7845888036908,111.272704098769
"NM_001109651",152.307705333101,125.586148241056,152.528837697822,153.642825235356,134.195667562531,84.63828024534
"NM_134383",1010.76931721058,715.641701881572,546.561668417194,470.22790986505,591.238883174051,606.08111168691
"NM_012842",726.923139089801,462.475974474999,359.532260287722,872.125194822797,987.018859246154,784.235813462066
"NM_057186",11280.0009646697,6610.21694551335,5743.43706712154,16755.1544151399,17698.7554164627,16196.6890833128
"NM_001134513",452.307730989209,408.653339514546,368.611357769735,584.247059118656,896.582648497491,739.253230954053
"NM_053757",660.000056443438,899.037346932002,956.93687460419,612.145361595603,709.389416571497,497.175911930668
"NM_001107725",330.000028221719,372.771582874245,455.770693597062,207.822137292034,208.586744146108,189.992223487791
"NM_001031655",2217.69249735015,2176.82656951163,3506.34744755349,693.41432968062,977.780751696559,979.554921720543
"NM_001276711",1086.92316987713,1114.32788677381,1496.23526503577,1095.31161463837,1238.39262783249,1132.85082789917
"NM_001047918",55.3846201211277,31.8948947913792,67.1853213668976,60.6484836455353,60.2908071657749,73.9845107039685
"NM_001191608",1043.07701228124,1004.68918592845,1125.80808776963,1124.42288678822,867.409677288245,899.059774074625
"NM_017041",678.461596483814,795.37893886002,817.118773381187,591.929200380424,778.432115100045,717.353815785679
"NM_001107728",773.07698919074,771.457767766485,878.856636258876,769.831419073994,731.755361165252,713.210683186256
"NM_001004090",43.8461575958927,45.8489112626076,50.8429458992738,70.3522410288209,62.235671913058,57.4119803062796
"NM_199407",4.61538501009397,3.9868618489224,3.63163899280527,17.790221869357,15.5589179782645,26.6344238534287
"NM_001105755",1310.76934286669,1530.9549499862,1387.28609525161,1394.91512384731,1336.12208138346,1234.06163854219
"NM_053326",576.923126261747,667.799359694503,541.114209927986,733.846652110977,687.509688164562,702.556913644885
"NM_001100518",973.846237129828,1094.3935775292,946.041957625774,974.014647347296,939.369672937719,842.831545939609
"NM_001011929",2582.30791314758,3069.88362367025,2745.51907856079,1495.9959299232,1491.71126116611,1431.15637505757
"NM_022297",3378.46182738879,1965.52289151875,2191.69413215798,3620.71447363846,4779.50511644812,3280.17726657115
"NM_001305229",274.615408100591,476.429990946227,325.031689856072,519.959666454389,423.494298720887,635.083039882866
"NM_023969",69.2307751514096,31.8948947913792,36.3163899280527,35.9847669630176,37.4386463851989,29.5938042815874
"NM_001077645",163.846167858336,197.349661521659,138.0022817266,224.39938948848,178.927556750042,182.297834374578
"NM_001100794",549.230816201183,609.989862885128,610.115350791286,415.644274584068,460.446728919265,425.558905569227
"NM_022294",339.230798241907,354.830704554094,259.662187985577,372.78601280789,401.614570313952,329.674979696884
"NM_001011953",1590.00013597737,1688.43599301864,1612.44771280554,1667.83330025222,1628.33800966274,1731.23755047286
"NM_001012183",731.538524099895,731.589149277261,593.772975323662,637.213401502424,788.156438836461,640.409924653551
"NM_001024307",18.4615400403759,17.9408783201508,39.948028920858,11.7253735048035,10.2105399232361,5.91876085631748
"NM_012704",475.384656039679,225.257694464116,279.636202446006,452.842011219997,569.845370953937,530.912848811678
"NM_001191570",429.230805938739,420.613925061314,372.242996762541,683.306249073031,848.933462189056,655.206826794345
"NM_001085353",60.0000051312216,39.868618489224,41.7638484172606,72.3738571503388,78.2808060781432,60.3713607344383
"NM_030836",2208.46172732997,1963.52946059428,2177.16757618676,2447.7727999338,2018.76960767982,2602.4791485228
"NM_022278",1269.23087777584,1050.53809719105,897.014831222903,1338.71419566912,1583.60612047523,1618.1892181172
"NM_001107645",932.307772038983,1130.2753341695,579.246419352441,909.322931458725,956.873455663266,1014.47561077282
"NM_001108540",216.923095474417,265.12631295334,157.976296187029,197.714056684445,162.882422584956,204.197249542953
"NM_001109468",1026.92316474591,867.142452140623,1338.25896884874,488.422454958711,352.020519258234,346.247510094573
"NM_001009698",168.46155286843,205.323385219504,145.265559712211,162.133612945731,187.679448112815,139.682756209093
"NM_001191842",420.000035918552,406.659908590085,457.586513093464,297.177569863123,266.9326865646,268.711742876814
"NM_052981",410.769265898364,542.213211453447,553.824946402804,395.832436593194,489.619700128511,365.77942092042
"NM_001134705",4292.30805938739,3600.13624957693,3488.18925258947,3640.52631162933,4149.36893832841,3584.9934506715
"NR_002705",9.23077002018795,19.934309244612,21.7898339568316,14.5556360749285,17.0175665387268,25.4506716821652
"NM_024349",16.1538475353289,15.9474473956896,21.7898339568316,16.9815754207499,27.2281064619629,10.6537695413715
"NM_001191843",120.000010262443,93.6912534496765,25.4214729496369,29.1112721498569,78.767022264964,5.91876085631748
"NM_078617",2923.84640389453,5360.33575587617,4755.63126107851,2370.14274086752,2625.56740883213,2545.06716821652
"NM_001013156",533.076968665854,574.108106244826,522.956014963959,491.252717528836,475.033214523888,550.444759637526
"NM_001191958",510.000043615384,594.042415489438,704.537964604223,563.222251454871,479.409160205275,447.458320737602
"NM_001134748",78.4615451715975,131.566441014439,76.2644188489108,114.019149253606,106.481344913748,127.845234496458
"NM_017133",27.6923100605638,5.98029277338361,9.07909748201318,19.4075147665713,9.72432373641531,21.3075390827429
"NM_030850",29003.0794034305,49146.0460116665,17201.2580894222,17089.9340448632,79812.3870666286,79931.0897363107
"NM_001014256",12558.4626124657,8998.34719301787,5763.41108158197,13793.8911203405,21488.3243765437,18859.53959257
"NM_001106402",302.307718161155,201.336523370581,199.74014460429,303.242418227676,481.354024952558,440.947683795652
"NM_001108541",295.384640646014,306.988362367025,315.952592374059,289.091105377051,293.674576839742,333.818112296306
"NM_001025729",507.692351110337,404.666477665624,575.614780359636,460.119829257461,490.105916315331,486.522142389297
"NM_012950",295.384640646014,245.192003708728,292.346938920825,171.433047104713,187.679448112815,266.344238534287
"NM_019223",290.76925563592,374.765013798706,294.162758417227,283.026257012498,280.060523608761,281.14114067508
"NM_001108935",2423.07713029934,2471.85434633189,2017.37546050333,2100.86347348134,2319.25121113505,2004.0924259491
"NM_134415",581.538511271841,797.372369784481,824.382051366797,475.8884350053,444.40159475418,414.313259942224
"NM_001100665",544.615431191089,693.713961712498,593.772975323662,490.848394304532,613.118611580985,625.613022512758
"NM_207595",115.384625252349,105.651838996444,110.764989280561,83.2905842065351,78.2808060781432,76.3520150464955
"NM_001107647",385.384648342847,607.996431960667,691.827228129405,328.310458134498,414.742407358113,311.3268210423
"NM_001008309",1098.46163240237,2633.32225121325,2689.22867417231,1667.83330025222,1752.80935348886,1763.19885909698
"NM_001107648",196.153862928994,213.297108917349,234.24071503594,173.454663226231,201.293501343797,152.112154007359
"NM_001199192",740.769294120083,490.384007417456,566.535682877623,556.34875664171,505.664834293596,678.289994133983
"NM_019217",39.2307725857988,45.8489112626076,99.870072302145,50.1360798136425,56.4010776712088,22.4912912540064
"NM_001012177",1788.46169141141,1391.41478527392,1203.88832611495,2178.49353254763,2611.95335560115,2823.24892846344
"NM_001199195",25.3846175555169,37.8751875647628,21.7898339568316,46.9014940192139,18.4762150991891,9.47001737010797
"NM_022509",533.076968665854,468.456267248382,590.141336330857,309.30726659223,353.479167818696,255.690468992915
"NM_001077428",364.615415797424,344.863549931788,390.401191726567,255.127954535552,263.529173256855,245.036699451544
"NM_001108936",394.615418363035,304.994931442564,386.769552733762,261.597126124409,224.631878311194,216.034771255588
"NM_001024778",553.846201211277,731.589149277261,722.696159568249,394.619466920283,429.328892962736,377.025066547424
"NM_001134761",413.076958403411,338.883257158404,419.454303669009,251.893368741123,295.133225400205,509.013433643303
"NM_171991",177.692322888618,77.7438060539869,370.427177266138,886.276507673422,375.358896225631,578.262935662218
"NM_001191605",489.230811069961,432.574510608081,464.849791079075,422.113446172925,493.509429623077,435.620799024967
"NM_001106404",1834.61554151235,2362.21564548652,1908.42629071917,1812.17669132859,1976.95501561323,1794.56829163546
"NM_001106405",115.384625252349,69.7700823561421,163.423754676237,151.621209113838,117.664317210625,203.01349737169
"NM_020092",510.000043615384,663.81249784558,593.772975323662,651.769037577352,624.787800064683,614.959252971386
"NM_181629",90.0000076968325,259.146020179956,87.1593358273266,51.7533727108568,77.7945898913225,49.7175911930668
"NM_001013908",1299.23088034145,1670.49511469849,1256.54709151062,1220.24749094817,1368.69856590045,1060.64194545209
"NM_001106406",276.923100605638,364.7978591764,305.057675395643,306.477004022105,325.764845169913,237.342310338331
"NM_001106407",32.3076950706578,41.8620494136852,49.0271264028712,70.3522410288209,36.9524301983782,60.3713607344383
"NM_001008373",203.076940444135,281.073760349029,279.636202446006,389.363265004336,322.847548048988,314.87807755609
"NM_001106408",237.69232801984,179.408783201508,208.819242086303,120.892644066767,127.388640947041,175.787197432629
"NM_001277209",186.923092908806,187.382506899353,161.607935179835,125.340199534106,121.554046705191,115.415836698191
"NM_001107651",18.4615400403759,7.97372369784481,38.1322094244554,50.1360798136425,19.4486474728306,42.6150781654859
"NM_031821",2487.69252044065,3275.20700888975,4421.52047374042,2943.87739615428,2200.61446155078,1617.59734203157
"NM_001109491",23.0769250504699,25.9146020179956,7.26327798561055,37.6020598602319,30.1454035828875,29.5938042815874
"NM_001106410",1555.38474840167,1570.82356847543,1779.50310647458,1894.65862908652,2167.06554466015,1935.43480001582
"NM_001168000",394.615418363035,448.52195800377,395.848650215775,466.184677622014,475.033214523888,488.889646731824
"NM_001008725",12083.077956426,14129.438392581,12302.1770881279,9655.23859636921,11904.5171181196,10897.0306125661
"NM_001035251",406.15388088827,430.58107968362,492.087083525115,352.974174817015,400.642137940311,375.249438290528
"NM_022538",613.846206342498,442.541665230387,433.98085964023,562.413605006264,647.153744658439,581.222316090377
"NM_001106411",43.8461575958927,21.9277401690732,47.2113069064686,42.8582617761783,52.9975643634634,66.2901215907558
"NM_153468",32.3076950706578,11.9605855467672,36.3163899280527,42.0496153275711,60.2908071657749,49.7175911930668
"NM_022604",85.3846226867385,195.356230597198,254.214729496369,1.61729289721427,18.4762150991891,46.1663346792764
"NM_017119",9.23077002018795,5.98029277338361,3.63163899280527,12.9383431777142,14.586485604623,12.4293977982667
"NM_001107652",616.153898847545,562.147520698059,584.693877841649,536.941241875139,646.181312284797,492.440903245614
"NM_001007634",960.000082099546,1313.67097921993,1305.5742179135,487.2094852858,484.757538260303,465.214603306554
"NM_001162413",429.230805938739,185.389075974892,161.607935179835,141.917451730553,139.057829430739,148.560897493569
"NM_001106412",1008.46162470553,1154.19650526304,1147.59792172647,828.862609822315,939.855889124539,949.369241353324
"NM_001108937",1375.384733008,1247.88775871271,1336.44314935234,1406.64049735211,1377.93667345005,1293.24924710537
"NM_017268",26141.5406971723,4299.83050406281,4855.50133338065,64314.4823202957,41319.1377722155,16257.6523201329
"NM_001014037",122.30770276749,137.546733787823,139.818101223003,196.096763787231,112.802155342418,176.379073518261
"NM_001100698",505.38465860529,472.443129097305,439.428318129438,569.691423043728,588.321586053126,491.257151074351
"NM_019192",2203.84634231987,21.9277401690732,18.1581949640264,29.5155953741605,30.1454035828875,40.2475738229589
"NM_001083911",25.3846175555169,23.9211710935344,18.1581949640264,10.9167270561963,25.2832417146798,22.4912912540064
"NM_001191959",131.538472787678,107.645269920905,67.1853213668976,238.550702339105,307.288630070724,249.771708136598
"NM_001134548",777.692374200834,701.687685410343,720.880340071847,658.642532390513,683.619958669996,783.643937376435
"NM_001107672",660.000056443438,647.865050449891,653.695018704949,464.163061500497,573.248884261682,414.905136027855
"NM_031106",36.9230800807518,65.7832205072197,52.6587653956765,20.620484439482,25.7694579015006,26.0425477677969
"NM_001106413",1137.69240498816,1491.08633149698,1029.5696544603,1307.98563062204,1674.52854741072,1477.91458582248
"NM_019142",1098.46163240237,1644.58051268049,1323.73241287752,794.495135756512,733.700225912535,754.642009180479
"NM_032076",2.30769250504699,3.9868618489224,19.974014460429,8.49078771037494,6.80702661549071,8.28626519884447
"NM_024159",696.92313652419,574.108106244826,497.534542014322,731.825035989459,742.452117275309,702.556913644885
"NM_057146",28084.6177864218,14442.4070477214,14640.9525994945,46652.0265898186,40691.9188912167,38490.2937247182
"NM_001109176",85.3846226867385,95.6846843741377,101.685891798548,149.59959299232,170.661881574089,182.88971046021
"NM_031048",7710.00065936198,13810.4894446672,7047.19546553863,598.398371969281,399.669705566669,494.21653150251
"NM_053952",590.769281292028,697.700823561421,675.484852661781,618.61453318446,510.526996161804,470.54148807724
"NM_001106416",41.5384650908458,87.7109606762929,92.6067943165345,76.4170893933744,52.0251319898219,51.4932194499621
"NM_001044252",6186.92360603097,4718.45099819967,3422.81975071897,9417.49654047872,9469.54645452123,8063.1279145613
"NM_031835",3463.84645007553,2932.33688988243,2086.37660136663,4031.10254630658,4934.12186385713,9302.51643787418
"NM_138856",542.307738686042,456.495681701615,446.691596115049,492.87001042605,540.18618355787,287.059901531398
"NM_001106419",205.384632949182,215.29053984181,207.003422589901,194.88379411432,144.406207485767,188.216595230896
"NM_001029915",653.076978928297,831.260695500321,916.988845683332,468.610616967836,594.156180294975,376.433190461792
"NM_012816",3676.15416053985,2067.18786866627,1410.89174870485,10599.333325118,5677.06019731926,4273.34533826122
"NM_001006976",7675.38527178628,6345.09063256001,7840.70858546659,7532.54166877548,6043.18098599529,6392.26172482288
"NM_012868",30.0000025656108,41.8620494136852,23.6056534532343,58.6268675240174,65.6391852208033,53.8607237924891
"NM_001009618",1091.53855488722,1102.36730122704,1064.07022489195,1402.19294188478,1503.38044964981,1500.99775316211
"NM_001012077",270.000023090497,207.316816143965,306.873494892046,224.803712712784,221.714581190269,198.870364772267
"NM_023977",2942.30794393491,2756.91496852984,2756.4139955392,2796.29941928348,2759.27686020784,2339.6861665023
"NM_001107654",586.153896281935,679.75994524127,550.193307409999,525.215868370335,624.787800064683,448.050196823233
"NM_022300",16.1538475353289,21.9277401690732,185.213588633069,50.9447262622496,45.2181053743312,34.3288129666414
"NM_001009652",270.000023090497,366.791290100861,446.691596115049,239.763672012016,317.985386180781,252.731088564756
"NM_053976",6240.00053364705,12291.4950802278,13353.536576545,4535.69793023743,6736.03905221488,4751.58121545167
"NM_022526",9424.61619061189,13437.717861793,13636.8044179838,4572.08702042475,6144.80016904083,5171.22136016458
"NM_001191565",274.615408100591,149.50731933459,223.345798057524,94.2073112627315,218.797284069344,65.1063694194923
"NM_001305274",7839.23143964461,10114.6685107161,5901.41336330857,7737.93786672169,6852.73093705187,7989.14340385734
"NM_001008770",5134.61582372954,4826.09626812057,3775.08873302108,4088.51644415768,5094.08698932116,4866.99705214986
"NM_001109178",493.846196080055,522.278902208835,446.691596115049,309.711589816533,356.396464939621,321.388714498039
"NM_001004078",7511.53910392794,8206.95511600677,9551.21055107787,4583.00374748095,4227.16352821973,4259.14031220606
"NM_173314",120.000010262443,133.559871938901,101.685891798548,119.679674393856,111.343506781955,176.379073518261
"NM_019292",673.84621147372,127.579579165517,163.423754676237,56844.206428063,84390.1124655461,73847.195452102
"NM_022289",124.615395272537,147.513888410129,183.397769136666,113.210502804999,139.54404561756,148.560897493569
"NM_032057",1082.30778486704,1022.6300642486,960.568513596995,1321.32829702406,1454.27261478091,1255.96105371057
"NM_001025280",147.692320323007,55.8160658849137,41.7638484172606,306.477004022105,280.060523608761,298.305547158401
"NM_001017466",290.76925563592,546.200073302369,372.242996762541,85.3122003280529,99.6743182982569,198.870364772267
"NM_053365",113.076932747302,221.270832615193,123.475725755379,45.6885243463032,31.117835956529,104.170191071188
"NM_001134614",18.4615400403759,21.9277401690732,18.1581949640264,12.9383431777142,17.9899989123683,26.6344238534287
"NM_024489",161.538475353289,193.362799672737,248.767271007161,136.661249814606,184.27593480507,116.007712783823
"NM_001106421",496.153888585102,667.799359694503,595.588794820065,321.436963321337,327.709709917196,336.777492724465
"NM_001047909",233.076943009746,287.054053122413,207.003422589901,203.374581824695,220.255932629807,261.017353763601
"NM_001191845",34.6153875757048,7.97372369784481,25.4214729496369,17.790221869357,22.852160780576,31.3694325384827
"NM_001329883",1121.53855745284,1542.91553553297,1594.28951784152,1056.90090832953,1005.49507434534,1038.15065419809
"NM_013110",32.3076950706578,77.7438060539869,41.7638484172606,32.3458579442855,30.6316197697082,40.8394499085906
"NM_001107661",69.2307751514096,77.7438060539869,110.764989280561,35.1761205144105,46.6767539347935,52.6769716212256
"NM_053772",23.0769250504699,41.8620494136852,85.3435163309239,49.7317565893389,41.3283758797651,52.6769716212256
"NM_017234",941.53854205917,1102.36730122704,887.935733740889,821.584791784851,848.933462189056,807.910856887336
"NM_001108546",2074.61556203724,2318.36016514838,2062.7709479134,2329.30609521286,2605.63254517248,2179.87962338173
"NM_001108940",9.23077002018795,1.9934309244612,7.26327798561055,9.70375738328564,10.6967561100568,13.0212738838985
"NM_001100977",452.307730989209,344.863549931788,399.48028920858,596.376755847763,530.461859821455,492.440903245614
"NM_001106425",1089.23086238218,837.240988273705,708.169603597028,1219.03452127526,1133.85614766602,939.899223983216
"NM_031080",140.769242807866,91.6978225252153,101.685891798548,217.121571451016,221.714581190269,177.562825689524
"NM_001107664",911.53853949356,536.232918680063,497.534542014322,786.004348046137,730.29671260479,630.939907283444
"NM_031043",406.15388088827,482.410283719611,557.45658539561,251.084722292516,272.281064619629,361.636288320998
"NM_012533",30.0000025656108,21.9277401690732,36.3163899280527,27.4939792526427,27.7143226487836,20.7156629971112
"NM_145681",403.846188383223,275.093467575646,332.294967841683,299.199185984641,286.381334037431,459.295842450237
"NM_012879",11443.847132528,13888.2332507212,7775.33908359609,9627.74461711657,13268.8397383387,12991.6800796169
"NM_001108548",971.538544624781,1213.99943299687,1450.83977762571,737.081237905405,937.911024377256,985.473682576861
"NM_001100697",16.1538475353289,17.9408783201508,14.5265559712211,13.7469896263213,20.4210798464721,17.1644064833207
"NM_001107662",168.46155286843,265.12631295334,167.055393669043,253.510661638337,176.982692002759,192.359727830318
"NM_001034129",2766.92331355134,2770.86898500107,2493.12016856082,3050.21440414612,3015.99900684921,2952.86979121679
"NM_001012178",228.461557999652,221.270832615193,261.47800748198,193.266501217106,256.235930454543,232.015425567645
"NM_022548",426.923113433692,649.858481374352,473.928888561088,385.320032761301,365.148356302395,374.065686119265
"NM_133399",759.230834160458,996.715462230601,891.567372733695,1048.41012061915,1008.41237146627,1002.04621297455
"NM_001080907",203.076940444135,193.362799672737,236.056534532343,132.61801757157,156.561612156286,160.990295291835
"NM_001013910",43.8461575958927,51.8292040359912,54.4745848920791,58.2225442997139,75.8497251440394,91.740793272921
"NM_001106426",2040.00017446154,1816.01557218415,1548.89403043145,1763.25358118786,2133.51662776952,2231.37284283169
"NM_001039033",530.769276160807,482.410283719611,646.431740719339,464.163061500497,366.607004862857,371.698181776738
"NM_001037183",415.384650908458,412.640201363469,415.822664676204,244.615550703659,325.278628983092,197.686612601004
"NM_001107667",200.769247939088,195.356230597198,143.449740215808,211.86536953507,153.158098848541,178.746577860788
"NM_001107666",609.230821332404,550.186935151292,542.930029424388,524.811545146032,469.684836468859,514.340318413989
"NM_001134640",364.615415797424,241.205141859805,214.266700575511,379.659507621051,414.256191171292,556.363520493843
"NM_001012179",1253.07703024051,1530.9549499862,1427.23412417247,1155.5557750596,1094.47263653354,1116.87017358711
"NM_001107668",583.846203776888,464.46940539946,461.21815208627,504.595383930853,617.008341075551,423.1914012267
"NM_181768",2600.76945318795,2330.32075069514,2102.71897683425,1860.69547824502,2115.52662885715,2210.06530374895
"NM_001047885",313.84618068639,326.922671611637,355.900621294917,314.563468508176,315.554305246677,354.533775293417
"NM_053702",154.615397838148,67.7766514316809,270.557104963993,484.379222715675,173.092962508192,371.106305691106
"NM_001025406",708.461599049425,839.234419198166,793.513119927952,640.447987296852,606.311584965494,590.692333460485
"NM_013132",2540.76944805673,3711.76838134676,5307.64038798491,583.438412670049,676.326715867685,766.479530893114
"NM_001037184",846.923149352244,570.121244395904,555.640765899207,996.252424683993,742.938333462129,757.009513523006
"NM_001271151",18.4615400403759,17.9408783201508,18.1581949640264,17.790221869357,18.4762150991891,11.837521712635
"NM_181363",318.461565696484,388.719030269934,295.97857791363,210.652399862159,245.052958157666,299.489299329665
"NM_019305",6.92307751514096,15.9474473956896,3.63163899280527,1.61729289721427,2.91729712092459,7.69438911321273
"NM_001106427",161.538475353289,105.651838996444,197.924325107887,165.772521964463,243.594309597203,156.255286606782
"NM_001191606",500.769273595196,448.52195800377,430.349220647425,593.142170053335,708.903200384676,600.162350830593
"NM_001106428",80.7692376766445,105.651838996444,165.23957417264,208.630783740641,190.110529046919,241.485442937753
"NM_001107669",60.0000051312216,51.8292040359912,143.449740215808,160.111996824213,65.6391852208033,101.802686728661
"NM_001025039",366.923108302471,354.830704554094,236.056534532343,350.952558695497,410.366461676726,440.355807710021
"NM_001014036",2037.69248195649,1774.15352277047,1510.76182100699,2875.54677124698,2804.00874939535,2473.45016185508
"NM_001008374",3791.5387857922,3097.79165661271,2358.74952582703,5284.10021842334,5767.98262425474,5431.05496175692
"NM_001107670",1188.4616400992,1843.92360512661,826.1978708632,832.905842065351,850.392110749519,819.156502514339
"NM_001009707",106.153855232161,129.573010089978,27.2372924460396,90.9727254683029,146.837288419871,130.804614924616
"NM_001025743",823.846224301774,1305.69725552209,1287.41602294947,811.072387952958,810.522383430216,772.990167835063
"NM_001100524",394.615418363035,261.139451104417,355.900621294917,581.416796548531,458.988080358803,423.783277312332
"NM_001012181",23.0769250504699,35.8817566403016,25.4214729496369,19.4075147665713,23.8245931542175,21.3075390827429
"NM_138526",83.0769301816915,115.61899361875,105.317530791353,63.4787462156602,1839.84205092978,48.5338390218033
"NM_001033909",39.2307725857988,61.7963586582973,43.5796679136633,73.1825035989459,56.4010776712088,60.3713607344383
"NM_001109556",11.5384625252349,19.934309244612,14.5265559712211,12.9383431777142,18.9624312860098,14.7969021407937
"NM_001107674",2007.69247939088,2262.54409926346,2318.80149690617,1736.16392515952,2153.93770761599,1567.28787475287
"NM_001109558",53.0769276160807,472.443129097305,145.265559712211,38.8150295331426,74.3910765835771,75.7601389608638
"NM_001108944",1400.76935056352,1895.7528091626,1365.49626129478,1082.77759468496,1081.34479948938,1071.8875910791
"NM_001106430",4490.76961482144,4513.12761298016,4045.64583798507,1827.94529707643,2623.13632789803,2662.85050925723
"NM_001107676",267.69233058545,344.863549931788,303.24185589924,389.363265004336,443.429162380538,407.802623000274
"NM_001004262",731.538524099895,990.735169457217,679.116491654586,498.934858790603,639.374285669306,519.075327099043
"NM_001126080",1396.15396555343,1969.50975336767,1498.05108453218,1242.88959150917,1305.97667780058,1109.76766055953
"NM_001106432",196.153862928994,177.415352277047,208.819242086303,175.071956123445,133.70945137571,188.216595230896
"NM_001014170",1096.15393989732,1283.76951535301,1176.65103366891,1170.92005758313,1062.86858439019,1196.77344514739
"NM_001025407",1077.69239985694,1247.88775871271,1123.99226827323,779.939499681584,863.519947793679,772.398291749431
"NM_001044263",320.769258201531,301.008069593641,277.820382949603,344.48338710664,448.777540435566,349.206890522731
"NM_001106433",1128.46163496798,1477.13231502575,1274.70528647465,1461.6284558574,1020.08155994997,1262.47169065252
"NM_021584",13.8461550302819,11.9605855467672,19.974014460429,24.2593934582141,31.117835956529,31.9613086241144
"NM_001115035",2051.53863698677,2647.27626768448,2652.91228424425,1216.20425870513,1165.9464159962,1398.01131426219
"NM_001106434",62.3076976362686,39.868618489224,50.8429458992738,54.9879585052853,72.9324280231148,36.6963173091684
"NM_001109503",403.846188383223,390.712461194396,384.953733237359,346.505003228158,373.900247665169,384.127579575005
"NM_001109444",5079.23120360842,4545.02250777154,4196.35885618649,3249.14143050348,3996.69705566669,3360.67241421707
"NM_030873",57.6923126261747,95.6846843741377,98.0542528057424,47.7101404678211,38.8972949456612,52.0850955355938
"NM_001191960",590.769281292028,775.444629615408,987.805806043034,579.799503651317,703.068606142827,474.684620676662
"NM_001109339",1548.46167088653,1923.66084210506,1730.47598007171,1100.56781655431,1046.82345022511,1108.58390838826
"NM_030835",11993.0779487292,16846.4847426216,12944.9771898544,11250.6980394711,11920.5622522847,9466.46611359418
"NM_001014253",4746.92348288165,4263.94874742251,3520.87400352471,6210.40472530281,6301.36178119712,6166.75693619718
"NM_134457",330.000028221719,392.705892118857,321.400050863267,317.798054302605,280.546739795582,319.613086241144
"NM_001109510",9.23077002018795,9.96715462230601,9.07909748201318,14.959959299232,18.4762150991891,9.47001737010797
"NM_133577",193.846170423947,125.586148241056,163.423754676237,173.858986450534,322.361331862167,214.851019084325
"NM_022800",16.1538475353289,15.9474473956896,9.07909748201318,34.3674740658033,32.0902683301705,26.6344238534287
"NM_001002853",55.3846201211277,31.8948947913792,34.5005704316501,55.3922817295889,91.8948593091247,74.5763867896003
"NM_198768",163.846167858336,91.6978225252153,132.554823237392,333.970983274748,255.749714267723,352.16627095089
"NM_020538",1165.38471504873,761.490613144179,677.300672158183,2917.59638657455,2598.33930237017,3114.45196259426
"NM_012800",579.230818766794,685.740238014653,528.403473453167,583.034089445746,441.484297633255,546.893503123735
"NM_133410",41.5384650908458,61.7963586582973,63.5536823740923,54.9879585052853,38.4110787588405,46.7582107649081
"NM_001107678",1158.46163753359,1074.45926828459,1045.91202992792,1243.69823795778,1385.71613243918,1180.20091474971
"NM_001127562",159.230782848242,115.61899361875,112.580808776963,107.549977664749,162.882422584956,155.071534435518
"NM_022252",1338.46165292725,1847.91046697553,1274.70528647465,1683.19758277576,1458.16234427548,1608.12732466146
"NM_001024754",1474.61551072502,1784.12067739278,1479.89288956815,1111.48454361051,1347.30505368034,897.876021903362
"NM_031120",8222.30839548241,11350.5956838821,8114.89732942338,6605.02419222309,6695.19689252194,6121.77435368917
"NM_053662",1437.69243064427,1249.88118963717,1654.2115612228,1572.41301931658,1894.78448004052,1508.10026618969
"NM_001014790",2178.46172476436,1104.36073215151,966.015972086203,1758.40170249622,3040.30981619025,1862.04216539748
"NM_031655",25.3846175555169,25.9146020179956,27.2372924460396,26.281009579732,25.7694579015006,37.8800694804319
"NM_001191847",1721.53860876505,1957.5491678209,2318.80149690617,1422.00477987565,1401.76126660427,1476.73083365121
"NM_001013911",136.153857797772,167.448197654741,194.292686115082,171.837370329017,183.303502431429,162.174047463099
"NM_001108945",55.3846201211277,59.8029277338361,112.580808776963,175.071956123445,114.26080390288,182.88971046021
"NR_131117",25.3846175555169,25.9146020179956,23.6056534532343,14.5556360749285,25.2832417146798,22.4912912540064
"NM_001013158",13.8461550302819,27.9080329424568,27.2372924460396,7.27781803746423,10.6967561100568,7.69438911321273
"NM_001107682",687.692366504002,895.05048508308,956.93687460419,543.006090239692,684.106174856817,516.707822756516
"NM_001009542",920.769309513748,1022.6300642486,875.224997266071,648.534451782924,707.930768011034,683.025002819037
"NM_001107685",16.1538475353289,23.9211710935344,41.7638484172606,116.849411823731,140.516477991201,88.7814128447622
"NM_198742",6990.00059778732,4309.79765868512,3448.24122366861,10571.4350226411,10863.0420459495,11390.0633918974
"NM_001004279",514.615428625478,478.423421870688,711.801242589834,374.807628929408,499.344023864926,403.06761431522
"NM_001108551",459.23080850435,496.364300190839,461.21815208627,388.150295331426,797.394546386055,815.013369914917
"NM_199105",117.692317757396,97.6781152985989,118.028267266171,207.822137292034,236.301066794892,273.446751561868
"NM_022403",17559.2322709025,17259.1249439851,6945.50957374009,11913.3838041046,24881.6271443658,12535.3436175948
"NM_012769",272.307715595544,173.428490428125,181.581949640264,259.979833227194,333.544304159045,317.837457984249
"NM_022280",1557.69244090672,1249.88118963717,1192.99340913653,2000.18699062975,2382.94553160857,2465.16389665623
"NM_001008724",3249.23104710616,5713.17302950581,1955.63759762564,8054.52295135139,9401.96240455314,10980.4851406402
"NM_052797",8584.61611877479,6691.94761341626,2669.25465971188,14110.4762049702,14264.1242727608,13130.1790836547
"NM_021757",874.615459412808,1062.49868273782,956.93687460419,830.075579495226,946.66291574003,894.916641475203
"NM_012559",60145.3897590396,76902.5782038643,33164.1272822978,175040.418911949,153221.793169015,165189.656119393
"NM_020071",76264.6219067928,89991.4456538765,34870.9976089162,205706.313859254,177603.103857142,186222.564698403
"NM_198769",36.9230800807518,41.8620494136852,72.6327798561055,73.1825035989459,59.3183747921334,109.497075841873
"NM_001108552",985.384699655063,400.679615816702,415.822664676204,1507.3169802037,1687.65638445488,1286.73861016342
"NM_001106437",16.1538475353289,25.9146020179956,34.5005704316501,27.4939792526427,29.1729712092459,29.5938042815874
"NM_001108553",2.30769250504699,9.96715462230601,5.44745848920791,5.25620191594639,7.77945898913225,5.32688477068573
"NM_001004448",53.0769276160807,53.8226349604525,50.8429458992738,54.5836352809817,67.0978337812656,59.1876085631748
"NM_001134592",73.8461601615036,37.8751875647628,50.8429458992738,46.0928475706068,43.2732406270481,50.9013433643303
"NM_017153",8930.76999453184,12417.0812284688,11570.4018310776,6178.05886735853,5890.99531952039,6169.71631662534
"NM_001109391",11.5384625252349,7.97372369784481,7.26327798561055,19.8118379908749,5.83459424184918,24.8587955965334
"NM_017079",1089.23086238218,801.359231633403,757.1967299999,1267.55330819169,994.312102048465,1067.15258239404
"NM_207606",41.5384650908458,25.9146020179956,63.5536823740923,62.6700997670531,71.9599956494733,72.2088824470733
"NM_001115047",76.1538526665505,91.6978225252153,108.949169784158,69.5435945802138,95.29837261687,85.2301563309717
"NM_001025685",2160.00018472398,1692.42285486756,2133.5879082731,2997.65238498666,3414.69628004224,4703.04737642987
"NM_001134959",390.000033352941,352.837273629633,339.558245827293,383.702739864086,442.942946193717,436.212675110598
"NM_001107701",253.846175555169,223.264263539655,203.371783597095,319.415347199819,325.278628983092,369.922553519843
"NM_001107700",486.923118564914,613.97672473405,593.772975323662,619.018856408763,665.143743570807,636.266792054129
"NM_001007741",154.615397838148,155.487612107974,285.083660935214,177.497895469267,200.321068970155,168.684684405048
"NM_001014173",216.923095474417,287.054053122413,226.97743705033,172.24169355332,157.534044529928,197.686612601004
"NM_053707",2778.46177607657,2663.22371508017,2876.25808230178,2416.23558843812,1890.40853435914,1830.672732859
"NM_001007637",1029.23085725096,1058.5118208889,1025.93801546749,689.371097437584,635.48455617474,721.496948385101
"NM_001024979",339.230798241907,442.541665230387,452.139054604257,147.173653646499,201.779717530618,146.785269236674
"NM_001191709",87.6923151917855,61.7963586582973,217.898339568316,463.354415051889,169.689449200447,308.367440614141
"NM_001106440",770.769296685693,731.589149277261,916.988845683332,676.028431035566,734.672658286176,740.436983125317
"NM_183054",851.538534362338,883.089899536312,913.357206690526,844.631215570154,538.241318810587,567.017290035215
"NM_199091",4931.53888328541,5553.69855554891,6676.7682882725,4027.46363728785,3565.42329795667,3297.34167305447
"NM_001004226",1786.15399890637,1718.33745688556,1788.5822039566,1302.32510548179,1445.03450723131,1682.11183536543
"NM_001033896",60.0000051312216,29.901463866918,69.0011408633002,46.4971707949104,102.591615419181,73.9845107039685
"NM_001191077",6.92307751514096,13.9540164712284,16.3423754676237,14.5556360749285,19.9348636596514,15.9806543120572
"NM_001191568",62.3076976362686,57.8094968093749,92.6067943165345,134.235310468785,71.9599956494733,92.3326693585527
"NM_001012078",216.923095474417,237.218280010883,581.062238848844,279.791671218069,311.17835956529,429.702038168649
"NM_001108947",1437.69243064427,1481.11917687467,1183.91431165452,1256.23225791119,1792.19286462134,1210.38659511692
"NM_001002016",2713.84638593526,3580.20194033232,3559.00621294917,2396.42375044725,2130.59933064859,1984.56051512325
"NM_001106442",3318.46182225757,4108.46113531454,4056.54075496349,2238.73769296886,2249.72229641968,2265.1097797127
"NM_001107688",2088.46171706752,1794.08783201508,2198.95741014359,1817.02857002024,1582.63368810159,1427.01324245814
"NM_001107687",2.30769250504699,11.9605855467672,9.07909748201318,12.5340199534106,10.6967561100568,5.91876085631748
"NM_001106441",883.846229432996,907.011070629847,775.354924963926,823.202084682065,867.895893475066,936.939843555057
"NM_001109185",332.307720726766,460.482543550538,404.927747697788,255.936600984159,200.321068970155,298.897423244033
"NM_001012079",1463.07704819979,1788.1075392417,2809.07276093488,511.468878744014,666.116175944449,539.199114010523
"NM_001024797",699.230829029237,968.807429288144,851.619343812837,776.704913887155,747.800495330337,691.903144103514
"NM_001106443",302.307718161155,287.054053122413,355.900621294917,205.800521170516,201.293501343797,295.346166730242
"NM_012624",5393.07738429481,3649.97202268846,1872.10990079112,9335.41892594509,23906.7636897902,17190.4490310885
"NM_001014254",636.923131392968,669.792790618964,542.930029424388,592.737846829031,629.649961932891,687.16813541846
"NM_031840",16486.1552560557,6103.8854907002,7726.31195719322,15705.5313248478,13171.1102847877,10464.3691939693
"NM_001107690",55.3846201211277,61.7963586582973,58.1062238848844,81.2689680850173,62.7218880998787,90.5570411016575
"NM_053685",143.076935312913,115.61899361875,58.1062238848844,295.560276965909,1317.15965009745,431.477666425544
"NM_031724",2252.30788492586,2043.26669757273,1964.71669510765,2104.90670572438,1917.15042463428,2049.07500845711
"NM_012602",23.0769250504699,25.9146020179956,41.7638484172606,45.2842011219997,37.9248625720197,31.9613086241144
"NM_001100667",196.153862928994,211.303677992887,201.555964100693,166.985491637374,148.782153167154,178.746577860788
"NM_001305458",16.1538475353289,5.98029277338361,12.7107364748185,18.1945450936606,32.5764845169913,20.7156629971112
"NM_001109331",4.61538501009397,13.9540164712284,10.8949169784158,9.70375738328564,11.6691884836984,26.6344238534287
"NM_053599",1361.53857797772,1186.09140005442,949.673596618579,1779.42651016,1832.06259194064,2832.71894583355
"NM_001106445",452.307730989209,548.193504226831,528.403473453167,400.279992060533,482.326457326199,572.936050891532
"NM_001106444",1647.69244860355,1835.94988142877,1748.63417503574,1200.43565295729,1369.18478208728,1510.46777053222
"NM_001107692",55.3846201211277,43.8554803381464,36.3163899280527,83.6949074308387,79.2532384517848,105.945819328083
"NM_001100976",1481.53858824017,1361.513321407,1247.46799402861,1705.03103688815,1818.93475489648,1997.58178900715
"NM_001135749",390.000033352941,574.108106244826,428.533401151022,382.489770191176,453.153486116953,358.085031807208
"NM_001106447",844.615456847197,990.735169457217,804.408036906368,876.168427065833,1051.19939590649,1012.69998251592
"NM_053517",94.6153927069264,73.7569442050645,58.1062238848844,25.0680399068212,30.6316197697082,23.0831673396382
"NM_001164060",138.461550302819,117.612424543211,76.2644188489108,84.9078771037494,105.022696353285,104.170191071188
"NM_001106446",1218.46164266481,1126.28847232058,1143.96628273366,1931.85636572245,2227.84256801275,2005.86805420599
"NM_001110138",1640.76937108841,2176.82656951163,1252.91545251782,1191.13621879831,1300.14208355873,1213.34597554508
"NM_001008352",2095.38479458266,657.832205072197,891.567372733695,1582.92542314847,2244.37391836465,1515.79465530291
"NM_001106448",1320.00011288688,1086.41985383136,1312.83749589911,1367.01682137036,1316.18721772381,1348.88559915475
"NM_031006",918.461617008701,1120.3081795472,1554.34148892066,1284.93920683674,1203.87127856822,1783.32264600846
"NM_017020",1673.07706615907,1859.8710525223,798.96057841716,1597.4810592234,3597.02735010002,2001.72492160657
"NM_001024798",1033.84624226105,1574.81043032435,1350.96970532356,1157.17306795681,1115.86614875366,1107.99203230263
"NM_001014174",1211.53856514967,1162.17022896088,1134.88718525165,1520.65964660572,1608.88936218991,1610.49482900399
"NM_001109186",94.6153927069264,93.6912534496765,114.396628273366,96.6332506085529,85.0878326936339,107.129571499346
"NM_001191900",6.92307751514096,11.9605855467672,21.7898339568316,11.7253735048035,8.75189136277378,7.69438911321273
"NM_031092",348.461568262095,303.001500518103,357.716440791319,369.955750237765,294.160793026563,416.680764284751
"NM_019213",1202.30779512948,942.892827270148,1123.99226827323,1192.75351169553,1155.24965988614,1184.93592343476
"NM_001134577",3357.69259484336,3723.72896689353,3212.18468913626,4194.04480570092,4168.81758580124,4090.45562780101
"NM_001033895",844.615456847197,847.208142896011,847.987704820031,1030.21557552549,1028.83345131274,914.448552301051
"NM_001106439",9.23077002018795,23.9211710935344,39.948028920858,37.1977366359283,28.2005388356044,42.6150781654859
"NM_001108557",1137.69240498816,1212.00600207241,1407.26010971204,776.300590662851,790.587519770564,838.096537254555
"NM_001025648",27.6923100605638,13.9540164712284,21.7898339568316,16.5772521964463,21.3935122201137,29.0019281959557
"NM_001047886",431.538498443786,444.535096154848,481.192166546699,421.304799724318,439.053216699151,419.640144712909
"NM_012613",512.307736120431,312.968655140409,388.585372230164,663.494411082156,743.42454964895,693.086896274777
"NM_001014175",1887.69246912843,2049.24699034612,1810.37203791343,1883.74190203033,2145.18581625322,2044.93187585769
"NM_001191607",180.000015393665,137.546733787823,145.265559712211,151.216885889535,144.406207485767,147.969021407937
"NM_001007636",53.0769276160807,83.7240988273705,88.9751553237292,98.2505435057671,47.1629701216142,77.535767217759
"NM_012618",71.5384676564566,19.934309244612,72.6327798561055,45.2842011219997,26.2556740883213,46.1663346792764
"NM_053485",96.9230852119734,73.7569442050645,107.133350287756,98.2505435057671,81.1981031990678,131.396491010248
"NM_053822",11.5384625252349,29.901463866918,12.7107364748185,40.4323224303568,21.3935122201137,18.9400347402159
"NM_053587",11.5384625252349,65.7832205072197,18.1581949640264,79.2473519634994,35.0075654510951,53.2688477068573
"NM_001004095",80.7692376766445,129.573010089978,312.320953381254,111.188886683481,122.526479078833,130.804614924616
"NM_001025017",80.7692376766445,189.375937823814,161.607935179835,63.8830694399638,80.2256708254263,75.7601389608638
"NM_001109189",1686.92322118935,1493.07976242144,1303.75839841709,2132.80500820132,5120.34266340948,4964.6566062791
"NM_001007696",1564.61551842186,1385.43449250054,1418.15502669046,716.460753465923,763.845629495422,932.796710955635
"NM_001360750",13.8461550302819,27.9080329424568,10.8949169784158,5.66052514024996,5.34837805502842,6.51063694194923
"NM_031629",5155.38505627497,5593.56717403813,5100.63696539501,3768.69677373356,3631.06248317748,3671.40735917373
"NM_031083",1721.53860876505,1720.33088781002,1864.84662280551,1436.15609272628,1464.96937089097,1362.49874912428
"NM_001107694",851.538534362338,759.497182219718,1300.12675942429,372.78601280789,423.980514907707,437.396427281862
"NM_001107696",126.923087777584,183.395645050431,176.134491151056,140.300158833338,126.90242476022,185.849090888369
"NM_001107695",297.692333151061,358.817566403016,386.769552733762,322.649932994248,366.120788676036,379.392570889951
"NM_001042621",500.769273595196,458.489112626076,450.323235107854,510.660232295407,641.80536660341,538.607237924891
"NM_031331",2716.1540784403,2784.8230014723,2770.94055151042,2131.59203852841,1971.12042137138,1870.32843059632
"NM_001039044",2201.53864981483,1706.37687133879,2329.69641388458,1331.03205440735,1585.0647690357,1289.10611450595
"NM_017308",129.230780282631,91.6978225252153,107.133350287756,185.988683179641,176.010259629117,198.278488686636
"NM_001013912",43.8461575958927,33.8883257158404,87.1593358273266,35.580443738714,27.2281064619629,38.4719455660636
"NM_001025118",786.923144221022,729.5957183528,670.037394172573,944.903375197439,757.038602879932,678.289994133983
"NM_001033700",12101.5394964664,9458.8297365684,8645.11662237295,11727.7994441493,11833.5295548438,10039.9940405713
"NM_001271175",1126.15394246293,1369.48704510485,1356.41716381277,1420.79181020274,1282.15208464636,1308.04614924616
"NM_031560",62.3076976362686,95.6846843741377,58.1062238848844,110.380240234874,83.6291841331716,106.537695413715
"NM_012780",759.230834160458,861.162159367239,679.116491654586,1128.87044225556,1223.80614222787,1089.64387364805
"NM_053882",3920.76956607483,3177.52889359116,3259.39599604273,3851.17871149149,5262.80400614796,5557.12456799648
"NM_001014040",1456.15397068465,1399.38850897176,1401.81265122284,1286.55649973395,1407.59586084612,1712.88939181828
"NM_001109655",1130.76932747302,869.135883065084,936.962860143761,1352.46118529544,1125.59047249007,1943.12918912903
"NM_001014255",2764.61562104629,2794.79015609461,2741.88743956798,2574.73029236512,2585.21146532601,2771.16383292784
"NM_001108559",699.230829029237,847.208142896011,817.118773381187,899.61917407544,863.519947793679,775.949548263222
"NM_001126094",34.6153875757048,27.9080329424568,19.974014460429,15.3642825235356,23.3383769673967,26.0425477677969
"NM_001025119",193.846170423947,181.402214125969,201.555964100693,213.886985656588,217.338635508882,224.321036454433
"NM_001013200",819.23083929168,1221.97315669472,1303.75839841709,879.403012860261,757.038602879932,718.537567956942
"NM_001107697",747.692371635224,771.457767766485,829.829509856005,762.149277812227,864.978596354142,788.378946061488
"NM_057210",36.9230800807518,15.9474473956896,23.6056534532343,49.3274333650353,53.969996737105,46.1663346792764
"NM_001071776",486.923118564914,356.824135478555,317.768411870461,404.323224303568,376.331328599272,376.433190461792
"NM_001011951",680.769288988861,845.21471197155,817.118773381187,626.296674446227,601.935639284108,545.11787486684
"NM_001012080",3046.15410666202,2292.44556313038,1981.05907057528,3513.56881919801,3253.27250601774,4409.47683795652
"NM_001008767",1647.69244860355,1798.074693864,1367.31208079119,2239.95066264177,2573.54227684231,2502.45209005103
"NM_001271138",900.000076968325,1235.92717316595,1147.59792172647,948.946607440475,1001.60534485078,810.278361229863
"NM_001109571",636.923131392968,460.482543550538,392.21701122297,431.008557107604,532.406724568738,578.262935662218
"NM_001024303",521.538506140619,332.902964385021,575.614780359636,868.890609028369,832.40211183715,780.092680862644
"NM_001025684",662.307748948485,721.621994654955,626.45772625891,487.613808510104,439.539432885972,443.315188138179
"NM_001012081",948.461619574311,1176.12424543211,1134.88718525165,812.285357625869,737.589955407101,838.688413340187
"NM_001108560",678.461596483814,655.838774147735,826.1978708632,555.944433417407,507.123482854058,473.500868505399
"NM_031784",249.230790545075,306.988362367025,383.137913740956,325.075872340069,210.531608893391,307.775564528509
"NM_031712",1190.76933260424,1148.21621248965,844.356065827226,1485.88784931561,1385.71613243918,1683.29558753669
"NM_001139486",1633.84629357327,1606.70532511573,1501.68272352498,1564.73087805481,1408.08207703294,1570.83913126666
"NM_019280",20.7692325454229,21.9277401690732,29.0531119424422,40.4323224303568,24.797025527859,27.2262999390604
"NM_001031645",768.461604180646,841.227850122627,864.330080287655,838.566367205601,714.737794626525,851.709687224086
"NM_022627",55.3846201211277,59.8029277338361,101.685891798548,39.2193527574461,43.7594568138689,62.1469889913336
"NM_144739",5591.53893972885,6803.57974518608,2307.90657992775,3917.08339705297,4394.42189648608,2277.53917751097
"NM_001025686",2723.07715595544,3195.46977191131,2725.54506410036,1575.2432818867,2329.94796724511,1766.15823952514
"NM_173094",36962.3108533376,30840.3698323393,18183.616436976,64424.053914082,66830.901094701,60830.6565768885
"NM_031620",1548.46167088653,2254.57037556562,2540.33147546729,849.483094261797,266.446470377779,308.959316699773
"NM_012584",8741.53920911798,2621.36166566648,2954.33832064709,24641.478905181,21469.8481614445,14132.8171727149
"NM_001271334",69.2307751514096,87.7109606762929,72.6327798561055,142.321774954856,194.972690915127,254.506716821652
"NM_032082",5963.07743304141,2551.59158331034,3629.82317330887,17922.03124048,28139.7618122518,20426.8274673229
"NM_001107705",1193.07702510929,1299.7169627487,1519.84091848901,824.415054354976,829.971030903046,598.978598659329
"NM_001014041",62.3076976362686,119.605855467672,87.1593358273266,200.54431925457,164.827287332239,191.767851744686
"NM_001106454",327.692335716672,358.817566403016,473.928888561088,413.218335238247,334.030520345866,347.431262265836
"NM_001271217",2.30769250504699,7.97372369784481,12.7107364748185,13.7469896263213,25.2832417146798,13.0212738838985
"NM_001106453",133.846165292725,61.7963586582973,165.23957417264,46.4971707949104,75.8497251440394,97.6595541292384
"NM_019243",925.384694523842,1287.75637720194,1349.15388582716,1507.72130342801,1033.69561318095,1015.65936294408
"NM_001106455",2.30769250504699,9.96715462230601,21.7898339568316,20.2161612151784,26.2556740883213,10.6537695413715
"NM_012504",8148.46223532091,8276.72519836291,7506.5977981285,9965.35450941005,11000.155010633,10106.8760382477
"NM_001106456",2079.23094704733,1198.05198560118,608.299531294883,1640.74364422388,1308.40775873468,939.899223983216
"NM_001277055",16.1538475353289,17.9408783201508,21.7898339568316,19.8118379908749,40.3559435061235,43.7988303367494
"NM_022589",30.0000025656108,21.9277401690732,25.4214729496369,34.3674740658033,46.6767539347935,46.1663346792764
"NM_080766",576.923126261747,777.438060539869,795.328939424355,568.478453370817,509.068347601341,630.348031197812
"NM_001012182",468.461578524538,358.817566403016,459.402332589867,367.529810891944,326.737277543554,374.065686119265
"NM_054006",3576.92338282283,5071.2882718293,4485.07415611451,4291.48670275808,4403.17378784885,3766.10753287481
"NM_001106458",856.153919372432,883.089899536312,808.039675899173,779.53517645728,843.585084134028,755.825761351742
"NM_001191569",80.7692376766445,75.7503751295257,67.1853213668976,95.4202809356422,94.3259402432285,91.1489171872892
"NM_001107708",147.692320323007,115.61899361875,105.317530791353,186.393006403945,213.448906014316,224.321036454433
"NM_001107709",546.923123696136,542.213211453447,502.98200050353,462.950091827586,440.025649072793,506.054053215145
"NM_001025687",274.615408100591,273.100036651185,286.899480431617,247.04149004948,201.293501343797,198.278488686636
"NM_001191710",302.307718161155,287.054053122413,281.452021942409,384.915709536997,401.128354127131,415.497012113487
"NM_001107710",362.307723292377,301.008069593641,294.162758417227,503.382414257943,590.75266698723,554.587892236948
"NM_012716",4130.76958403411,3556.28076923878,3943.95994618653,7031.98951708766,7605.87981043723,4863.44579563607
"NM_001109625",1818.46169397703,2182.80686228502,2137.2195472659,1565.53952450342,1751.83692111522,1552.49097261208
"NM_001107711",519.230813635572,578.094968093749,670.037394172573,716.865076690227,560.607263404342,1029.86438899924
"NM_001106461",653.076978928297,562.147520698059,697.274686618613,393.002174023069,362.23105918147,345.655634008941
"NM_001191848",13.8461550302819,5.98029277338361,12.7107364748185,8.08646448607137,6.32081042866995,14.7969021407937
"NM_001005765",1569.23090343195,1289.7498081264,1505.31436251779,1380.76381099669,1392.52315905467,1341.19121004154
"NM_001008771",1110.0000949276,1331.61185754008,1398.18101223003,578.586533978406,723.003469802478,530.320972726046
"NM_001107714",152.307705333101,233.231418161961,363.163899280527,78.8430287391958,107.93999347421,66.2901215907558
"NM_001007699",3313.84643724747,2276.49811573469,2335.14387237379,2569.06976722487,3009.19198023372,3141.08638644769
"NR_131104",13.8461550302819,19.934309244612,21.7898339568316,26.281009579732,19.4486474728306,17.7562825689524
"NM_012523",253.846175555169,161.467904881357,237.872354028745,249.063106170998,278.115658861478,308.959316699773
"NM_001127485",309.230795676296,374.765013798706,335.926606834488,348.122296125372,302.426468202516,334.409988381938
"NM_012970",18.4615400403759,15.9474473956896,5.44745848920791,20.2161612151784,20.4210798464721,26.0425477677969
"NM_001106462",990.000084665157,847.208142896011,768.091646978315,790.451903513476,883.454811453331,842.239669853978
"NM_001108561",3325.38489977271,3380.8588478862,3268.47509352475,3007.35614236994,3230.90656142399,3080.71502571325
"NM_023981",390.000033352941,372.771582874245,621.010267769702,464.163061500497,506.151050480417,521.44283144157
"NM_020540",3200.76950450017,2027.31925017704,4078.33058892032,196.096763787231,690.913201472308,116.007712783823
"NM_172038",39.2307725857988,99.6715462230601,88.9751553237292,73.5868268232495,124.471343826116,44.9825825080129
"NM_177426",26164.6176222227,19726.9924284681,19754.3003013643,17661.6470840285,23280.5172411651,11273.4638030279
"NM_031154",987.69239216011,247.185434633189,157.976296187029,1816.21992357163,2876.94117741847,1654.29365934074
"NM_001109192",6.92307751514096,13.9540164712284,10.8949169784158,33.9631508414997,53.4837805502842,14.205026055162
"NM_001024304",3685.38493056004,3534.35302906971,3183.13157719382,1732.52501614079,1687.17016826806,1912.35163267618
"NM_001108950",20.7692325454229,17.9408783201508,10.8949169784158,25.8766863554284,35.9799978247366,20.1237869114794
"NM_017014",154800.013238552,100666.268254366,110568.880774949,49553.0457241967,46275.1393644795,45470.8802786591
"NM_001101681",1968.46170680508,1632.61992713372,2120.87717179828,1398.14970964174,1304.03181305329,1705.7868787907
"NM_206881",48.4615426059867,31.8948947913792,29.0531119424422,69.1392713559102,42.7870244402273,38.4719455660636
"NM_001277236",57.6923126261747,113.625562694289,107.133350287756,70.3522410288209,53.4837805502842,58.5957324775431
"NM_017282",2640.00022577375,2930.34345895797,2763.67727352481,2082.26460516338,2019.25582386664,1824.16209591705
"NM_031767",371.538493312565,330.909533460559,246.951451510759,572.926008838156,735.645090659818,589.508581289221
"NM_001191110",16.1538475353289,5.98029277338361,23.6056534532343,57.4138978511067,52.5113481766427,30.7775564528509
"NM_001007606",3743.07724318621,4299.83050406281,5225.92851064679,2097.62888768691,1606.45828125581,1626.47548331604
"NM_001135260",106.153855232161,143.527026561207,177.950310647458,120.488320842463,134.681883749352,137.315251866566
"NM_001303616",20.7692325454229,19.934309244612,7.26327798561055,5.66052514024996,3.40351330774536,1.77562825689524
"NM_133414",992.307777170204,855.181866593856,788.065661438744,864.038730336726,794.477249265131,899.651650160257
"NM_001191962",237.69232801984,340.876688082866,208.819242086303,503.786737482246,486.216186820765,487.70589456056
"NM_001044303",9.23077002018795,17.9408783201508,5.44745848920791,31.1328882713748,32.0902683301705,29.0019281959557
"NM_053637",701.538521534284,843.221281047088,826.1978708632,890.724063140761,884.427243826972,891.365384961413
"NM_001024305",1541.53859337139,1548.89582830635,1300.12675942429,1776.19192436558,1579.23017479385,1432.34012722883
"NM_001010970",11153.0778768921,5804.87085203102,4633.97135481953,21985.0753215065,21140.1935867801,21424.1386716124
"NM_001100810",246.923098040028,279.080329424568,192.47686661868,325.075872340069,244.080525784024,327.307475354357
"NM_017301",2042.30786696658,713.64827095711,831.645329352408,6484.94019460493,6156.46935752453,6417.71239650505
"NM_001017449",491.538503575008,524.272333133296,472.113069064686,470.22790986505,450.722405182849,455.152709850814
"NM_001191715",784.615451715975,1170.14395265873,837.092787841616,657.429562717602,542.617264491974,729.191337498314
"NM_001100704",46.1538501009397,51.8292040359912,81.7118773381187,128.979108552838,101.61918304554,130.804614924616
"NM_012889",136.153857797772,217.283970766271,368.611357769735,170.624400656106,186.707015739174,299.489299329665
"NM_001033902",78.4615451715975,87.7109606762929,103.50171129495,63.0744229913567,76.8221575176809,69.2495020189145
"NM_001107719",20.7692325454229,25.9146020179956,49.0271264028712,58.6268675240174,41.3283758797651,58.5957324775431
"NM_001109637",25.3846175555169,13.9540164712284,16.3423754676237,16.9815754207499,18.9624312860098,9.47001737010797
"NM_053312",2607.69253070309,2282.47840850808,2128.14044978389,2051.53604011631,2834.15415297824,2711.38434827904
"NM_001004227",593.076973797076,570.121244395904,593.772975323662,457.693889911639,432.24619008366,423.1914012267
"NM_001012082",713.076984059519,657.832205072197,664.589935683365,933.986648141243,979.725616443842,984.289930405597
"NM_001025688",1783.84630640132,1383.44106157607,1249.28381352501,2561.38762596311,2980.99144139811,2307.13298179255
"NM_001005555",152.307705333101,149.50731933459,163.423754676237,187.201652852552,154.130531222183,168.684684405048
"NM_001135879",623.076976362686,998.708893155062,473.928888561088,562.413605006264,611.173746833702,469.357735905976
"NM_001128152",108.461547737208,89.7043916007541,85.3435163309239,103.10242219741,104.050263979644,106.537695413715
"NM_001014176",623.076976362686,697.700823561421,591.95715582726,699.07485482087,741.479684901667,691.311268017882
"NM_019359",3576.92338282283,3546.31361461648,6072.10039597042,2518.52936418693,2519.57228010521,2508.37085090735
"NM_013057",43.8461575958927,45.8489112626076,58.1062238848844,47.7101404678211,35.9799978247366,25.4506716821652
"NM_012804",7576.15449406926,7375.69442050645,4428.78375172603,7847.10513728366,8413.48489674652,8098.04860361358
"NM_017305",3424.61567748973,4186.20494136852,4742.92052460369,6485.34451782924,3977.24840819386,3309.77107085274
"NM_001271116",1548.46167088653,1321.64470291778,1191.17758964013,960.267657720975,996.256966795748,1325.21055572948
"NM_013068",251.538483050122,209.310247068426,216.082520071914,174.667632899142,98.7018859246154,147.969021407937
"NM_001106470",655.384671433344,607.996431960667,626.45772625891,498.126212341996,557.689966283418,505.462177129513
"NM_001044290",103.846162727114,141.533595636745,121.659906258977,143.130421403463,136.626748496635,144.417764894147
"NM_001014044",152.307705333101,223.264263539655,285.083660935214,114.019149253606,277.143226487836,192.359727830318
"NM_001191850",1433.07704563418,1654.5476673028,1483.52452856095,1168.08979501301,1099.82101458857,971.86053260733
"NM_022251",281.538485615732,223.264263539655,156.160476690627,543.8147366883,430.787541523198,607.264863858174
"NM_001024306",355.384645777236,430.58107968362,488.455444532309,175.476279347749,202.265933717438,149.744649664832
"NM_031775",50.7692351110337,31.8948947913792,61.7378628776897,15.7686057478392,26.2556740883213,26.6344238534287
"NM_024157",9872.30853659101,9416.96768715472,7820.73457100616,18624.7450043196,18779.6139997652,18803.9032405206
"NM_001108565",664.615441453532,1652.55423637834,722.696159568249,161.729289721427,214.421338387958,101.210810643029
"NM_001106474",1077.69239985694,1030.60378794644,1151.22956071927,974.4189705716,1024.94372181817,844.015298110873
"NM_001108567",1153.84625252349,2083.13531606196,2148.11446424432,1043.96256515181,1146.01155233654,1239.38852331288
"NM_001108566",2183.07710977445,2874.52739307305,2436.82976417234,2863.82139774218,2620.70524696393,2579.98785726879
"NM_001014043",514.615428625478,653.845343223274,1022.30637647468,418.878860378497,385.083219962046,446.86644465197
"NM_001024779",207.692325454229,257.152589255495,187.029408129472,177.497895469267,127.874857133861,140.866508380356
"NM_001106471",260.769253070309,267.119743877801,343.189884820098,236.933409441891,246.511606718128,234.974805995804
"NM_001106472",129.230780282631,89.7043916007541,87.1593358273266,43.6669082247854,58.3459424184918,127.845234496458
"NM_001113782",87.6923151917855,31.8948947913792,45.3954874100659,297.98621631173,892.692919002925,214.851019084325
"NM_001007640",161.538475353289,221.270832615193,203.371783597095,173.454663226231,183.303502431429,143.825888808515
"NM_001135871",1280.76934030108,823.286971802476,818.934592877589,1332.24502408026,1422.66856263756,1544.79658349886
"NM_053342",23.0769250504699,23.9211710935344,5.44745848920791,16.9815754207499,18.4762150991891,20.1237869114794
"NM_031237",7797.69297455377,8490.02230728026,8592.45785697728,7211.50902867845,7384.65144543378,6471.57312029753
"NM_001011952",1993.8463243606,1299.7169627487,1479.89288956815,2681.47162358127,2858.9511785061,2757.55068295831
"NM_001004228",198.461555434041,117.612424543211,143.449740215808,201.757288927481,188.651880486457,214.259142998693
"NM_022674",1013.07700971563,1026.61692609752,1334.62732985594,1901.12780067538,1367.23991733999,1409.84883597482
"NM_001109193",145.38462781796,133.559871938901,118.028267266171,157.686057478392,104.536480166465,147.377145322305
"NM_001108568",216.923095474417,177.415352277047,181.581949640264,151.216885889535,133.22323518889,155.66341052115
"NM_001008375",475.384656039679,643.878188600968,475.744708057491,343.674740658033,370.496734357423,369.922553519843
"NM_001107727",9493.8469657633,8280.71206021183,7145.24971834438,13731.2210205735,11642.93280961,12538.302998023
"NM_134329",251.538483050122,139.540164712284,219.714159064719,429.795587434693,253.80484952044,322.572466669303
"NM_001044232",343.846183252001,422.607355985775,453.954874100659,211.461046310766,185.734583365532,211.299762570534
"NM_019286",11866.1548609516,15889.6378988802,10217.6163062576,26556.3536954827,26753.073247439,43578.6524328943
"NM_017270",1659.23091112878,1734.28490428125,1350.96970532356,2565.43085820614,1796.08259411591,2550.98592907283
"NM_001106476",1343.07703793735,1255.86148241056,1394.54937323723,1187.90163300388,1100.30723077539,1031.04814117051
"NM_001126120",2709.23100092516,2902.43542601551,1859.3991643163,2831.87986302219,2631.40200307398,3460.69947268883
"NM_053974",1163.07702254368,1550.88925923082,1781.31892597099,1375.50760908074,1417.80640076935,1063.60132588025
"NM_001305261",60.0000051312216,49.83577311153,121.659906258977,78.8430287391958,65.6391852208033,89.9651650160257
"NM_001108569",246.923098040028,137.546733787823,784.434022445939,163.750905842945,173.579178695013,375.84131437616
"NM_133624",235.384635514793,157.481043032435,621.010267769702,314.159145283873,256.722146641364,553.996016151316
"NM_001015037",618.461591352592,450.515388928232,399.48028920858,1311.62453964078,1875.82204875451,1587.41166166435
"NM_031041",588.461588786982,807.339524406787,591.95715582726,616.997240287245,556.717533909776,518.483451013411
"NM_001009708",528.46158365576,512.311747586529,535.666751438778,589.098937810299,493.023213436256,445.090816395075
"NM_133297",5783.07741764775,6598.25635996658,5821.51730546685,4261.97110738392,4583.07377697253,4741.51932199593
"NM_001134708",120.000010262443,181.402214125969,225.161617553927,150.003916216624,120.58161433155,126.661482325194
"NM_001106203",844.615456847197,801.359231633403,833.46114884881,567.265483697907,533.37915694238,466.990231563449
"NM_031327",463.846193514444,454.502250777154,1180.28267266171,1004.33888917006,1602.08233557442,187.032843059632
"NM_031328",680.769288988861,799.365800708942,851.619343812837,493.678656874657,493.023213436256,565.241661778319
"NM_001134616",200.769247939088,181.402214125969,217.898339568316,190.031915422677,254.777281894081,189.992223487791
"NM_001039005",39.2307725857988,33.8883257158404,34.5005704316501,28.7069489255534,6.32081042866995,35.5125651379049
"NM_031023",3011.53871908632,2124.99736547564,2024.63873848894,2274.31813670757,2382.45931542175,2711.97622436467
"NM_024377",729.230831594848,857.175297518317,849.803524316434,642.46960341837,666.116175944449,605.489235601278
"NM_175597",567.692356241559,625.937310280817,690.011408633002,1082.77759468496,574.221316635324,904.386658845311
"NM_001014177",32.3076950706578,35.8817566403016,32.6847509352475,36.3890901873212,31.6040521433497,27.2262999390604
"NM_053768",19996.1555562321,14980.6333973259,7657.31081632992,13480.136298281,26162.8067966386,18915.767820705
"NM_021664",66.9230826463626,159.474473956896,69.0011408633002,26.281009579732,67.0978337812656,59.1876085631748
"NM_001107729",387.692340847894,338.883257158404,582.878058345246,637.617724726727,417.659704479037,778.908928691381
"NM_001037210",20.7692325454229,5.98029277338361,12.7107364748185,6.46917158885709,10.6967561100568,3.55125651379049
"NM_001013076",300.000025656108,450.515388928232,357.716440791319,265.236035143141,318.471602367601,220.769779940642
"NM_001037653",117.692317757396,163.461335805819,125.291545251782,103.10242219741,81.6843193858886,101.802686728661
"NM_001134549",175.384630383571,217.283970766271,208.819242086303,186.797329628249,186.220799552353,171.052188747575
"NM_001191094",1721.53860876505,2015.35866463028,1656.0273807192,1699.3705117479,1877.28069731497,1628.84298765857
"NM_138708",1922.30785670414,2226.66234262316,1961.08505611485,1457.18090039006,1787.81691893995,1473.17957713742
"NM_016986",10197.6931798026,5135.07806141206,4568.60185294903,21136.4008736933,21235.4919593969,18718.6730841897
"NM_001012219",55.3846201211277,33.8883257158404,29.0531119424422,55.3922817295889,151.213234101258,68.6576259332828
"NM_199494",376.153878322659,372.771582874245,277.820382949603,286.260842806926,344.241060269102,350.982518779627
"NM_031616",1689.23091369439,2192.77401690732,1971.97997309326,1579.69083735404,1512.6185571994,1435.89138374262
"NR_031904",4.61538501009397,1.9934309244612,3.63163899280527,7.6821412617678,4.86216186820765,8.87814128447622
"NM_017074",43513.849875166,9363.14505219427,12440.1793698545,22911.379828386,44331.7332657569,35171.0526364954
"NM_001034926",676.153903978767,566.134382546981,595.588794820065,668.750612998102,828.026166155763,857.036571994771
"NM_001035255",1714.61553124991,1865.85134529568,1904.79465172637,1746.27200576711,1862.20799552353,1811.14082203315
"NM_001305205",23.0769250504699,9.96715462230601,88.9751553237292,166.985491637374,60.2908071657749,79.3113954746542
"NM_053505",6.92307751514096,3.9868618489224,1.81581949640264,7.27781803746423,5.83459424184918,11.837521712635
"NM_001024274",200.769247939088,209.310247068426,185.213588633069,230.05991462873,157.047828343107,226.096664711328
"NM_019362",4.61538501009397,11.9605855467672,16.3423754676237,27.4939792526427,18.4762150991891,31.9613086241144
"NM_001106565",177.692322888618,191.369368748275,225.161617553927,131.40504789866,145.378639859409,129.620862753353
"NM_001012087",881.538536927949,1072.46583736013,978.726708561021,798.134044775244,988.477507806616,878.935987163146
"NM_053824",1566.9232109269,1720.33088781002,1478.07707007175,1478.61003127815,1464.96937089097,1429.38074680067
"NM_001106544",1569.23090343195,1524.97465721282,1320.10077388472,1089.65108949812,1263.67586954717,1061.23382153772
"NM_001108572",930.000079533935,1026.61692609752,922.43630417254,904.875375991386,968.542644146965,896.692269732098
"NM_001106563",2614.61560821824,3402.78658805527,1779.50310647458,1811.77236810429,1357.51559360358,1362.49874912428
"NM_001007742",417.692343413505,596.035846413899,432.165040143828,398.258375939015,340.837546961357,330.266855782515
"NM_138710",2146.1540296937,1654.5476673028,1596.10533733792,3180.00215914757,2071.76717204328,2571.70159206995
"NM_001011964",1310.76934286669,1182.10453820549,1094.93915633079,1061.34846379687,1083.28966423667,1080.17385627794
"NM_053902",5471.5389294664,1770.16666092155,1957.45341712204,8600.3593041612,8791.76109009308,8875.7737801337
"NM_001191747",549.230816201183,534.239487755602,502.98200050353,667.941966549495,766.276710429526,684.208754990301
"NM_030871",25.3846175555169,13.9540164712284,25.4214729496369,53.370665608071,76.8221575176809,82.8626519884447
"NM_017269",1269.23087777584,1277.78922257963,1183.91431165452,1376.72057875365,1611.32044312402,1282.00360147837
"NM_001107743",1253.07703024051,889.070192309696,593.772975323662,2261.78411675416,2212.28365003448,1999.35741726405
"NM_001107753",46.1538501009397,29.901463866918,30.8689314388448,50.9447262622496,54.9424291107465,69.2495020189145
"NM_001107749",399.230803373129,291.040914971335,306.873494892046,507.425646500978,544.075913052436,631.531783369075
"NM_012924",120.000010262443,67.7766514316809,384.953733237359,117.658058272338,112.315939155597,120.150845383245
"NM_001109203",184.615400403759,424.600786910236,472.113069064686,325.884518788676,269.363767498704,187.624719145264
"NM_173328",1693.84629870449,1431.28340376314,1054.99112740993,2470.0105772705,2348.91039853112,2653.97236797276
"NM_001105744",620.769283857639,578.094968093749,650.063379712144,866.868992906851,746.341846769875,700.189409302358
"NM_001261404",999.230854685345,1068.4789755112,1118.54480978402,840.992306551422,999.174263916673,794.297706917806
"NM_022943",327.692335716672,422.607355985775,294.162758417227,368.742780564854,341.809979334998,411.945755599697
"NM_001106507",122.30770276749,75.7503751295257,294.162758417227,511.06455551971,252.832417146798,389.45446434569
"NM_001013919",588.461588786982,592.048984564977,599.22043381287,471.440879537961,528.516995074172,693.678772360409
"NM_024353",126.923087777584,111.632131769827,105.317530791353,137.469896263213,184.762150991891,197.686612601004
"NM_001108594",369.230800807518,528.259194982219,424.901762158217,206.609167619123,194.000258541485,245.036699451544
"NM_001107783",1063.84624482666,835.247557349244,980.542528057424,1257.8495508084,1017.16426282904,1000.86246080329
"NM_001106529",701.538521534284,761.490613144179,835.276968345213,540.984474118175,570.331587140758,555.771644408212
"NM_199392",16.1538475353289,15.9474473956896,10.8949169784158,10.1080806075892,14.1002694178022,10.6537695413715
"NM_001034927",710.769291554472,462.475974474999,542.930029424388,600.419988090799,570.331587140758,712.026931014993
"NM_001134447",260.769253070309,291.040914971335,254.214729496369,283.026257012498,281.519172169223,305.999936271614
"NM_021853",16.1538475353289,31.8948947913792,29.0531119424422,8.49078771037494,11.1829722968776,13.6131499695302
"NM_031348",498.461581090149,432.574510608081,490.271264028712,956.224425477939,1043.41993691736,1297.98425579042
"NM_001276417",5079.23120360842,7403.6024534489,5776.12181805679,6764.3275425987,7139.59848727612,6327.15535540339
"NM_134452",1197.69241011939,797.372369784481,1194.80922863293,1470.11924356777,1321.53559577884,1916.4947652756
"NM_012805",4467.69268977097,4216.10640523544,2640.20154776943,5492.73100216398,5603.1553369225,6476.90000506822
"NM_001107824",346.153875757048,336.889826233943,441.244137625841,145.556360749285,190.59674523374,173.419693090102
"NM_001031662",163.846167858336,199.34309244612,214.266700575511,109.975917010571,129.333505694324,133.763995352775
"NM_001024782",690.000059009049,600.022708262822,735.406896043068,824.81937757928,882.482379079689,792.522078660911
"NM_001107828",1350.00011545249,1630.62649620926,1855.76752532349,983.718404730582,1022.51264088407,941.08297615448
"NM_138914",447.692345979115,380.74530657209,464.849791079075,390.171911452944,370.982950544244,350.982518779627
"NM_013157",34373.0798626749,41662.7063212391,29116.6656248163,20330.180364432,42663.5255287749,36848.4294631757
"NM_001168559",646.153901413156,833.254126424782,680.932311150989,677.241400708477,652.988338900288,677.10624196272
"NM_001100850",1105.38470991751,1401.38193989622,1134.88718525165,1333.86231697747,1527.20504280402,1500.40587707648
"NM_001246661",1084.61547737208,1261.84177518394,1338.25896884874,950.968223561993,917.003728343963,1066.56070630841
"NM_001107830",16.1538475353289,11.9605855467672,10.8949169784158,10.5124038318928,17.5037827255476,3.55125651379049
"NM_013038",182.307707898712,229.244556313038,292.346938920825,142.321774954856,184.27593480507,155.071534435518
"NM_001107833",346.153875757048,267.119743877801,292.346938920825,257.14957065707,307.288630070724,273.446751561868
"NM_001271232",64.6153901413156,67.7766514316809,108.949169784158,85.3122003280529,64.6667528471618,62.1469889913336
"NM_001107834",80.7692376766445,89.7043916007541,83.5276968345213,134.235310468785,121.554046705191,128.437110582089
"NM_001109341",696.92313652419,773.451198690946,426.71758165462,464.5673847248,420.577001599962,518.483451013411
"NM_145674",108.461547737208,77.7438060539869,87.1593358273266,98.6548667300707,109.884858221493,151.520277921728
"NM_001107837",20.7692325454229,15.9474473956896,19.974014460429,38.0063830845354,33.5489168906328,22.4912912540064
"NM_001107841",1089.23086238218,1022.6300642486,1065.88604438835,1288.98243907978,1334.663432823,1369.00938606623
"NM_001107839",263.076945575356,293.034345895797,239.688173525148,321.436963321337,203.724582277901,213.075390827429
"NM_001106572",53.0769276160807,35.8817566403016,58.1062238848844,150.003916216624,93.8397240564077,70.433254190178
"NM_001013917",16.1538475353289,15.9474473956896,16.3423754676237,21.0248076637856,20.4210798464721,28.4100521103239
"NM_001033701",332.307720726766,253.165727406573,285.083660935214,456.480920238729,440.511865259613,465.214603306554
"NM_001007641",987.69239216011,843.221281047088,813.487134388381,1073.07383730167,942.286970058643,1131.07519964227
"NM_001024310",210.000017959276,241.205141859805,168.871213165445,257.958217105677,177.468908189579,197.094736515372
"NM_012736",166.153860363383,249.17886555765,187.029408129472,232.890177198855,223.173229750731,189.992223487791
"NM_001107732",4.61538501009397,19.934309244612,12.7107364748185,4.44755546733925,5.34837805502842,3.55125651379049
"NM_024486",256.153868060215,394.699323043318,277.820382949603,507.829969725282,416.687272105396,457.520214193341
"NM_001106481",256.153868060215,769.464336842024,366.795538273333,75.2041197204637,152.67188266172,89.9651650160257
"NM_001108260",401.538495878176,420.613925061314,374.058816258943,617.401563511549,551.855372041569,546.893503123735
"NM_001002854",906.923154483466,1307.69068644655,1098.5707953236,843.01392267294,815.870761485244,758.193265694269
"NM_001100837",233.076943009746,81.7306679029093,194.292686115082,173.050340001927,201.293501343797,213.667266913061
"NM_001012184",316.153873191437,332.902964385021,522.956014963959,346.100680003855,399.669705566669,314.286201470458
"NM_001004263",11.5384625252349,5.98029277338361,19.974014460429,19.4075147665713,9.72432373641531,15.9806543120572
"NM_012789",5986.15435809188,5300.53282814234,5264.06072007124,5874.41212590655,6127.78260250211,6565.08954182735
"NM_001109199",823.846224301774,627.930741205279,1165.75611669049,908.514285010118,1099.82101458857,1384.99004037829
"NM_031623",2326.15404508736,1730.29804243232,1610.63189330914,2647.91279596407,2341.13093954199,2506.59522265045
"NM_001271225",2.30769250504699,1.9934309244612,3.63163899280527,4.04323224303568,23.8245931542175,8.28626519884447
"NM_030827",1043.07701228124,588.062122716055,1140.33464374086,1399.36267931465,1156.22209225978,1002.63808906018
"NM_001127486",13.8461550302819,19.934309244612,21.7898339568316,11.3210502804999,10.6967561100568,10.6537695413715
"NM_001107734",1165.38471504873,1245.89432778825,1109.46571230201,1209.33076389197,1240.82370876659,1081.94948453484
"NM_017007",9.23077002018795,1.9934309244612,1.81581949640264,7.27781803746423,5.83459424184918,2.36750434252699
"NM_053725",1389.23088803829,1365.50018325592,1910.24211021557,1175.36761305047,2102.39879181299,1064.78507805151
"NM_001009657",334.615413231813,420.613925061314,526.587653956765,565.243867576389,479.409160205275,406.618870829011
"NM_057192",350.769260767142,293.034345895797,350.453162805709,454.054980892907,481.354024952558,514.932194499621
"NM_001033927",1294.61549533136,1243.90089686379,1456.28723611491,967.949798982743,896.582648497491,982.514302148702
"NM_031018",512.307736120431,564.14095162252,553.824946402804,544.623383136907,592.211315547692,469.357735905976
"NM_001077429",122.30770276749,141.533595636745,167.055393669043,157.281734254088,131.278370441607,151.520277921728
"NM_001013077",371.538493312565,346.856980856249,308.689314388448,361.060639303087,334.030520345866,310.734944956668
"NM_001107735",25.3846175555169,5.98029277338361,10.8949169784158,23.0464237853034,29.6591873960667,23.6750434252699
"NM_001134514",283.846178120779,261.139451104417,268.74128546759,201.352965703177,196.431339475589,157.439038778045
"NM_001107736",696.92313652419,711.654840032649,619.194448273299,593.546493277638,381.679706654301,482.970885875506
"NM_001047857",503.076966100243,504.338023888684,539.298390431583,939.242850057189,851.36454312316,859.99595242293
"NM_001106486",1714.61553124991,1738.27176613017,1897.53137374076,2007.86913189152,1990.08285265739,1879.79844796643
"NM_001107741",565.384663736512,540.219780528986,570.167321870428,620.231826081674,690.913201472308,545.709750952472
"NM_012717",482.30773355482,338.883257158404,312.320953381254,467.397647294925,497.885375304464,426.150781654859
"NM_001025421",1982.30786183536,1905.71996378491,1844.87260834508,2587.66863554284,2357.17607370707,2162.12334081278
"NM_001134341",775.384681695787,903.024208780924,804.408036906368,876.97707351444,905.334539860265,852.301563309717
"NM_001033707",4146.92343156943,4064.60565497639,3117.76207532333,4980.04915374705,5735.40613973775,4879.42644994813
"NM_001013918",272.307715595544,159.474473956896,381.322094244554,99.8678364029814,105.022696353285,126.661482325194
"NM_133405",966.923159614687,1708.37030226325,996.884903525048,836.544751084083,1365.78126877953,1119.23767792964
"NM_031797",1950.0001667647,1423.3096800653,2258.87945352488,2145.74335137904,2188.45905688026,2159.16396038462
"NM_032066",3417.69259997459,2252.57694464116,1932.03194417241,4361.03029733829,4438.66756948677,4019.4304975252
"NM_001107751",1680.00014367421,1538.92867368405,1559.78894740986,1294.64296422003,1373.56072776866,1345.33434264096
"NM_001107750",150.000012828054,241.205141859805,99.870072302145,610.932391922692,353.479167818696,309.551192785404
"NM_001107752",1193.07702510929,1554.87612107974,1356.41716381277,1456.77657716576,1627.3655772891,1402.74632294724
"NM_001080150",11.5384625252349,31.8948947913792,47.2113069064686,25.4723631311248,13.1278370441607,24.8587955965334
"NM_001106491",200.769247939088,215.29053984181,168.871213165445,234.103146871766,239.218363915817,259.241725506706
"NM_001013203",293.076948140967,340.876688082866,404.927747697788,324.267225891462,305.829981510261,285.284273274503
"NM_001035233",147.692320323007,61.7963586582973,38.1322094244554,29.9199185984641,60.2908071657749,27.8181760246922
"NM_001107755",73.8461601615036,27.9080329424568,58.1062238848844,63.4787462156602,76.3359413308602,85.8220324166035
"NM_134403",1841.5386190275,765.477474993102,1470.81379208614,2157.06440165954,2764.13902207605,2563.4153268711
"NM_031787",1066.15393733171,1437.26369653653,951.489416114982,1059.32684767535,981.184265004305,905.570411016575
"NM_001144862",424.615420928646,354.830704554094,326.847509352475,695.435945802138,661.740230263062,666.452472421348
"NM_001108586",1073.07701484685,1614.67904881357,2425.93484719392,654.599300147477,533.37915694238,619.102385570809
"NM_031534",13.8461550302819,5.98029277338361,7.26327798561055,19.8118379908749,15.0727017914437,8.87814128447622
"NM_001024981",80.7692376766445,117.612424543211,56.2904043884817,48.1144636921246,75.8497251440394,95.8839258723432
"NM_001107757",556.153893716324,482.410283719611,573.798960863233,430.6042338833,400.642137940311,387.678836088795
"NM_001109630",214.61540296937,233.231418161961,312.320953381254,295.155953741605,260.125659949109,298.897423244033
"NM_001100987",900.000076968325,954.853412816916,1080.41260035957,870.912225149886,937.424808190436,779.500804777012
"NM_001014181",122.30770276749,223.264263539655,170.687032661848,128.574785328535,132.737019002069,174.603445261366
"NM_001107758",191.5384779189,143.527026561207,116.212447769769,185.988683179641,211.990257453854,211.891638656166
"NM_019211",46.1538501009397,67.7766514316809,72.6327798561055,88.1424628981779,112.802155342418,123.110225811404
"NM_012592",3865.3849459537,2107.05648715549,2053.69185043138,4166.14650322397,5117.42536628855,5135.11691894105
"NM_001109204",57.6923126261747,95.6846843741377,147.081379208614,186.797329628249,101.132966858719,125.477730153931
"NM_001012186",1181.53856258406,1373.47390695377,1202.07250661855,1058.51820122674,1090.58290703898,1036.96690202682
"NM_001033999",549.230816201183,823.286971802476,733.591076546665,680.475986502906,673.40941874676,619.102385570809
"NM_001178072",911.53853949356,1028.61035702198,784.434022445939,921.048304963529,826.567517595301,851.117811138454
"NM_001107766",36.9230800807518,103.658408071982,67.1853213668976,105.528361543231,84.1154003199924,80.4951476459177
"NM_001080783",380.769263332753,324.929240687176,368.611357769735,401.08863850914,406.962948368981,396.556977373271
"NM_001271283",43.8461575958927,31.8948947913792,39.948028920858,35.580443738714,35.0075654510951,36.6963173091684
"NM_001014048",113.076932747302,223.264263539655,194.292686115082,175.880602572052,177.9551243764,207.748506056744
"NM_001025714",595.384666302122,651.851912298813,521.140195467557,543.006090239692,609.228882086419,530.912848811678
"NM_001107768",270.000023090497,259.146020179956,239.688173525148,362.677932200301,385.083219962046,419.048268627278
"NM_031825",664.615441453532,645.871619525429,775.354924963926,790.047580289173,719.599956494733,915.632304472314
"NM_001013920",73.8461601615036,97.6781152985989,52.6587653956765,33.5588276171962,28.2005388356044,21.8994151683747
"NM_001135015",18.4615400403759,7.97372369784481,9.07909748201318,3.63890901873212,6.80702661549071,4.73500868505398
"NM_001039036",110.769240242255,95.6846843741377,114.396628273366,99.4635131786778,82.1705355727093,88.7814128447622
"NM_001191742",156.923090343195,237.218280010883,226.97743705033,183.158420609516,189.624312860098,181.114082203315
"NM_001107771",994.615469675251,1208.01914022349,1004.14818151066,943.690405524529,879.565081958764,877.160358906251
"NM_017019",230.769250504699,189.375937823814,332.294967841683,367.529810891944,936.938592003615,327.307475354357
"NM_012763",883.846229432996,773.451198690946,769.907466474718,905.27969921569,788.642655023281,859.99595242293
"NM_001033997",256.153868060215,215.29053984181,256.030548992772,173.454663226231,254.777281894081,224.321036454433
"NM_001191076",6.92307751514096,7.97372369784481,9.07909748201318,11.7253735048035,16.0451341650853,23.6750434252699
"NM_001109206",1350.00011545249,755.510320370796,922.43630417254,1772.55301534684,2576.45957396324,2008.82743463415
"NM_031351",9443.07773065227,5216.80872931497,5153.29573079068,18458.1638359065,18485.9394229255,17866.9633969656
"NM_198779",671.538518968673,1257.85491333502,719.064520575444,582.629766221442,1003.06399341124,773.582043920695
"NM_053643",720.00006157466,916.978225252153,878.856636258876,697.861885147959,589.780234613588,756.417637437374
"NM_017316",521.538506140619,609.989862885128,493.902903021517,598.802695193585,628.67752955925,500.727168444459
"NM_001107780",7174.61599819108,4580.90426441184,4296.22892848864,16358.9176553224,15915.8006593909,18526.3133563593
"NM_001077641",565.384663736512,550.186935151292,433.98085964023,751.23255075603,764.331845682243,784.235813462066
"NM_001271320",36.9230800807518,63.7897895827585,56.2904043884817,54.5836352809817,57.8597262316711,42.6150781654859
"NM_001100771",687.692366504002,841.227850122627,826.1978708632,573.734655286764,606.311584965494,451.601453337024
"NM_001044243",133.846165292725,175.421921352586,226.97743705033,90.1640790196958,123.498911452474,84.0464041597082
"NM_001191855",533.076968665854,679.75994524127,711.801242589834,556.34875664171,588.321586053126,487.114018474929
"NM_001033666",2946.923328945,3093.80479476379,3386.50336079092,2931.74769942517,3372.39547178883,3185.47709287007
"NM_001107786",544.615431191089,582.081829942671,1096.75497582719,619.82750285737,603.39428784457,533.872229239837
"NM_013188",260.769253070309,191.369368748275,372.242996762541,284.643549909712,282.491604542865,278.773636332553
"NM_001106524",55.3846201211277,47.8423421870688,47.2113069064686,77.2257358419816,97.2432373641531,76.3520150464955
"NM_001106525",2.30769250504699,7.97372369784481,3.63163899280527,10.5124038318928,8.26567517595301,10.6537695413715
"NM_001101005",1689.23091369439,1718.33745688556,1614.26353230194,1884.95487170324,1673.55611503707,2082.22006925249
"NM_031981",2822.30793367246,2758.9083994543,2807.25694143848,2069.32626198566,2007.58663538294,1786.28202643662
"NM_001025649",2079.23094704733,2049.24699034612,2082.74496237382,1872.82517497413,1674.0423312239,1940.16980870087
"NM_001033670",64.6153901413156,25.9146020179956,23.6056534532343,3.23458579442855,1.94486474728306,3.55125651379049
"NM_001003959",150.000012828054,99.6715462230601,148.897198705016,442.329607388104,382.652139027942,436.212675110598
"NM_145721",376.153878322659,400.679615816702,348.637343309306,293.134337620087,333.058087972224,371.698181776738
"NM_199380",2843.07716621789,3335.00993662359,3642.53390978369,2680.25865390836,2339.67229098152,2101.75198007834
"NM_001168542",309.230795676296,285.060622197952,317.768411870461,294.751630517301,301.454035828875,332.634360125042
"NM_001107793",5118.46197619422,1439.25712746099,1380.022817266,3486.07483994537,4481.45459392699,2818.51391977838
"NM_001270947",5674.61586991054,4347.67284624988,3704.27177266138,12360.1609669601,16178.3574002741,10467.9204504831
"NM_053462",6083.07744330386,5031.41965334007,4392.46736179798,5370.6253884243,5964.41396373033,6235.41456213047
"NM_001107795",796.15391424121,755.510320370796,949.673596618579,688.158127764674,774.542385605479,657.574331136872
"NM_001100748",3696.92339308527,3432.68805192219,3573.53276892039,3636.48307938629,3892.64679168705,3633.5272896933
"NM_021681",6.92307751514096,5.98029277338361,10.8949169784158,17.3858986450534,17.0175665387268,18.9400347402159
"NM_001191743",376.153878322659,283.067191273491,535.666751438778,328.714781358801,287.353766411072,571.752298720269
"NM_172090",186.923092908806,133.559871938901,114.396628273366,264.427388694534,302.426468202516,191.767851744686
"NM_001100885",343.846183252001,187.382506899353,281.452021942409,448.394455752657,567.900506206654,602.52985517312
"NM_001013923",30.0000025656108,39.868618489224,43.5796679136633,65.5003623371781,71.9599956494733,52.6769716212256
"NM_001024870",551.53850870623,604.009570111744,555.640765899207,590.31190748321,545.534561612899,584.181696518535
"NM_001098727",897.692384463278,970.800860212605,900.646470215708,958.650364823761,974.863454575634,957.063630466537
"NM_031698",16816.1552842774,16029.1780635925,15663.2589759691,14642.969891378,14366.2296719932,15669.3274910149
"NM_001108601",263.076945575356,293.034345895797,270.557104963993,219.547510796838,280.546739795582,256.282345078547
"NM_001191072",101.538470222067,59.8029277338361,74.4485993525081,108.358624113356,122.526479078833,127.845234496458
"NM_001271210",1384.61550302819,1445.23742023437,1285.60020345307,1219.43884449956,1360.91910691132,1165.99588869454
"NM_017208",5591.53893972885,6179.63586582973,7009.06325611418,4643.24790790218,3916.95760102809,2817.33016760712
"NM_001107797",713.076984059519,701.687685410343,639.168462733728,913.366163701761,964.652914652398,1003.82184123144
"NM_134463",540.000046180995,295.027776820258,394.032830719372,951.372546786297,1484.4180183638,1533.55093787186
"NM_001106537",927.692387028889,1078.44613013351,1263.81036949624,668.346289773799,806.63265393565,556.363520493843
"NM_019377",3514.61568518656,3163.57487711993,3562.63785194197,3908.9969325669,3981.13813768843,4053.75931049184
"NM_001107800",1119.23086494779,1092.40014660474,967.831791582605,1211.75670323779,951.038861421417,967.717400007908
"NM_012649",3775.38493825687,4808.15538980042,4058.35657445989,4124.90553434501,18067.7935022596,5506.22322463215
"NM_134360",60.0000051312216,55.8160658849137,96.2384333093398,38.410706308839,42.7870244402273,49.1257151074351
"NM_001107801",228.461557999652,231.237987237499,207.003422589901,173.858986450534,175.037827255476,201.829745200426
"NM_173109",246.923098040028,356.824135478555,196.108505611485,550.283908277157,538.241318810587,875.976606734987
"NM_001100838",1146.92317500835,920.965087101075,1042.28039093511,955.415779029332,1053.6304768406,1204.46783426061
"NM_022866",542.307738686042,677.766514316809,684.563950143794,2180.91947189345,1287.01424651457,1293.24924710537
"NM_001047860",833.076994321962,1086.41985383136,1577.94714237389,1174.55896660187,1203.38506238139,1815.8758307182
"NM_001135718",283.846178120779,279.080329424568,341.374065323696,386.937325658515,421.549433973604,446.274568566338
"NM_001108607",1940.76939674452,1816.01557218415,2039.16529446016,1843.71390282427,1732.87448982921,1614.63796160341
"NM_001025281",496.153888585102,691.720530788037,617.378628776897,427.369648088872,468.712404095218,468.765859820345
"NM_001012093",364.615415797424,301.008069593641,439.428318129438,265.640358367444,377.303760972914,200.054116943531
"NM_001107807",20.7692325454229,13.9540164712284,12.7107364748185,30.3242418227676,27.2281064619629,15.9806543120572
"NM_001108610",1066.15393733171,1032.5972188709,1145.78210223006,777.109237111459,808.577518682933,742.804487467844
"NM_001013079",879.230844422902,871.129313989545,778.986563956731,887.893800570636,856.226704991368,1016.25123902971
"NM_001079766",1269.23087777584,1598.73160141788,1567.05222539548,1136.55258351733,1277.77613896497,1206.83533860313
"NM_001108614",253.846175555169,229.244556313038,261.47800748198,311.733205938051,299.509171081591,333.226236210674
"NM_024161",521.538506140619,606.003001036205,544.745848920791,538.558534772353,576.166181382607,459.887718535868
"NM_022194",618.461591352592,990.735169457217,691.827228129405,311.328882713748,967.570211773323,352.16627095089
"NM_001108570",66.9230826463626,63.7897895827585,41.7638484172606,23.8550702339105,30.6316197697082,44.3907064223811
"NM_001134881",666.923133958579,625.937310280817,866.145899784058,508.234292949586,620.898070570117,485.338390218033
"NM_031141",25.3846175555169,55.8160658849137,54.4745848920791,16.9815754207499,5.83459424184918,13.6131499695302
"NM_001100770",563.076971231465,472.443129097305,755.380910503497,361.46496252739,320.416467114884,366.963173091684
"NM_001100171",50.7692351110337,39.868618489224,21.7898339568316,50.5404030379461,23.8245931542175,47.9419629361716
"NM_199094",6805.38519738356,5344.38830848048,6595.05641093438,6054.33596072163,4557.30431907103,5131.56566242726
"NM_001107816",122.30770276749,107.645269920905,92.6067943165345,125.74452275841,118.150533397446,144.417764894147
"NM_001107817",2007.69247939088,1690.4294239431,1795.84548194221,1295.04728744433,1298.68343499826,1436.48325982825
"NM_001143750",57.6923126261747,43.8554803381464,56.2904043884817,46.0928475706068,63.2081042866995,58.5957324775431
"NM_031973",346.153875757048,263.132882028879,303.24185589924,297.581893087426,335.975385093149,340.328749238255
"NM_001107818",549.230816201183,600.022708262822,709.985423093431,461.737122154675,479.895376392095,476.460248933557
"NM_001109196",4590.00039253846,5974.31248061022,5412.95791877626,3069.62191891269,3106.43521759787,3007.91426718054
"NM_001134516",129.230780282631,155.487612107974,219.714159064719,151.621209113838,157.047828343107,164.541551805626
"NM_001100532",1571.538595937,2013.36523370581,1835.79351086307,1126.44450290974,1084.74831279713,1213.34597554508
"NM_001024309",230.769250504699,199.34309244612,221.529978561122,230.464237853034,270.822416059166,311.3268210423
"NM_001107819",210.000017959276,271.106605726723,181.581949640264,199.331349581659,197.403771849231,230.23979731075
"NM_172030",126.923087777584,105.651838996444,205.187603093498,63.0744229913567,76.3359413308602,58.5957324775431
"NM_001106556",309.230795676296,229.244556313038,259.662187985577,200.948642478874,251.373768586336,247.404203794071
"NM_024396",1943.07708924956,1431.28340376314,1396.36519273363,1645.59552291552,1889.92231817231,1846.65338717105
"NM_001128138",816.923146786633,454.502250777154,274.188743956798,1182.64543108794,920.407241651709,1389.72504906334
"NM_001004231",424.615420928646,480.41685279515,771.723285971121,287.878135704141,282.491604542865,303.040555843455
"NM_001106557",2180.7694172694,2015.35866463028,2148.11446424432,1779.0221869357,1875.33583256769,1906.43287181986
"NM_001107815",613.846206342498,689.727099863576,699.090506115015,393.406497247372,440.511865259613,484.15463804677
"NM_001106558",768.461604180646,681.753376165731,726.327798561055,591.120553931817,681.675093922713,729.783213583945
"NM_001106555",4629.23116512425,2756.91496852984,2318.80149690617,6205.14852338687,6584.82581811363,7639.34463724897
"NM_001108573",872.307766907761,1016.64977147521,757.1967299999,844.631215570154,822.677788100735,874.792854563724
"NM_145768",39.2307725857988,17.9408783201508,29.0531119424422,40.8366456546604,58.3459424184918,31.9613086241144
"NM_001025730",2351.53866264288,2093.10247068426,1814.00367690623,2242.37660198759,2351.82769565204,2580.57973335442
"NM_001109197",263.076945575356,267.119743877801,236.056534532343,171.433047104713,215.393770761599,212.483514741798
"NM_001013163",73.8461601615036,103.658408071982,88.9751553237292,95.0159577113386,84.1154003199924,85.8220324166035
"NM_001168549",463.846193514444,651.851912298813,582.878058345246,548.666615379942,554.772669162493,454.560833765183
"NM_001126295",893.076999453184,1008.67604777737,735.406896043068,629.531260240656,576.166181382607,648.696189852396
"NM_001100533",346.153875757048,398.68618489224,283.267841438811,523.598575473121,479.895376392095,582.40606826164
"NM_001109434",602.307743817263,934.919103572304,791.69730043155,337.205569069176,347.644573576847,288.835529788293
"NM_022303",50.7692351110337,61.7963586582973,83.5276968345213,46.9014940192139,50.0802672425388,55.0444759637526
"NM_001013135",620.769283857639,723.615425579416,731.775257050263,674.815461362656,740.507252528026,586.549200861062
"NM_144745",25.3846175555169,31.8948947913792,47.2113069064686,57.4138978511067,58.8321586053126,49.7175911930668
"NM_053632",228.461557999652,189.375937823814,232.424895539538,201.757288927481,180.872421497325,185.257214802737
"NM_001003673",2441.53867033971,2499.76237927435,2311.53821892056,2266.2316722215,2429.62228554336,2501.26833787977
"NM_001105721",800.769299251304,635.904464903123,675.484852661781,866.868992906851,877.134001024661,939.307347897584
"NM_139104",440.769268463974,414.63363228793,472.113069064686,491.252717528836,777.945898913225,465.806479392186
"NM_001014178",4.61538501009397,13.9540164712284,5.44745848920791,8.89511093467851,17.5037827255476,11.837521712635
"NR_037353",2.30769250504699,5.98029277338361,1.81581949640264,5.25620191594639,13.6140532309814,5.91876085631748
"NM_001107821",1370.76934799791,1064.49211366228,918.804665179734,2047.08848464897,1513.59098957304,1664.35555279648
"NM_198770",385.384648342847,380.74530657209,490.271264028712,338.418538742087,315.068089059856,253.322964650388
"NM_144738",6253.84668867733,8830.89899536312,6266.3930820855,3984.60537551167,3906.26084491803,3715.20618951048
"NM_001033565",761.538526665506,432.574510608081,412.191025683399,655.812269820388,576.652397569428,635.083039882866
"NM_001013426",630.000053877827,560.154089773598,490.271264028712,516.320757435657,552.341588228389,602.52985517312
"NM_001160263",30.0000025656108,39.868618489224,21.7898339568316,32.750181168589,19.4486474728306,23.6750434252699
"NM_001015014",353.076953272189,488.390576492994,515.692736978349,415.644274584068,431.273757710019,483.562761961138
"NM_001033884",1359.23088547268,1084.42642290689,1530.73583546742,1160.00333052694,1503.86666583663,1457.790798911
"NM_001033868",15775.3859645012,15638.4656023981,14245.1039492787,17455.846562858,15506.4066300878,16262.9792049035
"NM_001077679",253.846175555169,340.876688082866,203.371783597095,282.217610563891,223.173229750731,294.162414558979
"NM_001033866",648.461593918203,645.871619525429,789.881480935147,426.561001640265,563.038344338446,493.624655416878
"NM_172068",533.076968665854,606.003001036205,517.508556474751,440.307991266586,519.278887524577,522.034707527202
"NM_001114391",200.769247939088,613.97672473405,595.588794820065,333.16233682614,335.489168906328,331.450607953779
"NM_001106561",609.230821332404,494.370869266378,483.007986043101,504.999707155157,519.278887524577,663.49309199319
"NM_001106562",124.615395272537,97.6781152985989,123.475725755379,144.343391076374,80.711887012247,163.949675719994
"NM_053664",4860.00041562895,4682.56924155936,3707.90341165418,4968.32378024225,7222.25523903565,7977.89775823033
"NM_001108575",789.230836726069,805.346093482326,684.563950143794,1356.10009431417,1176.15695591943,1234.65351462783
"NM_001039034",1137.69240498816,1237.92060409041,1439.94486064729,854.33497295344,974.377238388814,915.632304472314
"NM_053634",80.7692376766445,29.901463866918,85.3435163309239,27.0896560283391,10.6967561100568,56.8201042206478
"NM_053573",11.5384625252349,1.9934309244612,12.7107364748185,9.70375738328564,6.80702661549071,10.6537695413715
"NM_001108576",1227.692412685,1373.47390695377,1470.81379208614,1002.31727304855,1134.82858003967,1048.80442373946
"NM_001079941",348.461568262095,289.047484046874,343.189884820098,323.458579442855,348.617005950489,371.106305691106
"NM_019250",276.923100605638,201.336523370581,328.663328848877,273.726822853516,243.594309597203,294.162414558979
"NM_021854",447.692345979115,410.646770439008,450.323235107854,499.339182014907,543.589696865616,437.988303367494
"NM_001109473",459.23080850435,512.311747586529,466.665610575478,503.382414257943,498.857807678105,558.139148750739
"NM_001107825",41.5384650908458,19.934309244612,32.6847509352475,44.4755546733925,57.8597262316711,56.2282281350161
"NM_001014257",131.538472787678,117.612424543211,121.659906258977,114.019149253606,91.8948593091247,116.007712783823
"NM_001137562",452.307730989209,516.298609435451,486.639625035907,303.64674145198,249.915120025873,330.858731868147
"NM_001011962",25.3846175555169,31.8948947913792,16.3423754676237,46.0928475706068,44.7318891875104,49.1257151074351
"NM_001100706",346.153875757048,324.929240687176,337.74242633089,310.115913040837,330.62700703812,314.286201470458
"NM_001025731",429.230805938739,486.397145568533,453.954874100659,379.659507621051,274.712145553732,357.493155721576
"NM_171983",8958.4623045924,9721.96261859728,12278.5714346746,5495.5612647341,6429.7228545178,4548.56771807998
"NM_001005542",66.9230826463626,119.605855467672,118.028267266171,32.3458579442855,74.8772927703979,75.168262875232
"NM_001100707",1774.61553638113,1572.81699939989,1523.47255748181,2105.71535217298,1862.20799552353,2538.55653127457
"NM_001047861",336.92310573686,336.889826233943,501.166181007128,320.223993648426,268.391335125062,297.121794987138
"NM_001013239",431.538498443786,524.272333133296,419.454303669009,344.887710330944,297.564306334308,313.694325384827
"NM_001034938",170.769245373477,121.599286392133,114.396628273366,101.889452524499,93.3535078695869,130.804614924616
"NM_001047110",309.230795676296,287.054053122413,348.637343309306,211.056723086463,231.438904926684,200.645993029163
"NM_001013164",1273.84626278594,1540.92210460851,733.591076546665,1325.3715292671,1324.45289289976,1610.49482900399
"NM_001107826",1144.61548250331,1010.66947870183,829.829509856005,891.937032813672,944.231834805926,1111.54328881642
"NM_001106566",893.076999453184,875.116175838468,693.643047625807,741.124470148441,832.888328023971,776.541424348854
"NM_001009692",422.307728423599,342.870119007327,305.057675395643,415.644274584068,433.704838644123,443.315188138179
"NM_001013081",3196.15411949008,2390.12367842898,1997.4014460429,3052.64034349194,3551.32302853887,3651.87544834789
"NM_001108577",2192.30787979464,1702.39000948987,1823.08277438825,2795.89509605918,2592.99092431514,2429.65133151833
"NM_001106567",556.153893716324,424.600786910236,468.48143007188,583.034089445746,582.000775624456,611.407996457596
"NM_001025041",16.1538475353289,13.9540164712284,23.6056534532343,22.6421005609998,19.4486474728306,35.5125651379049
"NM_001004085",955.384697089452,980.768014834911,631.905184748118,1984.41838488191,2083.9225767138,1099.11389101816
"NM_001025019",540.000046180995,572.114675320365,628.273545755312,304.859711124891,424.466731094528,329.674979696884
"NM_001011963",420.000035918552,368.784721025322,306.873494892046,367.529810891944,368.065653423319,414.905136027855
"NM_001039197",516.923121130525,560.154089773598,379.506274748151,642.873926642674,754.121305759007,623.837394255862
"NM_001025003",583.846203776888,560.154089773598,604.667892302078,337.205569069176,399.669705566669,409.57825125717
"NM_001107827",660.000056443438,564.14095162252,759.012549496302,343.27041743373,314.581872873035,381.168199146846
"NM_153303",1047.69239729133,1048.54466626659,829.829509856005,1182.24110786363,1039.04399123598,1186.11967560602
"NM_001039337",805.384684261398,1012.66290962629,984.174167050229,705.94834963403,594.156180294975,584.773572604167
"NM_001108952",350.769260767142,350.843842705172,325.031689856072,298.390539536033,218.797284069344,232.607301653277
"NM_001108578",4.61538501009397,3.9868618489224,1.81581949640264,17.790221869357,9.72432373641531,5.91876085631748
"NM_001012349",80.7692376766445,87.7109606762929,59.922043381287,78.8430287391958,102.105399232361,121.334597554508
"NM_053406",973.846237129828,1064.49211366228,1051.35948841713,868.890609028369,817.329410045707,906.754163187838
"NM_001107831",408.461573393317,414.63363228793,294.162758417227,407.557810097997,404.045651248056,379.392570889951
"NM_001106568",574.6154337567,607.996431960667,757.1967299999,512.681848416925,519.278887524577,582.40606826164
"NM_022596",1518.46166832092,1925.65427302952,1754.08163352495,1599.90699856922,1610.34801075037,1694.54123316369
"NM_080689",39.2307725857988,29.901463866918,39.948028920858,69.1392713559102,59.3183747921334,60.3713607344383
"NM_001107832",943.846234564217,873.122744914006,1000.51654251785,654.599300147477,747.800495330337,627.980526855285
"NM_145677",766.153911675599,1184.09796912995,668.22157467617,2292.51268180123,15863.2893112143,1691.58185273554
"NM_001108579",214.61540296937,195.356230597198,190.661047122277,218.738864348231,287.839982597893,282.916768931976
"NM_001007744",1848.46169654264,1451.21771300776,1499.86690402858,1294.23864099572,1186.85371202949,1241.75602765541
"NM_001007743",1283.07703280612,1355.53302863362,1468.99797258973,995.443778235385,1090.09669085216,1010.92435425903
"NM_001100869",117.692317757396,113.625562694289,136.186462230198,66.3090087857852,81.6843193858886,30.1856803672192
"NM_001109885",272.307715595544,191.369368748275,246.951451510759,234.911793320373,259.639443762289,258.057973335442
"NM_001109198",773.07698919074,1873.82506899353,947.857777122176,240.976641684927,206.155663212004,348.6150144371
"NM_053494",325.384643211625,215.29053984181,199.74014460429,321.436963321337,344.241060269102,424.375153397963
"NM_133569",350.769260767142,239.211710935344,297.794397410032,481.144636921246,648.612393218901,635.083039882866
"NM_001012094",909.230846988513,901.030777856463,813.487134388381,1192.34918847122,1256.86884293168,1393.86818166277
"NM_001106569",2501.53867547093,2900.44199509105,2647.46482575504,1757.59305604761,1477.61099174831,1425.23761420125
"NM_001024871",140.769242807866,145.520457485668,159.792115683432,158.090380702695,159.478909277211,124.885854068299
"NM_001107835",1622.30783104803,1917.68054933168,1463.55051410053,1655.29928029881,1709.53611286181,1545.38845958449
"NM_013083",36482.3108122878,48761.3138432455,61178.5904727976,39062.0710231921,39252.7189782272,35588.3252768658
"NM_001106570",475.384656039679,613.97672473405,228.793256546732,235.72043976898,183.789718618249,148.560897493569
"NM_053589",1680.00014367421,1217.98629484579,1338.25896884874,1555.02712067152,1841.30069949024,1814.69207854694
"NM_001011965",272.307715595544,301.008069593641,217.898339568316,354.59146771423,351.048086884593,365.187544834789
"NM_001004080",186.923092908806,135.553302863362,161.607935179835,291.517044722873,245.539174344486,246.220451622807
"NM_001047912",108.461547737208,93.6912534496765,101.685891798548,125.340199534106,140.03026180438,156.847162692413
"NM_001047862",1506.92320579568,1530.9549499862,1236.5730770502,1522.27693950294,1741.62638119198,1704.0112505338
"NM_001107838",496.153888585102,604.009570111744,532.035112445973,637.213401502424,727.865631670686,651.655570280555
"NM_001008354",756.923141655412,558.160658849137,548.377487913596,744.763379167173,841.154003199924,813.237741658022
"NM_017043",565.384663736512,396.692753967779,602.852072805675,853.526326504833,872.271839156453,1072.47946716473
"NM_001108316",745.384679130177,916.978225252153,1018.67473748188,566.456837249299,675.840499680864,707.883798415571
"NM_022247",253.846175555169,297.021207744719,326.847509352475,287.473812479837,265.474038004138,286.468025445766
"NM_001108953",233.076943009746,217.283970766271,252.398909999967,255.936600984159,242.621877223562,223.729160368801
"NM_001107840",96.9230852119734,121.599286392133,85.3435163309239,127.766138879928,70.9875632758317,129.620862753353
"NM_053416",1398.46165805847,1253.8680514861,1532.55165496383,1172.13302725604,1101.76587933585,1074.84697150725
"NM_001106571",71.5384676564566,61.7963586582973,59.922043381287,116.040765375124,113.774587716059,143.234012722883
"NM_053532",4442.30807221545,4114.44142808792,3876.77462481963,3002.099940454,3135.60818880712,3154.69953641722
"NM_001107842",696.92313652419,859.168728442778,740.854354532276,636.000431829513,676.812932054505,651.655570280555
"NM_001037767",625.384668867733,584.075260867132,797.144758920758,616.997240287245,573.248884261682,584.181696518535
"NM_212511",4689.23117025548,6580.31548164643,6319.05184748118,3831.36687350061,3897.02273736843,4224.21962315379
"NM_133589",1158.46163753359,1158.18336711196,1123.99226827323,1225.90801608842,1334.663432823,1038.74253028372
"NR_132636",18.4615400403759,23.9211710935344,9.07909748201318,34.3674740658033,24.797025527859,12.4293977982667
"NM_199092",392.307725857988,562.147520698059,455.770693597062,311.733205938051,364.175923928753,293.570538473347
"NM_031571",477.692348544726,504.338023888684,368.611357769735,602.441604212317,612.632395394164,547.485379209367
"NM_001108581",147.692320323007,157.481043032435,201.555964100693,193.670824441409,198.376204222872,168.092808319416
"NM_207607",18.4615400403759,35.8817566403016,41.7638484172606,55.7966049538924,48.6216186820765,37.8800694804319
"NM_001004280",1973.07709181517,2156.89226026702,1970.16415359686,1635.89176553224,1655.56611612471,1577.34976820861
"NM_001037649",129.230780282631,129.573010089978,208.819242086303,150.003916216624,95.7845888036908,203.01349737169
"NM_001034148",567.692356241559,647.865050449891,815.302953884784,716.460753465923,613.118611580985,644.553057252974
"NM_053979",1003.84623969544,809.332955331248,840.724426834421,992.61351566526,1030.77831606002,820.340254685603
"NM_001012085",413.076958403411,422.607355985775,404.927747697788,388.958941780033,398.211057006207,384.719455660636
"NM_001106480",1760.76938135085,1927.64770395398,1835.79351086307,1798.42970170227,1787.33070275313,1481.46584233627
"NM_001044276",60.0000051312216,11.9605855467672,27.2372924460396,181.945450936606,172.606746321372,147.969021407937
"NM_019328",69.2307751514096,37.8751875647628,52.6587653956765,57.4138978511067,100.646750671898,46.7582107649081
"NM_001012086",55.3846201211277,27.9080329424568,72.6327798561055,65.5003623371781,122.526479078833,68.6576259332828
"NM_139090",122.30770276749,55.8160658849137,72.6327798561055,111.593209907785,78.767022264964,91.1489171872892
"NM_001014179",249.230790545075,316.955516989331,243.319812517953,159.303350375606,173.092962508192,194.727232172845
"NM_001013916",5543.07739712286,3488.5041178071,2286.11674597092,9632.59649580821,9591.58671741324,8710.64035224244
"NM_001025689",1495.38474327045,1606.70532511573,1636.05336625878,1161.62062342415,1080.85858330256,970.676780436067
"NM_001106483",108.461547737208,169.441628579202,205.187603093498,86.1208467766601,83.1429679463509,81.6788998171812
"NM_001106484",85.3846226867385,131.566441014439,85.3435163309239,164.963875515856,81.6843193858886,158.622790949308
"NM_001191737",396.923110868082,414.63363228793,390.401191726567,367.12548766764,407.935380742622,356.309403550312
"NM_031686",6.92307751514096,13.9540164712284,14.5265559712211,41.240968878964,21.3935122201137,20.1237869114794
"NM_201989",9.23077002018795,23.9211710935344,3.63163899280527,5.66052514024996,5.83459424184918,4.14313259942224
"NM_001108954",1179.23087007901,841.227850122627,657.326657697755,1428.0696282402,753.635089572186,1534.73469004312
"NM_001024260",819.23083929168,845.21471197155,759.012549496302,453.650657668604,496.426726744001,604.897359515647
"NM_001009654",57.6923126261747,49.83577311153,136.186462230198,203.778905048998,95.7845888036908,131.396491010248
"NM_001108583",182.307707898712,133.559871938901,136.186462230198,75.6084429447673,90.4362107486623,78.1276433033908
"NM_001191738",364.615415797424,590.055553640516,526.587653956765,360.656316078783,474.060782150246,347.431262265836
"NM_031793",1246.15395272537,1401.38193989622,1459.91887510772,1399.36267931465,1363.35018784543,1135.21833224169
"NM_057191",18.4615400403759,17.9408783201508,14.5265559712211,5.66052514024996,3.88972949456612,2.36750434252699
"NM_001134504",25.3846175555169,41.8620494136852,36.3163899280527,37.1977366359283,42.7870244402273,39.6556977373271
"NM_001114181",286.153870625826,263.132882028879,303.24185589924,222.782096591266,286.867550224252,216.62664734122
"NM_031119",1056.92316731152,1263.8352061084,1261.99454999983,1021.32046459081,1060.43750345609,882.487243676936
"NM_001007642",540.000046180995,687.733668939115,610.115350791286,432.625850004818,566.441857646192,478.827753276084
"NM_001106552",13.8461550302819,11.9605855467672,1.81581949640264,13.3426664020178,8.75189136277378,31.9613086241144
"NM_001007720",3295.3848972071,3763.59758538275,3154.07846525138,2808.42911601259,2969.80846910123,2932.15412821968
"NM_001177688",214.61540296937,181.402214125969,170.687032661848,181.136804487999,163.854854958598,135.53962360967
"NM_001011954",99.2307777170204,91.6978225252153,116.212447769769,98.2505435057671,171.63431394773,179.930330032051
"NM_001107812",327.692335716672,201.336523370581,217.898339568316,220.760480469748,208.100527959288,218.994151683747
"NM_053826",1326.92319040202,1108.34759400043,838.908607338018,1254.21064178967,1526.23261043038,1469.62832062363
"NM_001025693",184.615400403759,219.277401690732,257.846368489174,116.040765375124,67.0978337812656,84.0464041597082
"NM_001013162",401.538495878176,426.594217834697,354.084801798514,461.737122154675,427.384028215453,314.87807755609
"NM_001007799",470.769271029585,532.246056831141,530.21929294957,481.953283369854,397.238624632565,500.135292358827
"NM_001107811",1020.00008723077,767.470905917563,633.72100424452,1177.79355239629,1004.03642578488,1223.40786900082
"NM_032083",6.92307751514096,27.9080329424568,10.8949169784158,42.0496153275711,17.5037827255476,78.7195193890225
"NM_053756",6925.38520764601,6719.85564635871,5943.17721172583,7646.56081802909,8456.27192118675,9245.69633365354
"NM_001008286",1176.92317757396,1265.82863703286,1149.41374122287,771.853035195512,899.986161805237,796.665211260333
"NM_001111294",2552.30791058197,2272.51125388577,2534.88401697808,2237.12040007164,2459.28147293943,2263.3341514558
"NM_031789",5469.23123696136,3388.83257158404,4434.23121021524,6645.45651465345,6670.8860831809,6237.78206647299
"NM_053350",11.5384625252349,29.901463866918,23.6056534532343,13.3426664020178,16.0451341650853,11.2456456270032
"NM_001127607",60.0000051312216,119.605855467672,118.028267266171,79.651675187803,78.767022264964,113.640208441296
"NM_001271494",39.2307725857988,37.8751875647628,39.948028920858,25.8766863554284,32.0902683301705,30.1856803672192
"NM_153306",535.384661170901,436.561372457003,492.087083525115,514.299141314139,502.747537172671,448.050196823233
"NM_001106485",50.7692351110337,75.7503751295257,54.4745848920791,60.2441604212317,68.5564823417279,65.1063694194923
"NM_001024780",334.615413231813,163.461335805819,177.950310647458,406.344840425086,544.562129239257,451.009577251392
"NM_001107737",69.2307751514096,105.651838996444,103.50171129495,89.7597557953922,85.5740488804547,100.618934557397
"NM_001107738",1721.53860876505,2023.33238832812,1630.60590776957,1845.33119572149,2312.44418451956,1577.94164429424
"NM_031618",5328.46199415349,5290.56567352003,4570.41767244544,4685.70184645406,4431.86054287128,4296.42850560086
"NM_001100527",43.8461575958927,59.8029277338361,52.6587653956765,60.2441604212317,54.9424291107465,69.8413781045463
"NM_001107739",145.38462781796,161.467904881357,98.0542528057424,135.852603365999,141.488910364843,176.379073518261
"NM_001004229",454.615423494256,564.14095162252,493.902903021517,441.116637715193,517.334022777294,415.497012113487
"NM_001010963",1218.46164266481,1295.73010089978,1438.12904115089,1057.70955477814,1062.86858439019,838.096537254555
"NM_017200",94.6153927069264,71.7635132806033,45.3954874100659,59.031190748321,78.767022264964,126.661482325194
"NM_001177321",369.230800807518,241.205141859805,248.767271007161,260.384156451498,352.992951631876,387.678836088795
"NM_001107740",5550.000474638,5741.08106244826,6375.34225186966,5764.84053212028,6174.94557262372,5511.55010940284
"NM_001007643",1756.15399634076,1465.17172947898,1636.05336625878,1354.48280141695,1250.54803250301,1294.43299927663
"NM_199093",12814.6164805259,12116.0731588752,8499.85106266074,23251.011336801,18667.7842767965,22174.0456721078
"NM_001039338",1345.38473044239,1433.2768346876,1470.81379208614,1654.89495707451,1787.81691893995,1490.34398362074
"NM_001024755",521.538506140619,402.673046741163,740.854354532276,654.194976923174,470.17105265568,681.841250647774
"NM_001009599",200.769247939088,233.231418161961,199.74014460429,198.118379908749,250.887552399515,216.62664734122
"NM_001107742",1763.0770738559,1829.96958865538,1167.5719361869,1146.25634090062,1652.64881900378,1159.48525175259
"NM_172074",574.6154337567,793.385507935558,606.483711798481,462.950091827586,476.49186308435,589.508581289221
"NM_181380",256.153868060215,165.45476673028,157.976296187029,523.194252248818,954.442374729162,452.785205508287
"NR_073054",16.1538475353289,25.9146020179956,18.1581949640264,18.1945450936606,11.1829722968776,11.837521712635
"NM_031121",2610.00022320814,2898.44856416659,3019.70782251759,2632.54851344053,2194.29365112211,2027.76746937437
"NM_001302944",39.2307725857988,71.7635132806033,70.8169603597028,111.593209907785,112.802155342418,117.191464955086
"NM_001107744",521.538506140619,454.502250777154,493.902903021517,483.166253042764,458.015647985161,390.046340431322
"NM_001013159",960.000082099546,1303.70382459763,1153.04538021567,1304.75104482762,1335.14964900982,1346.51809481223
"NM_001106489",2088.46171706752,2003.39807908351,1714.13360460409,1779.0221869357,2113.58176410987,2245.57786888685
"NM_001105726",1456.15397068465,1259.84834425948,1147.59792172647,684.923541970245,736.61752303346,768.255159150009
"NM_001107746",196.153862928994,227.251125388577,179.766130143861,220.760480469748,223.173229750731,203.01349737169
"NM_031595",4465.38499726592,4519.10790575354,3746.03562107864,3632.03552391896,3350.02952719507,3307.99544259584
"NM_001039196",263.076945575356,422.607355985775,412.191025683399,237.742055890498,219.283500256165,304.224308014719
"NM_001005892",193.846170423947,155.487612107974,252.398909999967,209.439430189248,220.255932629807,333.818112296306
"NM_001271346",226.153865494605,145.520457485668,127.107364748185,269.279267386177,312.637008125752,272.262999390604
"NM_031627",3837.69263589314,3012.07412686088,2632.93826978382,4446.34249766634,4904.94889264788,4253.22155134974
"NM_053585",330.000028221719,281.073760349029,510.245278489141,578.99085720271,507.609699040879,577.671059576586
"NM_001009966",1560.00013341176,1534.94181183513,1385.47027575521,1561.49629226038,1541.79152840865,1190.26280820545
"NM_031322",902.307769473372,930.932241723381,846.171885323629,944.903375197439,943.745618619106,592.46796171738
"NM_022924",45186.926941325,31589.8998599367,25953.5080620829,69140.8886488074,66724.4197497873,76183.9222381761
"NM_001113793",113.076932747302,179.408783201508,119.844086762574,144.747714300678,110.371074408314,114.823960612559
"NM_001107747",1119.23086494779,1104.36073215151,1087.67587834518,1039.51500968447,1076.968853808,1083.1332367061
"NM_001271212",2492.30790545075,3287.16759443652,2538.51565597089,2719.0736834415,2449.07093301619,2540.92403561709
"NM_031143",3168.46180942951,2420.0251422959,2569.38458740973,3340.92280242039,3730.73680147573,3731.18684382254
"NM_030859",23.0769250504699,13.9540164712284,5.44745848920791,32.750181168589,22.3659445937552,54.4525998781208
"NM_001005562",433.846190948833,267.119743877801,397.664469712177,259.575510002891,271.308632245987,275.814255904395
"NM_199107",228.461557999652,231.237987237499,292.346938920825,155.26011813257,134.681883749352,156.847162692413
"NM_053777",387.692340847894,239.211710935344,326.847509352475,460.119829257461,383.138355214763,267.52799070555
"NM_001012088",1626.92321605813,1820.00243403308,1171.2035751797,1279.27868169649,1307.92154254786,1361.31499695302
"NM_001107748",812.307761776539,958.840274665838,998.70072302145,680.475986502906,745.855630583054,703.740665816149
"NM_001011955",16.1538475353289,13.9540164712284,10.8949169784158,23.450747009607,17.5037827255476,20.1237869114794
"NM_001271530",20.7692325454229,37.8751875647628,18.1581949640264,21.4291308880891,36.4662140115574,31.9613086241144
"NM_001110055",110.769240242255,69.7700823561421,143.449740215808,136.661249814606,214.421338387958,160.990295291835
"NM_001267534",394.615418363035,360.810997327478,366.795538273333,297.581893087426,348.130789763668,284.692397188871
"NM_001014180",941.53854205917,1283.76951535301,853.435163309239,795.708105429423,757.038602879932,849.342182881559
"NM_001127379",5143.84659374973,5780.94968093749,4900.89682079072,4956.19408351314,4806.24700672327,4289.32599257328
"NM_001107754",270.000023090497,277.086898500107,248.767271007161,393.406497247372,310.205927191648,316.653705812985
"NM_001033692",911.53853949356,958.840274665838,918.804665179734,638.426371175335,708.416984197855,767.663283064377
"NM_001044242",625.384668867733,645.871619525429,613.746989784091,567.265483697907,571.304019514399,601.937979087488
"NM_001106492",311.538488181343,271.106605726723,308.689314388448,163.750905842945,167.744584453164,181.114082203315
"NM_001106493",39.2307725857988,13.9540164712284,43.5796679136633,33.1545043928926,42.3008082534066,29.5938042815874
"NM_012520",102166.16258344,62924.6405615423,57091.1807863953,118443.65829716,123134.735528546,123101.939546205
"NM_001012185",2903.07717134911,3590.16909495462,3203.10559165425,3243.48090536323,2504.49957831376,2738.6106482181
"NM_001107756",609.230821332404,885.083330460774,793.513119927952,405.940517200783,469.684836468859,416.680764284751
"NM_012925",2028.4617119363,1204.03227837457,1510.76182100699,2060.02682782668,2246.31878311194,1954.96671084166
"NM_001109606",6567.69286936372,4176.23778674622,3371.9768048197,3095.09428204382,3021.34738490424,2804.90076980885
"NM_001077672",263.076945575356,446.528527079309,473.928888561088,257.14957065707,220.742148816627,158.622790949308
"NM_001109202",643.846208908109,727.602287428339,573.798960863233,690.988390334799,600.476990723645,637.450544225393
"NM_001139493",493.846196080055,747.536596672951,568.351502374025,375.616275378015,263.042957070034,301.856803672192
"NM_001029916",4320.00036944796,3012.07412686088,2540.33147546729,3752.52384476142,3831.38355214763,3812.27386755409
"NM_001168523",3053.07718417716,4309.79765868512,3965.74978014336,1660.15115899045,1827.68664625926,1605.75982031893
"NM_001191853",113.076932747302,87.7109606762929,92.6067943165345,118.466704720946,112.802155342418,118.967093211981
"NM_001014045",413.076958403411,446.528527079309,375.874635755346,308.902943367926,301.940252015695,311.3268210423
"NM_001137642",32.3076950706578,25.9146020179956,70.8169603597028,127.766138879928,56.8872938580295,88.7814128447622
"NM_021851",242.307713029934,370.778151949784,245.135632014356,309.30726659223,321.388899488526,230.23979731075
"NM_001108587",71.5384676564566,113.625562694289,83.5276968345213,98.6548667300707,49.1078348688973,73.3926346183368
"NM_022629",2653.84638080403,1608.69875604019,1350.96970532356,3668.82893733058,4099.28867108587,3954.32412810571
"NM_001025042",48.4615426059867,37.8751875647628,65.3695018704949,14.5556360749285,21.3935122201137,16.5725303976889
"NM_001106494",25.3846175555169,19.934309244612,32.6847509352475,28.3026257012498,27.2281064619629,28.4100521103239
"NM_001126100",768.461604180646,1010.66947870183,826.1978708632,856.760912299262,885.885892387434,857.036571994771
"NM_001106495",1091.53855488722,1084.42642290689,1009.59563999987,1005.95618206728,982.642913564767,962.982391322854
"NM_001109645",205.384632949182,217.283970766271,208.819242086303,217.121571451016,214.421338387958,191.767851744686
"NM_001106496",2561.53868060215,2485.80836280312,2307.90657992775,2022.42476796645,2121.361223099,1981.60113469509
"NM_019282",2.30769250504699,11.9605855467672,5.44745848920791,12.9383431777142,13.6140532309814,17.7562825689524
"NM_001135238",50.7692351110337,33.8883257158404,63.5536823740923,71.9695339260352,65.1529690339826,73.9845107039685
"NM_001168524",214.61540296937,175.421921352586,423.085942661814,629.531260240656,285.89511785061,466.398355477818
"NM_001047089",184.615400403759,145.520457485668,136.186462230198,230.05991462873,215.87998694842,202.421621286058
"NM_139258",265.384638080403,117.612424543211,181.581949640264,1532.78934333483,1264.16208573399,2075.11755622491
"NM_001106497",1548.46167088653,1377.46076880269,1361.86462230198,960.267657720975,1171.78101023804,1138.76958875548
"NM_138540",64.6153901413156,47.8423421870688,156.160476690627,278.578701545159,111.343506781955,207.156629971112
"NM_053478",117.692317757396,83.7240988273705,139.818101223003,189.22326897407,205.183230838363,166.317180062521
"NM_001004264",39.2307725857988,31.8948947913792,79.896057841716,259.171186778587,134.681883749352,172.235940918839
"NM_001109639",87.6923151917855,63.7897895827585,54.4745848920791,71.9695339260352,46.6767539347935,89.9651650160257
"NM_001024245",304.615410666202,424.600786910236,286.899480431617,328.714781358801,328.682142290837,275.814255904395
"NM_001170594",76.1538526665505,87.7109606762929,194.292686115082,278.174378320855,116.691884836984,185.849090888369
"NM_001135845",263.076945575356,241.205141859805,261.47800748198,221.973450142659,242.135661036741,194.135356087213
"NM_172011",2.30769250504699,3.9868618489224,12.7107364748185,1.21296967291071,0.972432373641531,4.73500868505398
"NM_133595",1114.61547993769,683.746807090192,581.062238848844,1239.65500571474,1327.85640620751,1424.64573811562
"NM_001014046",1504.61551329064,1674.48197654741,1494.41944553937,1387.63730580985,1543.73639315593,1449.50453371215
"NM_001191740",136.153857797772,201.336523370581,183.397769136666,131.000724674356,139.54404561756,129.620862753353
"NM_001034948",336.92310573686,271.106605726723,484.823805539504,230.05991462873,236.301066794892,245.628575537175
"NM_001004265",25.3846175555169,29.901463866918,56.2904043884817,33.5588276171962,24.3108093410383,26.0425477677969
"NM_001107760",339.230798241907,398.68618489224,363.163899280527,223.18641981557,285.89511785061,290.019281959557
"NM_001106499",401.538495878176,558.160658849137,573.798960863233,412.814012013943,513.444293282728,443.315188138179
"NM_001173437",193.846170423947,273.100036651185,212.450881079109,54.9879585052853,393.348895137999,98.8433063005019
"NR_130141",2628.46176324852,2445.93974431389,1921.13702719399,3201.83561325996,2716.48983576762,3199.68211892523
"NM_001107762",110.769240242255,53.8226349604525,223.345798057524,433.030173229122,209.072960332929,302.448679757823
"NM_001346423",25.3846175555169,21.9277401690732,59.922043381287,119.275351169553,37.9248625720197,68.065749847651
"NM_024139",1255.38472274556,1680.46226932079,1886.63645676234,2137.65688689297,2017.31095911936,1905.2491196486
"NM_031045",71.5384676564566,51.8292040359912,87.1593358273266,80.8646448607137,49.5940510557181,60.9632368200701
"NM_001106500",507.692351110337,526.265764057757,463.033971582672,464.5673847248,553.800236788852,597.794846488066
"NM_001108958",925.384694523842,801.359231633403,942.410318632968,1141.40446220897,1160.11182175435,1086.68449321989
"NM_017092",274.615408100591,195.356230597198,295.97857791363,402.705931406354,290.271063531997,258.649849421074
"NM_001108589",212.307710464323,265.12631295334,214.266700575511,204.587551497606,220.742148816627,233.791053824541
"NM_001107764",683.076981493908,787.405215162175,739.038535035873,326.28884201298,321.875115675347,346.247510094573
"NM_001114656",270.000023090497,388.719030269934,266.925465971188,115.636442150821,99.1881021114361,139.682756209093
"NM_139324",620.769283857639,753.516889446334,996.884903525048,460.928475706068,406.962948368981,430.885790339913
"NM_001145840",530.769276160807,566.134382546981,470.297249568283,648.534451782924,746.341846769875,692.495020189145
"NM_022689",683.076981493908,819.300109953554,1020.49055697828,659.855502063424,711.33428131878,676.514365877088
"NM_001012354",422.307728423599,388.719030269934,354.084801798514,364.295225097515,395.293759885282,413.12950777096
"NM_001108590",9.23077002018795,9.96715462230601,5.44745848920791,36.3890901873212,24.3108093410383,29.0019281959557
"NM_001013204",438.461575958927,370.778151949784,334.110787338085,484.783545939979,448.291324248746,537.423485753627
"NM_001014047",184.615400403759,191.369368748275,139.818101223003,161.729289721427,151.213234101258,162.174047463099
"NM_001011956",154.615397838148,277.086898500107,217.898339568316,201.757288927481,250.401336212694,175.195321346997
"NM_017319",22617.6942419655,20903.1166739002,20121.0958396376,28824.6069838257,23725.8912682929,26500.6598580759
"NM_001098782",7352.3083210797,6193.58988230095,6048.49474251718,4995.41343627059,5370.25778343535,5824.0606826164
"NM_001305263",1285.38472531117,1879.80536176691,1561.60476690627,1503.27374796067,1414.88910364843,1126.34019095722
"NM_001110811",16.1538475353289,15.9474473956896,18.1581949640264,4.85187869164282,14.1002694178022,13.6131499695302
"NM_001012220",126.923087777584,99.6715462230601,134.370642733795,96.6332506085529,99.6743182982569,107.129571499346
"NM_001011957",124.615395272537,89.7043916007541,110.764989280561,133.830987244481,144.406207485767,147.969021407937
"NM_001191964",475.384656039679,586.068691791593,459.402332589867,585.460028791567,552.82780441521,368.738801348579
"NM_001191571",1527.6924383411,1656.54109822726,1390.91773424442,1641.55229067249,1860.26313077625,1705.19500270507
"NM_001077670",1110.0000949276,1520.9877953639,1592.47369834511,1092.48135206824,1260.75857242624,893.141013218308
"NM_012512",35490.0030351176,29175.8550104142,31569.8377644562,41667.5298806042,40432.2794474544,39851.6087216712
"NM_017052",13809.2319502012,9839.57504314049,10337.4603930202,19179.0721448398,19511.3693609305,17367.4199806924
"NM_001013160",25.3846175555169,57.8094968093749,21.7898339568316,36.7934134116247,27.7143226487836,42.0232020798541
"NM_153739",210.000017959276,97.6781152985989,81.7118773381187,51.7533727108568,36.9524301983782,23.6750434252699
"NM_001107767",387.692340847894,223.264263539655,321.400050863267,72.3738571503388,50.0802672425388,42.0232020798541
"NM_031664",1001.53854719039,893.057054158618,1029.5696544603,2349.92657965234,1755.24043442296,2108.85449310592
"NM_031031",90.0000076968325,53.8226349604525,72.6327798561055,117.658058272338,170.661881574089,137.315251866566
"NM_001008518",23.0769250504699,3.9868618489224,16.3423754676237,17.790221869357,11.6691884836984,16.5725303976889
"NM_001109647",129.230780282631,181.402214125969,163.423754676237,131.40504789866,123.498911452474,142.05026055162
"NM_172066",1248.46164523042,1443.24398930991,1289.23184244587,1391.68053805288,1343.9015403726,1284.37110582089
"NM_001047913",519.230813635572,633.911033978662,575.614780359636,1980.77947586318,2015.85231055889,2098.20072356455
"NM_001107769",32.3076950706578,17.9408783201508,7.26327798561055,16.1729289721427,21.8797284069344,17.1644064833207
"NM_001013205",863.076996887573,592.048984564977,809.855495395576,638.830694399638,439.053216699151,473.500868505399
"NM_053592",27.6923100605638,29.901463866918,30.8689314388448,34.3674740658033,32.5764845169913,29.5938042815874
"NM_013226",3403.8464449443,7301.93747630138,6792.98073604226,3359.11734751405,3384.55087645935,3863.76708700405
"NM_001109205",2173.84633975426,2272.51125388577,1919.32120769759,1846.9484886187,1894.2982638537,1851.98027194174
"NM_001168527",5852.30819279916,4291.85678036497,5035.26746352451,3086.60349433344,3418.5860095368,3151.14827990343
"NM_153297",2820.00024116742,2497.76894834989,2678.33375719389,1879.29434656299,2082.46392815334,1914.71913701871
"NM_001013921",129.230780282631,159.474473956896,208.819242086303,105.932684767535,98.7018859246154,97.0676780436067
"NM_017016",572.307741251653,203.329954295043,188.845227625874,147.173653646499,38.4110787588405,55.6363520493843
"NM_031736",27018.4638490901,14962.6925190058,11372.4775059697,26583.0390282867,26619.3637960633,26279.8900781352
"NM_001106502",2067.6924845221,1873.82506899353,2059.13930892059,2629.31392764611,2798.1741551535,3170.08831464364
"NM_053705",2418.46174528924,2186.79372413394,1728.66016057531,3030.80688937955,3172.56061900549,3088.40941482646
"NM_001107770",1465.38474070484,962.82713651476,1053.17530791353,1762.04061151495,1328.34262239433,1576.16601603735
"NM_001025043",30.0000025656108,43.8554803381464,59.922043381287,29.9199185984641,34.0351330774536,52.6769716212256
"NM_053850",302.307718161155,285.060622197952,310.505133884851,472.653849210871,464.822674600652,491.849027159983
"NM_001008766",856.153919372432,912.99136340323,849.803524316434,640.852310521156,558.176182470239,663.49309199319
"NM_001037766",3660.00031300452,4652.66777769245,4799.21092899217,3592.81617116151,3617.44842994649,3197.90649066834
"NM_001100978",1220.76933516986,1086.41985383136,1240.204716043,1681.98461310284,1618.12746973951,1717.0325244177
"NM_001106503",1086.92316987713,1150.20964341411,900.646470215708,1236.42041992031,1146.98398471019,1200.91657774682
"NM_001134834",1730.76937878524,994.72203130614,949.673596618579,1432.11286048324,1342.44289181213,1669.09056148153
"NM_001168529",36.9230800807518,21.9277401690732,27.2372924460396,36.7934134116247,43.7594568138689,49.1257151074351
"NM_138505",242.307713029934,159.474473956896,148.897198705016,375.211952153712,371.469166731065,535.647857496732
"NM_001106505",987.69239216011,1074.45926828459,940.594499136566,874.146810944315,877.134001024661,923.326693585527
"NR_132743",613.846206342498,639.891326752046,553.824946402804,339.631508414997,369.524301983782,400.700109972693
"NM_171988",214.61540296937,285.060622197952,292.346938920825,182.349774160909,251.373768586336,138.499004037829
"NM_001191854",309.230795676296,402.673046741163,326.847509352475,243.402581030748,235.32863442125,263.97673419176
"NM_001012090",207.692325454229,169.441628579202,208.819242086303,146.769330422195,128.361073320682,108.905199756242
"NM_001107772",25.3846175555169,71.7635132806033,29.0531119424422,44.8798778976961,49.1078348688973,65.698245505124
"NM_138536",205.384632949182,237.218280010883,168.871213165445,204.587551497606,215.87998694842,229.647921225118
"NM_001106509",350.769260767142,255.159158331034,306.873494892046,177.093572244963,239.218363915817,173.419693090102
"NM_031773",897.692384463278,737.569442050645,920.620484676137,502.169444585032,537.755102623766,407.802623000274
"NM_031148",1848.46169654264,2236.62949724547,2246.16871705006,962.289273842493,1379.88153819733,986.065558662492
"NM_031512",73.8461601615036,73.7569442050645,152.528837697822,111.997533132088,109.884858221493,98.2514302148702
"NM_013016",1052.30778230143,1451.21771300776,1543.44657194224,1119.57100809658,1152.33236276521,1087.27636930552
"NM_001107773",242.307713029934,273.100036651185,252.398909999967,296.773246638819,275.684577927374,297.121794987138
"NM_134358",1710.00014623982,1694.41628579202,1752.26581402854,1546.13200973685,1467.88666801189,1471.40394888053
"NM_001025732",1230.00010519004,1455.20457485668,1857.5833448199,643.682573091281,729.810496417969,472.317116334135
"NM_053581",4116.92342900382,3560.26763108771,3359.26606834488,3611.81936270378,3851.31841580728,4760.45935673615
"NM_001012348",560.769278726418,434.567941532542,517.508556474751,484.379222715675,460.446728919265,468.765859820345
"NM_001106511",18.4615400403759,1.9934309244612,16.3423754676237,26.6853328040355,28.2005388356044,42.6150781654859
"NM_001005541",1091.53855488722,1050.53809719105,1084.04423935237,1003.53024272146,950.552645234596,1012.69998251592
"NM_001013206",680.769288988861,607.996431960667,566.535682877623,645.704189212799,643.750231350693,671.779357192034
"NM_172022",383.0769558378,179.408783201508,237.872354028745,468.610616967836,537.268886436946,565.241661778319
"NM_001106512",2960.76948397528,2820.7047581126,2438.64558366874,2839.96632750826,2815.67793787905,2671.72865054171
"NM_001107775",13.8461550302819,11.9605855467672,14.5265559712211,13.7469896263213,35.4937816379159,27.2262999390604
"NM_001107774",1569.23090343195,1907.71339470937,1472.62961158254,1266.74466174308,1298.68343499826,1186.11967560602
"NM_001039024",23.0769250504699,11.9605855467672,16.3423754676237,21.0248076637856,29.6591873960667,20.1237869114794
"NM_001107777",371.538493312565,420.613925061314,479.376347050296,573.33033206246,506.151050480417,916.224180557946
"NM_001025691",184.615400403759,135.553302863362,188.845227625874,254.319308086945,218.797284069344,271.671123304972
"NM_001107778",73.8461601615036,47.8423421870688,74.4485993525081,87.7381396738744,83.6291841331716,81.6788998171812
"NM_133572",106.153855232161,71.7635132806033,147.081379208614,556.753079866014,247.97025527859,583.589820432904
"NM_001106513",369.230800807518,303.001500518103,348.637343309306,416.452921032675,442.456730006896,401.883862143957
"NM_001134618",177.692322888618,175.421921352586,177.950310647458,125.340199534106,149.754585540796,163.357799634362
"NM_001005556",916.153924503654,769.464336842024,695.45886712221,1114.71912940494,1384.74370006554,1520.52966398796
"NM_001134854",219.230787979464,396.692753967779,490.271264028712,122.509936963981,100.160534485078,89.9651650160257
"NM_001037096",46.1538501009397,39.868618489224,50.8429458992738,62.2657765427495,72.446211836294,76.9438911321273
"NM_012631",223.846172989558,143.527026561207,190.661047122277,156.877411029785,135.168099936173,237.934186423963
"NM_022381",650.76928642325,839.234419198166,1147.59792172647,990.187576319439,708.903200384676,729.191337498314
"NM_001048043",941.53854205917,893.057054158618,1025.93801546749,701.500794166691,726.406983110223,761.74452220806
"NM_001014258",1645.3847560985,1429.28997283868,1252.91545251782,1502.06077828776,1631.25530678367,1799.30330032051
"NM_001106514",48.4615426059867,87.7109606762929,87.1593358273266,54.9879585052853,48.1354024952558,92.9245454441845
"NM_001107779",763.846219170552,1210.01257114795,1044.09621043152,424.539385518747,420.577001599962,291.794910216452
"NM_017178",256.153868060215,255.159158331034,236.056534532343,267.257651264659,333.544304159045,261.017353763601
"NM_001100529",897.692384463278,912.99136340323,791.69730043155,1136.14826029303,967.083995586502,1053.53943242451
"NM_001008353",655.384671433344,621.950448431895,601.036253309273,799.751337672458,761.900764748139,814.421493829285
"NM_019147",103.846162727114,155.487612107974,116.212447769769,199.735672805963,151.699450288079,162.174047463099
"NM_001107782",180.000015393665,169.441628579202,181.581949640264,154.855794908267,117.178101023804,92.3326693585527
"NM_001126371",219.230787979464,199.34309244612,219.714159064719,203.374581824695,230.952688739864,237.934186423963
"NM_001126291",78.4615451715975,65.7832205072197,76.2644188489108,74.3954732718566,89.9499945618416,75.7601389608638
"NM_001108592",447.692345979115,502.344592964223,392.21701122297,383.298416639783,356.396464939621,336.777492724465
"NM_031555",9.23077002018795,7.97372369784481,3.63163899280527,10.9167270561963,5.83459424184918,7.69438911321273
"NM_001009655",219.230787979464,217.283970766271,225.161617553927,288.686782152748,213.935122201137,258.057973335442
"NM_001106518",2206.15403482492,2382.14995473114,2427.75066669033,2886.05917507887,1948.26826059081,1856.12340454116
"NM_001024313",258.461560565262,275.093467575646,281.452021942409,217.121571451016,231.438904926684,226.096664711328
"NM_001277235",2633.07714825861,4624.75974474999,3404.66155575494,1540.8758078209,2373.22120787216,1686.25496796485
"NM_001106520",387.692340847894,384.732168421012,306.873494892046,307.689973695016,346.672141203206,323.756218840566
"NM_019219",595.384666302122,464.46940539946,484.823805539504,613.762654492817,655.905636021212,667.04434850698
"NM_001107784",581.538511271841,693.713961712498,757.1967299999,560.796312109049,503.719969546313,440.947683795652
"NM_001108595",738.461601615036,685.740238014653,898.830650719305,532.4936864078,543.589696865616,546.893503123735
"NM_012743",1956.92324427984,887.076761385235,1009.59563999987,1659.74683576615,767.249142803168,1427.60511854378
"NM_053383",807.692376766445,1112.33445584935,631.905184748118,842.205276224333,1009.87102002673,1162.44463218075
"NM_031771",161.538475353289,169.441628579202,203.371783597095,344.48338710664,426.897812028632,272.262999390604
"NR_130708",41.5384650908458,51.8292040359912,21.7898339568316,23.450747009607,19.4486474728306,10.6537695413715
"NM_001191966",34.6153875757048,33.8883257158404,30.8689314388448,18.1945450936606,19.9348636596514,17.1644064833207
"NM_001106521",295.384640646014,299.01463866918,419.454303669009,180.732481263695,124.471343826116,137.315251866566
"NM_001107788",623.076976362686,643.878188600968,539.298390431583,604.058897109531,589.294018426768,572.936050891532
"NM_012837",2208.46172732997,2386.13681658006,2267.95855100689,1868.37761950679,1882.62907537,2381.70936858215
"NM_053748",1520.76936082596,2089.11560883534,1670.55393669043,1817.02857002024,1662.85935892702,1837.18336980095
"NM_001106523",23.0769250504699,7.97372369784481,29.0531119424422,12.5340199534106,11.6691884836984,14.7969021407937
"NM_001034003",3216.9233520355,1933.62799672737,1948.37431964003,4856.73057033446,3756.50625937723,5144.58693631116
"NM_053498",177.692322888618,141.533595636745,145.265559712211,138.27854271182,101.132966858719,112.456456270032
"NM_001109207",41.5384650908458,19.934309244612,63.5536823740923,80.8646448607137,37.9248625720197,40.2475738229589
"NM_001024314",701.538521534284,649.858481374352,626.45772625891,677.645723932781,641.80536660341,746.355743981634
"NM_001009409",288.461563130873,478.423421870688,294.162758417227,388.554618555729,425.43916346817,384.127579575005
"NM_013102",4525.38500239714,4788.22108055581,5492.85397661798,3590.79455503999,3324.74628548039,3739.47310902138
"NM_001037198",39.2307725857988,25.9146020179956,36.3163899280527,40.8366456546604,37.9248625720197,24.2669195109017
"NM_001047858",5286.92352906265,10154.5371292054,15414.491704962,1331.43637763165,1408.56829321976,787.787069975857
"NM_021764",1347.69242294744,1305.69725552209,1380.022817266,1189.9232491254,1181.01911778764,1320.47554704443
"NM_001168650",18.4615400403759,11.9605855467672,18.1581949640264,57.8182210754103,29.1729712092459,40.8394499085906
"NM_144755",3207.69258201531,1921.6674111806,3375.6084438125,196.096763787231,137.112964683456,144.417764894147
"NM_001004281",870.000074402714,1014.65634055075,1129.43972676244,825.628024027887,798.853194946517,773.582043920695
"NM_001025753",27.6923100605638,31.8948947913792,36.3163899280527,31.1328882713748,70.9875632758317,44.9825825080129
"NM_001107789",4532.30807991228,5541.73797000214,5443.8268502151,2943.06874970567,2899.79333819904,2907.29533262315
"NM_012797",73.8461601615036,55.8160658849137,194.292686115082,88.9511093467851,135.168099936173,56.8201042206478
"NM_001107790",221.538480484511,153.494181183513,414.006845179801,811.072387952958,322.361331862167,554.587892236948
"NM_001033672",39.2307725857988,23.9211710935344,21.7898339568316,27.0896560283391,22.852160780576,30.1856803672192
"NM_001014762",415.384650908458,446.528527079309,364.97971877693,278.174378320855,308.747278631186,340.328749238255
"NM_001014051",99.2307777170204,109.638700845366,76.2644188489108,73.5868268232495,39.383511132482,104.762067156819
"NM_013185",205.384632949182,179.408783201508,361.348079784125,253.106338414034,261.584308509572,414.313259942224
"NM_001106528",138.461550302819,121.599286392133,147.081379208614,194.479470890016,190.110529046919,224.321036454433
"NM_001002278",530.769276160807,444.535096154848,421.270123165412,521.981282575907,444.887810941,461.071470707132
"NM_001030029",572.307741251653,500.351162039762,568.351502374025,580.608150099924,460.932945106086,554.587892236948
"NM_138509",1186.15394759415,1188.08483097888,1202.07250661855,1062.96575669408,1226.23722316197,932.204834870003
"NM_001100901",302.307718161155,306.988362367025,276.004563453201,433.434496453425,393.83511132482,391.230092602586
"NM_001100778",73.8461601615036,71.7635132806033,123.475725755379,203.778905048998,47.649186308435,114.823960612559
"NM_172223",1645.3847560985,1961.53602966982,1138.51882424445,1198.41403683578,1441.14477773675,1136.99396049859
"NM_001011958",2010.00017189593,1632.61992713372,1982.87489007168,2493.0570010558,2182.62446263842,2389.40375769537
"NM_017201",18216.9246348409,18253.8469752912,11016.5768846748,19740.2727801731,22015.8689392443,20638.1272298934
"NM_131910",1414.6155055938,1261.84177518394,1256.54709151062,991.40054599235,1040.50263979644,1046.43691939693
"NM_001005887",1135.38471248312,1168.15052173426,1013.22727899267,1215.39561225653,1454.75883096773,1302.12738838985
"NM_181637",535.384661170901,386.725599345473,524.771834460362,683.306249073031,487.674835381228,542.158494438681
"NR_106708",16.1538475353289,7.97372369784481,5.44745848920791,21.8334541123927,55.914861484388,18.9400347402159
"NM_199500",823.846224301774,851.195004744933,967.831791582605,667.941966549495,684.106174856817,648.696189852396
"NM_130423",9.23077002018795,7.97372369784481,23.6056534532343,14.5556360749285,20.4210798464721,20.1237869114794
"NM_001276714",1220.76933516986,1255.86148241056,1261.99454999983,1362.97358912733,1446.00693960496,1322.84305138696
"NM_001107794",253.846175555169,293.034345895797,279.636202446006,131.40504789866,109.884858221493,106.537695413715
"NM_012962",2683.84638336965,3721.73553596906,3889.48536129445,1796.40808558075,1630.76909059685,2044.33999977206
"NM_001025733",50.7692351110337,31.8948947913792,112.580808776963,65.9046855614817,62.235671913058,46.1663346792764
"NM_001004230",1650.0001411086,2475.84120818081,1902.97883222996,1438.17770884779,1695.43584344401,1506.91651401843
"NM_001256465",431.538498443786,332.902964385021,375.874635755346,377.637891499533,464.336458413831,492.440903245614
"NM_001106533",2785.38485359171,2059.21414496842,2551.2263924457,2552.89683825273,2570.13876353457,3049.34559317477
"NM_001037657",413.076958403411,659.825635996658,397.664469712177,496.913242669086,454.125918490595,437.396427281862
"NM_001195490",1107.69240242255,946.879689119071,771.723285971121,936.816910711368,977.294535509738,1082.54136062047
"NM_001013207",4670.7696302151,4630.74003752337,4693.89339820082,4956.59840673745,5820.00775624456,5544.10329411258
"NM_001304368",55.3846201211277,69.7700823561421,36.3163899280527,45.6885243463032,44.7318891875104,48.5338390218033
"NM_001108599",1082.30778486704,691.720530788037,1056.80694690633,969.162768655654,1037.09912648869,978.963045634911
"NM_001106535",576.923126261747,637.897895827585,510.245278489141,528.450454164764,594.642396481796,568.79291829211
"NM_173145",334.615413231813,340.876688082866,350.453162805709,332.758013601837,353.965384005517,324.348094926198
"NM_001134983",2.30769250504699,5.98029277338361,7.26327798561055,6.06484836455353,10.2105399232361,9.47001737010797
"NM_001013922",3281.53874217681,3616.08369697262,3800.51020597072,2476.88407208366,2555.06606174312,1992.25490423646
"NM_001025768",34.6153875757048,41.8620494136852,69.0011408633002,129.787755001445,59.3183747921334,89.9651650160257
"NM_001191066",129.230780282631,119.605855467672,246.951451510759,405.536193976479,188.651880486457,271.671123304972
"NM_001173380",570.000048746606,649.858481374352,564.71986338122,553.518494071585,536.296454063304,634.491163797234
"NM_031977",83.0769301816915,59.8029277338361,103.50171129495,114.019149253606,94.3259402432285,116.007712783823
"NM_133582",1398.46165805847,1283.76951535301,1363.68044179838,925.900183655172,1026.88858656546,918.591684900473
"NR_073089",11.5384625252349,7.97372369784481,7.26327798561055,5.25620191594639,7.29324280231148,8.87814128447622
"NM_001134619",699.230829029237,799.365800708942,675.484852661781,1088.0337966009,878.106433398302,833.361528569501
"NM_019386",7126.15445558509,6827.50091627962,10377.4084219411,6118.6233533859,5907.04045368548,5672.54040469467
"NM_001108600",186.923092908806,193.362799672737,232.424895539538,227.633975282909,177.468908189579,198.870364772267
"NM_001107796",48.4615426059867,35.8817566403016,92.6067943165345,132.213694347267,85.5740488804547,111.272704098769
"NM_019316",583.846203776888,398.68618489224,297.794397410032,918.218042393404,1819.4209710833,984.289930405597
"NM_022615",482.30773355482,699.694254485882,628.273545755312,739.102854026923,749.259143890799,501.910920615722
"NM_001047097",604.61543632231,918.971656176614,566.535682877623,1050.83605996497,879.078865771944,957.655506552169
"NM_013187",1562.30782591681,1566.8367066265,1585.2104203595,1953.28549661054,1897.70177716145,1925.37290656008
"NM_001014184",930.000079533935,1449.22428208329,1468.99797258973,638.830694399638,704.527254703289,797.848963431597
"NM_001014185",3023.07718161155,2699.10547172047,3281.18582999956,2661.25546236609,3023.29224965152,2850.4752284025
"NM_001106536",46.1538501009397,49.83577311153,103.50171129495,85.7165235523565,28.2005388356044,46.7582107649081
"NM_001107799",1924.61554920919,2984.16609391842,1261.99454999983,1959.7546681994,2693.15145880022,2011.19493897668
"NM_201560",593.076973797076,544.206642377908,789.881480935147,464.5673847248,508.582131414521,478.827753276084
"NM_022180",463.846193514444,295.027776820258,225.161617553927,192.457854768499,169.689449200447,142.05026055162
"NM_153469",620.769283857639,560.154089773598,535.666751438778,693.818652904923,811.494815803857,713.802559271888
"NM_130399",131.538472787678,77.7438060539869,105.317530791353,128.979108552838,134.681883749352,162.174047463099
"NM_001008312",5028.46196849738,3875.22971715258,4078.33058892032,4839.34467168941,4533.96594210364,4263.87532089111
"NM_031590",11.5384625252349,5.98029277338361,14.5265559712211,15.7686057478392,21.8797284069344,4.73500868505398
"NM_001044244",304.615410666202,267.119743877801,343.189884820098,246.637166825177,236.301066794892,249.771708136598
"NM_001108604",11.5384625252349,17.9408783201508,59.922043381287,8.89511093467851,15.5589179782645,11.2456456270032
"NM_001047111",186.923092908806,199.34309244612,265.109646474785,156.473087805481,150.240801727616,146.193393151042
"NM_001106540",1922.30785670414,1792.09440109062,1728.66016057531,1730.50340001927,1534.98450179316,1758.46385041192
"NM_001106542",46.1538501009397,21.9277401690732,118.028267266171,253.106338414034,129.333505694324,180.522206117683
"NM_134400",604.61543632231,667.799359694503,619.194448273299,535.323948977925,565.46942527255,488.297770646192
"NM_001106541",50.7692351110337,45.8489112626076,32.6847509352475,69.1392713559102,70.501347089011,43.2069542511176
"NM_130756",542.307738686042,466.462836323921,406.743567194191,423.73073907014,435.163487204585,437.396427281862
"NM_001025769",30.0000025656108,25.9146020179956,29.0531119424422,29.9199185984641,24.3108093410383,20.7156629971112
"NM_001107802",115.384625252349,141.533595636745,96.2384333093398,154.451471683963,121.554046705191,169.27656049068
"NM_001168543",396.923110868082,424.600786910236,437.612498633036,930.752062346815,1232.07181740382,1476.13895756558
"NM_001108605",546.923123696136,621.950448431895,591.95715582726,550.68823150146,572.762668074862,626.204898598389
"NM_001011959",6489.23132419213,6177.64243490526,5409.32627978345,6839.12733909486,7153.2125405071,7195.43757302516
"NM_001106543",556.153893716324,771.457767766485,686.379769640197,556.34875664171,591.725099360871,484.746514132402
"NM_031055",20.7692325454229,23.9211710935344,38.1322094244554,12.1296967291071,7.77945898913225,18.9400347402159
"NM_134363",32.3076950706578,29.901463866918,18.1581949640264,29.5155953741605,45.7043215611519,39.0638216516954
"NM_001107803",2769.23100605638,3873.23628622812,886.119914244487,645.704189212799,814.412112924782,2958.19667598748
"NM_001134955",662.307748948485,586.068691791593,746.301813021484,784.387055148923,751.690224824903,987.249310833756
"NM_181083",1973.07709181517,2368.19593825991,1863.03080330911,1985.22703133052,1813.10016065463,1638.31300502868
"NM_001108606",41.5384650908458,51.8292040359912,90.7909748201318,44.4755546733925,46.1905377479727,54.4525998781208
"NM_001135801",853.846226867385,1050.53809719105,1298.31093992789,680.071663278602,663.198878823524,568.201042206478
"NR_110672",743.07698662513,962.82713651476,1158.49283870488,207.822137292034,177.468908189579,270.487371133709
"NM_031557",9.23077002018795,95.6846843741377,25.4214729496369,95.0159577113386,117.664317210625,184.073462631474
"NM_001108608",221.538480484511,275.093467575646,466.665610575478,159.70767359991,194.972690915127,232.607301653277
"NM_053805",39.2307725857988,15.9474473956896,36.3163899280527,53.7749888323746,53.969996737105,62.7388650769653
"NM_053675",348.461568262095,478.423421870688,399.48028920858,277.770055096552,293.674576839742,255.098592907283
"NM_001001517",1403.07704306857,1373.47390695377,1456.28723611491,1539.66283814799,1326.39775764705,1608.71920074709
"NM_001110345",90.0000076968325,177.415352277047,256.030548992772,266.853328040355,213.935122201137,272.854875476236
"NM_001113752",212.307710464323,211.303677992887,194.292686115082,303.242418227676,230.952688739864,276.998008075658
"NM_012637",406.15388088827,448.52195800377,453.954874100659,416.857244256979,458.015647985161,401.291986058325
"NM_001108609",330.000028221719,310.975224215947,408.559386690593,262.001449348712,329.654574664479,292.386786302084
"NM_001347532",2337.6925076126,2204.73460245409,1966.53251460406,3260.46248078398,3323.77385310675,3283.72852308494
"NM_001107804",263.076945575356,346.856980856249,319.584231366864,221.569126918356,265.960254190959,248.587955965334
"NM_001107805",69.2307751514096,91.6978225252153,96.2384333093398,102.293775748803,79.2532384517848,81.6788998171812
"NM_001107813",440.769268463974,522.278902208835,468.48143007188,528.450454164764,325.764845169913,430.885790339913
"NM_001106547",2328.46173759241,1941.60172042521,1162.12447769769,4672.35918005204,4501.87567377347,4301.16351428591
"NM_001013161",793.846221736163,789.398646086636,684.563950143794,809.05077183144,942.286970058643,888.997880618886
"NM_153296",207.692325454229,205.323385219504,259.662187985577,617.401563511549,408.907813116264,486.522142389297
"NM_001033890",1640.76937108841,1754.21921352586,1534.36747446023,1572.00869609227,1611.32044312402,1684.47933970796
"NM_001191856",120.000010262443,69.7700823561421,165.23957417264,124.127229861196,83.6291841331716,53.2688477068573
"NM_001033708",650.76928642325,679.75994524127,907.909748201318,433.838819677729,476.978079271171,478.235877190452
"NM_001108965",295.384640646014,310.975224215947,355.900621294917,292.32569117148,247.48403909177,314.87807755609
"NM_133564",34.6153875757048,11.9605855467672,47.2113069064686,31.1328882713748,18.4762150991891,58.0038563919113
"NM_198780",12634.6164651323,7477.35939765397,10170.4049993512,27259.4717825466,96921.3622484777,15375.7569525416
"NM_001108966",830.769301816915,799.365800708942,757.1967299999,950.968223561993,1060.92371964291,1120.4214301009
"NM_021847",747.692371635224,667.799359694503,700.906325611418,595.568109399156,543.103480678795,554.587892236948
"NM_001107806",2854.61562874312,2758.9083994543,2520.35746100686,1894.25430586222,1635.14503627823,1793.97641554983
"NM_130735",6.92307751514096,3.9868618489224,5.44745848920791,6.87349481316066,6.32081042866995,7.10251302758098
"NM_001109564",69.2307751514096,43.8554803381464,43.5796679136633,99.4635131786778,119.609181957908,126.661482325194
"NM_001134551",25.3846175555169,7.97372369784481,12.7107364748185,17.790221869357,11.1829722968776,27.2262999390604
"NM_138918",143.076935312913,131.566441014439,121.659906258977,126.553169207017,120.095398144729,137.907127952197
"NM_001013924",738.461601615036,643.878188600968,671.853213668976,501.765121360728,555.745101536135,506.054053215145
"NM_001008217",4476.92345979115,4816.12911349826,4459.65268316488,2812.47234825562,2560.41443979815,2712.5681004503
"NM_001191609",145.38462781796,326.922671611637,432.165040143828,176.689249020659,160.451341650853,155.66341052115
"NM_031111",163.846167858336,938.905965421226,933.331221150955,561.200635333353,539.213751184229,616.14300514265
"NM_031708",3364.61567235851,3358.93110771713,2910.75865273343,2391.57187175561,2137.40635726408,1913.53538484744
"NM_133608",18.4615400403759,9.96715462230601,9.07909748201318,5.66052514024996,5.83459424184918,4.14313259942224
"NM_053340",1202.30779512948,1487.09946964806,1625.15844928036,1455.15928426854,1324.45289289976,1738.34006350044
"NM_001173739",475.384656039679,432.574510608081,483.007986043101,412.40968878964,477.950511644812,407.802623000274
"NM_001108613",1160.76933003863,1421.31624914084,1085.86005884878,1476.58841515663,1785.87205419267,2411.89504894937
"NM_198743",1712.30783874486,1522.98122628836,1494.41944553937,1774.17030824406,1674.52854741072,1724.72691353091
"NM_145090",1123.84624995788,1475.13888410129,1365.49626129478,807.433478934226,1086.20696135759,955.879878295273
"NM_001024756",1197.69241011939,1407.36223266961,1194.80922863293,1318.90235767824,1595.76152514575,1453.64766631157
"NM_001305276",3570.00030530769,2126.9907964001,4229.04360712174,6832.658167506,7041.38281753832,8047.73913633488
"NM_012660",4.61538501009397,17.9408783201508,12.7107364748185,16.1729289721427,26.7418902751421,5.32688477068573
"NM_001108968",27.6923100605638,3.9868618489224,30.8689314388448,224.803712712784,419.604569226321,240.30169076649
"NM_001011961",133.846165292725,107.645269920905,713.617062086236,204.991874721909,583.945640371739,227.280416882591
"NM_001009316",2023.84632692621,1648.56737452941,2186.24667366877,2311.9201965678,2757.81821164738,2842.18896320365
"NM_053980",565.384663736512,617.963586582973,688.195589136599,316.585084629694,287.353766411072,339.736873152623
"NM_031803",265.384638080403,181.402214125969,181.581949640264,264.831711918837,263.529173256855,229.647921225118
"NM_001191857",2206.15403482492,1313.67097921993,1370.94371978399,1994.5264654895,1870.47367069948,1390.31692514898
"NM_001009656",447.692345979115,474.436560021766,510.245278489141,464.971707949104,491.078348688973,471.133364162871
"NM_001107808",96.9230852119734,89.7043916007541,74.4485993525081,114.019149253606,138.571613243918,120.150845383245
"NM_198744",648.461593918203,785.411784237714,828.013690359602,420.091830051408,495.940510557181,441.539559881284
"NM_001109212",650.76928642325,651.851912298813,782.618202949536,404.323224303568,422.035650160424,507.82968147204
"NM_001107809",980.769314644969,1090.40671568028,944.226138129371,1810.55939843138,1349.24991842762,1685.07121579359
"NM_001191967",69.2307751514096,97.6781152985989,78.0802383453134,97.44189705716,111.343506781955,79.3113954746542
"NM_001109213",4.61538501009397,1.9934309244612,7.26327798561055,1.61729289721427,3.40351330774536,10.6537695413715
"NM_057098",20.7692325454229,1.9934309244612,21.7898339568316,9.29943415898207,11.6691884836984,14.205026055162
"NM_021661",62.3076976362686,55.8160658849137,138.0022817266,84.9078771037494,58.8321586053126,84.0464041597082
"NM_001024781",159.230782848242,105.651838996444,110.764989280561,137.874219487517,143.919991298947,160.398419206204
"NM_001014259",646.153901413156,747.536596672951,352.268982302112,752.041197204637,621.384286756938,519.075327099043
"NM_001107810",1066.15393733171,859.168728442778,829.829509856005,1223.07775351829,1382.31261913144,1544.79658349886
"NM_080394",2153.07710720884,1728.30461150786,1608.81607381274,2009.48642478874,2168.03797703379,3038.69182363339
"NM_001177442",348.461568262095,237.218280010883,239.688173525148,388.150295331426,329.654574664479,271.671123304972
"NM_001100815",415.384650908458,448.52195800377,479.376347050296,297.177569863123,376.817544786093,394.189473030744
"NM_001107896",1576.15398094709,1425.30311098976,1383.65445625881,1858.6738621235,1464.48315470415,1646.59927022752
"NM_001109220",1767.69245886599,1933.62799672737,1427.23412417247,2419.06585100825,2339.67229098152,2247.94537322938
"NM_001173511",796.15391424121,837.240988273705,935.147040647358,705.94834963403,723.489685989299,713.802559271888
"NM_001271104",48.4615426059867,39.868618489224,21.7898339568316,52.1576959351603,80.2256708254263,44.9825825080129
"NM_001191970",11.5384625252349,9.96715462230601,5.44745848920791,21.0248076637856,17.0175665387268,18.3481586545842
"NM_031506",43.8461575958927,27.9080329424568,29.0531119424422,40.4323224303568,21.8797284069344,26.0425477677969
"NM_022694",6154.61591096031,6737.79652467886,6725.79541467537,6078.59535417985,5585.16533801013,5773.7512153377
"NM_001134553",300.000025656108,328.916102536098,230.609076043135,372.381689583587,250.401336212694,274.630503733131
"NM_053875",420.000035918552,532.246056831141,562.904043884817,535.323948977925,490.592132502152,576.487307405323
"NM_199382",417.692343413505,436.561372457003,412.191025683399,586.672998464478,454.125918490595,713.802559271888
"NM_024374",2386.15405021858,2418.03171137144,2315.16985791336,2782.14810643285,2873.0514479239,2506.59522265045
"NM_001134994",648.461593918203,538.226349604525,639.168462733728,550.283908277157,629.16374574607,658.166207222504
"NM_147211",110.769240242255,119.605855467672,79.896057841716,200.139996030266,197.403771849231,185.849090888369
"NM_001007016",23.0769250504699,25.9146020179956,29.0531119424422,21.0248076637856,66.1254014076241,29.5938042815874
"NM_172331",1723.8463012701,1522.98122628836,1450.83977762571,1430.09124436172,1330.28748714161,1321.06742313006
"NM_001013087",163.846167858336,175.421921352586,176.134491151056,152.834178786749,93.8397240564077,152.704030092991
"NM_001109247",163.846167858336,123.592717316595,210.635061582706,203.374581824695,191.569177607382,250.363584222229
"NM_153298",196.153862928994,173.428490428125,87.1593358273266,249.467429395302,286.381334037431,272.262999390604
"NM_001107876",177.692322888618,149.50731933459,152.528837697822,200.54431925457,202.265933717438,252.731088564756
"NM_001100750",8760.00074915836,6085.94461238005,5429.30029424388,8268.81426023228,9453.50132035614,8769.23608471998
"NM_012508",133.846165292725,35.8817566403016,101.685891798548,1114.31480618063,1109.05912213817,1393.27630557714
"NM_001108639",1142.30778999826,1186.09140005442,1024.12219597109,975.227617020207,964.166698465578,977.779293463648
"NM_023103",83533.8532976908,52325.5683361821,53376.0140967555,139231.532551504,171896.870688613,184813.307738513
"NM_001309521",203.076940444135,197.349661521659,308.689314388448,126.148845982713,149.268369353975,157.439038778045
"NM_012517",18.4615400403759,7.97372369784481,16.3423754676237,15.3642825235356,16.0451341650853,15.3887782264255
"NM_001107885",274.615408100591,336.889826233943,394.032830719372,241.785288133534,233.383769673967,259.833601592337
"NM_001173386",25.3846175555169,35.8817566403016,49.0271264028712,32.3458579442855,19.4486474728306,34.3288129666414
"NM_001192015",9.23077002018795,3.9868618489224,10.8949169784158,5.25620191594639,9.23810754959454,2.95938042815874
"NM_001037353",191.5384779189,113.625562694289,179.766130143861,340.035831639301,583.945640371739,398.924481715798
"NM_001271267",244.615405534981,93.6912534496765,118.028267266171,334.779629723355,407.935380742622,310.734944956668
"NM_013040",542.307738686042,811.326386255709,446.691596115049,809.859418280048,901.444810365699,684.208754990301
"NM_001013209",613.846206342498,914.984794327692,717.248701079042,612.549684819906,675.840499680864,557.547272665107
"NM_001191858",341.538490746954,295.027776820258,237.872354028745,285.452196358319,286.381334037431,274.038627647499
"NM_001191860",11.5384625252349,15.9474473956896,16.3423754676237,17.790221869357,17.5037827255476,15.3887782264255
"NM_184051",523.846198645666,546.200073302369,539.298390431583,432.625850004818,389.945381830254,472.317116334135
"NM_021838",325.384643211625,209.310247068426,217.898339568316,363.890901873212,324.30619660945,231.423549482014
"NM_001191969",113.076932747302,87.7109606762929,92.6067943165345,107.145654440446,70.9875632758317,90.5570411016575
"NM_001100851",1622.30783104803,1863.85791437122,1626.97426877676,2519.74233385984,2657.6576771623,2484.10393139645
"NM_001106575",574.6154337567,621.950448431895,662.774116186962,636.404755053817,557.689966283418,510.197185814567
"NM_001014186",521.538506140619,643.878188600968,577.430599856038,418.07021392989,527.05834651371,395.373225202008
"NM_001135872",332.307720726766,310.975224215947,315.952592374059,345.292033555247,368.55186961014,362.820040492262
"NM_001106577",786.923144221022,482.410283719611,384.953733237359,913.366163701761,968.056427960144,1060.05006936646
"NM_057115",1470.00012571493,1277.78922257963,1465.36633359693,1772.14869212254,1909.37096564515,1494.48711622016
"NM_031561",32.3076950706578,137.546733787823,203.371783597095,126.553169207017,44.7318891875104,89.9651650160257
"NM_001106578",39.2307725857988,183.395645050431,363.163899280527,83.2905842065351,55.4286452975673,43.2069542511176
"NM_017310",25.3846175555169,25.9146020179956,29.0531119424422,56.200928178196,51.0526996161804,50.3094672786986
"NM_001104633",140.769242807866,145.520457485668,101.685891798548,199.735672805963,202.752149904259,180.522206117683
"NM_001047116",36.9230800807518,23.9211710935344,25.4214729496369,26.281009579732,24.3108093410383,27.2262999390604
"NM_012623",4765.38502292203,28645.6023845075,27589.5614283417,643.682573091281,227.062959245297,471.725240248503
"NM_053693",341.538490746954,364.7978591764,377.690455251748,401.08863850914,420.090785413141,344.471881837677
"NM_133401",2363.07712516811,4519.10790575354,3920.35429273329,634.787462156602,573.248884261682,555.17976832258
"NM_001191748",36.9230800807518,73.7569442050645,156.160476690627,185.180036731034,103.077831606002,117.783341040718
"NM_001107846",9.23077002018795,21.9277401690732,12.7107364748185,17.790221869357,23.8245931542175,21.3075390827429
"NM_001108617",260.769253070309,101.664977147521,177.950310647458,278.983024769462,371.955382917886,396.556977373271
"NM_001037093",1686.92322118935,2176.82656951163,1581.5787813667,2020.40315184493,1678.41827690528,1844.28588282853
"NM_001134781",733.846216604942,781.424922388791,935.147040647358,1034.25880776853,1002.0915610376,865.322837193616
"NM_001191861",103.846162727114,139.540164712284,245.135632014356,128.170462104231,126.90242476022,128.437110582089
"NM_053473",34.6153875757048,25.9146020179956,29.0531119424422,25.8766863554284,32.5764845169913,47.3500868505399
"NM_001004086",4943.07734581065,3047.95588350118,2878.07390179818,6144.90436296563,7836.34628299027,8082.65982538715
"NM_001126090",1576.15398094709,1632.61992713372,1514.3934599998,1457.58522361436,1465.45558707779,1543.6128313276
"NM_013079",1273.84626278594,1728.30461150786,1864.84662280551,488.018131734407,187.193231925995,229.056045139487
"NM_030844",463.846193514444,938.905965421226,1000.51654251785,134.639633693088,166.772152079523,149.744649664832
"NM_001110492",537.692353675948,604.009570111744,591.95715582726,608.506452576871,546.020777799719,477.644001104821
"NM_001004267",2637.69253326871,3014.06755778534,1928.4003051796,2103.28941282716,2613.41200416161,2105.89511267776
"NM_001105668",816.923146786633,426.594217834697,626.45772625891,974.823293795904,1164.00155124891,748.13137223853
"NM_022379",110.769240242255,71.7635132806033,59.922043381287,146.769330422195,163.368638771777,135.53962360967
"NM_001004102",623.076976362686,560.154089773598,495.71872251792,652.577684025959,596.101045042258,552.220387894421
"NM_001114401",154.615397838148,115.61899361875,119.844086762574,199.331349581659,132.737019002069,173.419693090102
"NM_001015026",2194.61557229968,2190.78058598286,1467.18215309333,3726.24283518169,3721.49869392614,3832.39765446557
"NM_001109225",293.076948140967,308.981793291486,345.005704316501,257.958217105677,355.424032565979,231.423549482014
"NM_001033898",300.000025656108,271.106605726723,286.899480431617,115.232118926517,99.6743182982569,93.5164215298162
"NM_022535",193.846170423947,185.389075974892,181.581949640264,105.528361543231,84.1154003199924,88.1895367591305
"NM_001106587",1437.69243064427,1744.25205890355,1583.3946008631,1284.13056038813,1416.83396839571,1229.91850594277
"NM_001014055",1266.9231852708,1227.9534494681,1399.99683172643,873.338164495708,780.376979847328,695.454400617304
"NM_001173510",390.000033352941,410.646770439008,433.98085964023,417.261567481283,450.236188996029,358.676907892839
"NM_001172127",5353.84661170901,4349.66627717434,6264.5772625891,5156.33407954341,5384.84426903998,5757.77056102565
"NM_001100708",189.230785413853,195.356230597198,207.003422589901,185.988683179641,186.220799552353,153.887782264255
"NM_031359",1707.69245373477,1656.54109822726,1725.0285215825,1600.71564501783,1852.96988797394,1530.5915574437
"NM_001106929",630.000053877827,721.621994654955,729.95943755386,669.154936222406,808.577518682933,719.129444042574
"NM_001106588",2141.5386446836,2210.71489522747,2124.50881079109,1688.4537846917,1714.88449091684,1763.19885909698
"NM_001270038",23.0769250504699,15.9474473956896,23.6056534532343,36.7934134116247,38.8972949456612,30.1856803672192
"NM_001108620",833.076994321962,885.083330460774,1105.83407330921,836.544751084083,791.073735957385,667.04434850698
"NM_001037782",535.384661170901,536.232918680063,502.98200050353,509.8515858468,566.441857646192,499.543416273195
"NM_013146",8633.07766138078,6582.30891257089,8053.15946654569,11183.5803842367,10319.9385652707,10295.0926334786
"NM_001009709",1465.38474070484,594.042415489438,1383.65445625881,2184.55838091218,2081.4914957797,2642.72672234576
"NM_017066",108.461547737208,91.6978225252153,101.685891798548,122.509936963981,177.9551243764,230.831673396382
"NM_001012188",1463.07704819979,1538.92867368405,1205.70414561135,1395.72377029592,977.780751696559,1269.5742036801
"NM_001044266",436.15388345388,883.089899536312,971.463430575411,133.830987244481,125.443776199757,313.694325384827
"NM_001025045",76.1538526665505,145.520457485668,128.923184244587,46.0928475706068,70.0151309021902,66.8819976763875
"NM_001108622",895.384691958231,1046.55123534213,822.566231870395,1502.86942473636,1128.02155342418,982.514302148702
"NM_012687",108.461547737208,79.7372369784481,81.7118773381187,85.7165235523565,67.0978337812656,97.0676780436067
"NM_001127497",424.615420928646,398.68618489224,357.716440791319,351.356881919801,372.441599104706,509.013433643303
"NM_053761",893.076999453184,817.306679029093,1536.18329395663,962.693597066796,1196.5780357659,923.326693585527
"NM_001109348",274.615408100591,320.942378838253,392.21701122297,277.770055096552,295.619441587025,326.715599268725
"NM_001134979",288.461563130873,165.45476673028,310.505133884851,504.999707155157,366.607004862857,403.06761431522
"NM_001106592",251.538483050122,243.198572784267,279.636202446006,265.640358367444,208.586744146108,301.856803672192
"NM_001109232",203.076940444135,241.205141859805,147.081379208614,421.709122948622,355.9102487528,388.862588260059
"NM_001134982",1857.69246656282,1746.24548982801,1427.23412417247,2757.88871297464,2546.31417038035,2314.82737090577
"NM_001013085",387.692340847894,817.306679029093,855.250982805642,78.0343822905887,111.343506781955,120.742721468877
"NM_130413",648.461593918203,532.246056831141,561.088224388415,697.861885147959,633.539691427457,682.433126733406
"NM_022243",7663.84680926104,5717.15989135473,4109.19952035917,7830.12356186291,9928.53453488003,9613.25138283085
"NM_001104527",4.61538501009397,13.9540164712284,3.63163899280527,16.1729289721427,6.80702661549071,3.55125651379049
"NM_001025063",46.1538501009397,15.9474473956896,3.63163899280527,188.414622525463,53.4837805502842,88.1895367591305
"NM_001271139",3034.61564413679,3091.81136383932,3611.66497834484,2174.45030030459,1596.73395751939,1582.67665297929
"NM_001108628",3844.61571340828,2148.91853656918,2300.64330194214,5662.54675637148,4712.40728266686,5515.10136591663
"NM_001007645",440.769268463974,354.830704554094,361.348079784125,278.578701545159,292.702144466101,351.574394865258
"NM_001007646",1234.61549020014,1289.7498081264,1383.65445625881,1203.67023875172,995.284534422107,1437.07513591388
"NM_181381",565.384663736512,510.318316662068,646.431740719339,980.483818936154,1283.61073320682,1079.58198019231
"NM_001108630",50.7692351110337,49.83577311153,61.7378628776897,114.019149253606,124.957560012937,140.866508380356
"NM_031644",154.615397838148,67.7766514316809,98.0542528057424,194.075147665713,202.752149904259,205.972877799848
"NM_053661",1054.61547480647,759.497182219718,1127.62390726604,408.366456546604,397.724840819386,420.823896884173
"NM_001191750",18.4615400403759,15.9474473956896,10.8949169784158,15.7686057478392,21.8797284069344,22.4912912540064
"NM_031599",941.53854205917,1321.64470291778,1240.204716043,648.534451782924,618.953205822834,665.268720250085
"NM_001108632",447.692345979115,420.613925061314,406.743567194191,295.155953741605,383.138355214763,230.831673396382
"NM_001009658",1186.15394759415,1349.55273586023,1040.46457143871,964.715213188314,1325.42532527341,1261.87981456689
"NM_031772",1160.76933003863,1540.92210460851,1488.97198705016,796.51675187803,1060.92371964291,717.353815785679
"NM_001034928",3588.46184534806,3659.93917731077,3373.7926243161,3091.85969624939,3016.97143922285,3462.47510094573
"NM_031337",636.923131392968,833.254126424782,508.429458992738,442.733930612407,864.492380167321,443.907064223811
"NM_001106597",752.307756645318,805.346093482326,766.275827481913,798.538367999548,843.585084134028,553.996016151316
"NM_001109241",1352.30780795753,1614.67904881357,1238.3888965466,889.511093467851,1080.85858330256,1102.66514753195
"NM_001108633",48.4615426059867,33.8883257158404,47.2113069064686,96.2289273842493,66.1254014076241,84.0464041597082
"NM_001017537",2250.00019242081,2152.9053984181,2091.82405985584,1651.25604805577,1727.52611177418,1788.64953077914
"NM_001106602",493.846196080055,456.495681701615,421.270123165412,435.05178935064,386.055652335688,423.783277312332
"NM_001106601",618.461591352592,602.016139187283,521.140195467557,409.579426219515,466.281323161114,451.009577251392
"NM_001107869",586.153896281935,334.896395309482,341.374065323696,536.941241875139,461.419161292906,535.0559814111
"NM_001109246",475.384656039679,482.410283719611,570.167321870428,321.032640097033,409.880245489905,384.127579575005
"NM_181087",754.615449150364,1640.59365083157,784.434022445939,139.491512384731,149.268369353975,282.916768931976
"NM_001106604",288.461563130873,336.889826233943,288.715299928019,442.733930612407,305.829981510261,330.858731868147
"NM_021668",20.7692325454229,9.96715462230601,16.3423754676237,18.5988683179641,21.8797284069344,26.6344238534287
"NM_001033931",253.846175555169,187.382506899353,208.819242086303,302.433771779069,338.406466027253,286.468025445766
"NM_001044249",53.0769276160807,53.8226349604525,72.6327798561055,155.664441356874,146.35107223305,203.605373457321
"NM_001173450",191.5384779189,221.270832615193,194.292686115082,185.180036731034,208.586744146108,149.744649664832
"NM_001005879",646.153901413156,952.859981892454,795.328939424355,638.426371175335,686.537255790921,701.965037559253
"NM_001109249",553.846201211277,506.331454813145,593.772975323662,599.611341642192,529.489427447813,520.259079270307
"NM_001106608",609.230821332404,865.149021216162,686.379769640197,329.927751031712,290.757279718818,292.386786302084
"NM_001106607",11.5384625252349,21.9277401690732,16.3423754676237,23.8550702339105,25.2832417146798,31.9613086241144
"NM_001107874",1340.7693454323,1186.09140005442,1510.76182100699,1588.18162506442,2458.30904056579,2385.26062509594
"NM_001025408",715.384676564566,665.805928770041,619.194448273299,640.852310521156,646.181312284797,656.98245505124
"NM_001009659",233.076943009746,312.968655140409,306.873494892046,282.621933788194,287.839982597893,234.382929910172
"NM_001107877",267.69233058545,89.7043916007541,217.898339568316,528.854777389068,587.349153679485,677.10624196272
"NM_001108638",276.923100605638,263.132882028879,254.214729496369,168.198461310284,176.982692002759,179.930330032051
"NM_001030045",383.0769558378,324.929240687176,359.532260287722,489.635424631621,425.43916346817,401.291986058325
"NM_001009502",242.307713029934,476.429990946227,368.611357769735,212.674015983677,103.077831606002,164.541551805626
"NM_001191089",133.846165292725,191.369368748275,207.003422589901,187.201652852552,201.779717530618,160.990295291835
"NM_001034131",339.230798241907,203.329954295043,230.609076043135,310.115913040837,272.767280806449,267.52799070555
"NM_001107879",1301.5385728465,1239.91403501487,1027.75383496389,986.144344076403,1232.55803359064,925.102321842422
"NM_001106612",113.076932747302,97.6781152985989,165.23957417264,105.932684767535,105.995128726927,114.823960612559
"NM_001271251",78.4615451715975,61.7963586582973,61.7378628776897,129.787755001445,354.451600192338,305.408060185982
"NM_001134713",90.0000076968325,155.487612107974,163.423754676237,84.5035538794458,76.3359413308602,58.5957324775431
"NM_001024332",1998.46170937069,2003.39807908351,1770.42400899257,1462.0327790817,2172.900138902,1611.08670508962
"NM_001008562",653.076978928297,193.362799672737,419.454303669009,98.6548667300707,188.165664299636,112.456456270032
"NM_001077673",43.8461575958927,63.7897895827585,88.9751553237292,61.861453318446,39.383511132482,36.6963173091684
"NM_001108640",34.6153875757048,43.8554803381464,49.0271264028712,58.2225442997139,108.426209661031,98.8433063005019
"NM_001025422",406.15388088827,544.206642377908,624.641906762507,452.842011219997,327.709709917196,472.908992419767
"NM_001107880",1163.07702254368,909.004501554308,1091.30751733798,1116.74074552646,1150.87371420475,1211.57034728819
"NM_001012097",371.538493312565,422.607355985775,439.428318129438,344.887710330944,383.138355214763,371.106305691106
"NM_181362",25.3846175555169,47.8423421870688,49.0271264028712,20.2161612151784,14.586485604623,21.3075390827429
"NM_173332",186.923092908806,133.559871938901,157.976296187029,179.115188366481,158.020260716749,159.806543120572
"NM_001107882",3274.61566466167,3077.8573473681,2752.7823565464,3363.56490298139,3229.93412905034,3558.9509029037
"NM_001106616",78.4615451715975,143.527026561207,125.291545251782,107.954300889053,129.333505694324,113.640208441296
"NM_170788",505.38465860529,600.022708262822,421.270123165412,562.817928230567,623.815367691042,459.295842450237
"NM_001191751",64.6153901413156,65.7832205072197,14.5265559712211,146.769330422195,228.52160780576,143.234012722883
"NM_001107884",694.615444019143,623.943879356356,457.586513093464,616.997240287245,607.284017339136,641.001800739183
"NM_001191977",387.692340847894,332.902964385021,326.847509352475,457.693889911639,621.870502943759,516.707822756516
"NM_001277177",1306.15395785659,1796.08126293954,1421.78666568326,1307.58130739774,1234.0166821511,1248.85854068299
"NM_021595",13.8461550302819,25.9146020179956,9.07909748201318,9.29943415898207,15.0727017914437,11.2456456270032
"NM_001002823",55.3846201211277,73.7569442050645,59.922043381287,50.9447262622496,35.4937816379159,46.7582107649081
"NM_001037975",140833.858198007,60715.9190972393,68677.9249929405,301790.089205978,350406.281517989,382092.117716517
"NM_001191085",812.307761776539,835.247557349244,818.934592877589,1174.96328982617,962.708049905115,993.168071690073
"NM_001271376",43384.6190948833,25145.1376811536,20840.1603602131,47618.3590959042,53334.0259647434,55411.4391368443
"NM_001007700",2418.46174528924,3032.00843610549,3103.23551935211,2807.21614633968,2855.06144901153,2820.88142412091
"NM_001005880",16.1538475353289,9.96715462230601,12.7107364748185,8.08646448607137,8.75189136277378,12.4293977982667
"NM_001106622",641.538516403062,675.773083392347,804.408036906368,1246.5285005279,829.971030903046,1232.87788637093
"NM_001164091",909.230846988513,785.411784237714,748.117632517886,687.349481316066,735.158874472997,730.375089669577
"NM_001047098",110.769240242255,89.7043916007541,74.4485993525081,42.4539385518747,49.1078348688973,61.5551129057018
"NM_001002804",1426.15396811904,1379.45419972715,1016.85891798548,2226.60799623975,1839.84205092978,2287.00919488107
"NM_001012189",3909.23110354959,3105.76538031055,2609.33261633059,2719.4780066658,3110.32494709244,2961.74793250127
"NM_001007648",76.1538526665505,51.8292040359912,187.029408129472,409.175102995211,182.817286244608,287.059901531398
"NM_053889",336.92310573686,219.277401690732,312.320953381254,462.545768603282,397.724840819386,358.676907892839
"NM_001079711",32.3076950706578,43.8554803381464,72.6327798561055,57.4138978511067,35.9799978247366,53.2688477068573
"NM_145779",103666.162711721,62868.8244956574,54342.0300688417,275816.769599941,268640.764028902,296695.644205483
"NM_031979",1959.23093678489,2559.56530700818,2876.25808230178,1504.89104085788,1055.57534158788,1413.99196857425
"NM_001107892",1500.00012828054,1706.37687133879,1129.43972676244,2528.63744479452,2733.99361849316,2464.5720205706
"NM_001108650",159.230782848242,167.448197654741,276.004563453201,156.068764581177,153.644315035362,157.439038778045
"NM_001024338",4.61538501009397,19.934309244612,9.07909748201318,5.25620191594639,9.23810754959454,7.69438911321273
"NM_017336",85.3846226867385,61.7963586582973,123.475725755379,116.849411823731,93.3535078695869,137.907127952197
"NM_053923",570.000048746606,520.285471284374,254.214729496369,747.593641737298,1390.09207812057,958.839258723432
"NM_001106626",593.076973797076,488.390576492994,439.428318129438,458.098213135943,468.712404095218,396.556977373271
"NM_139340",1015.38470222067,1010.66947870183,806.223856402771,841.396629775726,1039.5302074228,1111.54328881642
"NM_017337",73.8461601615036,61.7963586582973,65.3695018704949,87.3338164495708,93.3535078695869,88.1895367591305
"NM_030838",223.846172989558,293.034345895797,190.661047122277,96.2289273842493,122.040262892012,71.6170063614415
"NM_030837",1006.15393220049,1058.5118208889,552.009126906402,666.728996876584,810.522383430216,507.237805386408
"NM_001113783",131.538472787678,237.218280010883,245.135632014356,140.704482057642,141.488910364843,118.967093211981
"NM_130736",124.615395272537,330.909533460559,167.055393669043,61.4571300941424,99.6743182982569,66.8819976763875
"NM_017111",8344.6160982499,5471.967887646,4267.1758165462,11610.141385877,11844.7125271407,12633.5950478097
"NM_012813",13.8461550302819,1.9934309244612,9.07909748201318,200.54431925457,180.872421497325,422.599525141068
"NM_001106627",39.2307725857988,37.8751875647628,69.0011408633002,50.9447262622496,60.7770233525957,44.9825825080129
"NM_031046",1163.07702254368,857.175297518317,791.69730043155,2131.59203852841,1553.46071689235,1893.41159793596
"NM_201421",1315.38472787678,1363.50675233146,1338.25896884874,1086.41650370369,1193.66073864498,1038.74253028372
"NM_001014061",766.153911675599,570.121244395904,590.141336330857,614.571300941424,533.8653731292,537.423485753627
"NM_001012095",23.0769250504699,17.9408783201508,30.8689314388448,9.70375738328564,17.5037827255476,14.7969021407937
"NM_001191859",1324.61549789697,1192.0716928278,1149.41374122287,1369.03843749188,1059.95128726927,1403.33819903287
"NM_022392",13601.5396247469,3626.05085159493,8398.1651708622,15631.5401748003,42757.3652528313,18979.0985618676
"NM_001107844",533.076968665854,514.30517851099,573.798960863233,644.491219539888,555.258885349314,490.073398903087
"NM_001109215",66.9230826463626,95.6846843741377,90.7909748201318,126.95749243132,68.0702661549071,111.272704098769
"NM_001013925",1216.15395015976,1415.33595636745,1488.97198705016,1282.10894426662,1114.89371638001,1254.77730153931
"NM_001109666",1003.84623969544,1261.84177518394,1336.44314935234,1201.64862263021,1021.54020851043,1029.27251291361
"NM_001106574",1022.30777973581,1544.90896645743,1425.41830467607,1340.73581179063,1022.51264088407,1313.96491010248
"NM_001011966",156.923090343195,183.395645050431,119.844086762574,145.152037524981,72.9324280231148,107.129571499346
"NM_001108616",549.230816201183,396.692753967779,639.168462733728,530.067747061978,506.151050480417,500.135292358827
"NM_001080153",30.0000025656108,29.901463866918,32.6847509352475,26.6853328040355,26.2556740883213,27.2262999390604
"NM_080885",357.692338282283,299.01463866918,326.847509352475,261.597126124409,292.702144466101,287.65177761703
"NM_017048",2240.76942240062,1782.12724646831,2139.03536676231,2484.16189012112,1986.19312316283,2224.86220588974
"NM_001007796",750.000064140271,803.352662557864,788.065661438744,771.044388746905,740.993468714846,913.264800129787
"NM_001109217",140.769242807866,229.244556313038,187.029408129472,140.704482057642,171.63431394773,205.972877799848
"NM_001012187",720.00006157466,350.843842705172,553.824946402804,659.046855614817,926.728052080379,739.253230954053
"NR_110709",295.384640646014,277.086898500107,354.084801798514,83.6949074308387,80.2256708254263,93.5164215298162
"NM_001135174",1290.00011032127,1600.72503234235,1543.44657194224,1073.07383730167,1148.92884945747,1110.35953664516
"NM_001170589",597.69235880717,783.418353313252,711.801242589834,395.832436593194,345.699708829564,370.514429605474
"NM_022395",2123.07710464323,2053.23385219504,2040.98111395656,2089.54242320084,1912.28826276607,2343.82929910172
"NM_033236",3083.07718674277,3460.59608486465,3172.23666021541,2308.68561077338,2404.82526001551,1989.29552380831
"NM_053776",791.538529231116,831.260695500321,1051.35948841713,526.024514818943,509.068347601341,391.821968688217
"NM_001106576",726.923139089801,767.470905917563,837.092787841616,384.10706308839,298.53673870795,346.247510094573
"NM_199381",80.7692376766445,69.7700823561421,83.5276968345213,52.9663423837675,148.295936980333,80.4951476459177
"NM_001128188",214.61540296937,211.303677992887,254.214729496369,186.393006403945,250.887552399515,300.673051500928
"NM_001025044",36.9230800807518,7.97372369784481,19.974014460429,63.0744229913567,76.3359413308602,145.60151706541
"NM_053455",256.153868060215,289.047484046874,230.609076043135,530.067747061978,624.301583877863,635.674915968498
"NM_001107845",1659.23091112878,1401.38193989622,1572.49968388468,2582.00811040259,2415.03579993874,2283.45793836728
"NR_130137",4.61538501009397,7.97372369784481,10.8949169784158,15.3642825235356,4.86216186820765,14.7969021407937
"NM_001191610",244.615405534981,231.237987237499,196.108505611485,274.939792526427,261.098092322751,272.854875476236
"NM_013145",687.692366504002,388.719030269934,729.95943755386,125.74452275841,179.899989123683,118.37521712635
"NM_173139",11.5384625252349,11.9605855467672,18.1581949640264,17.3858986450534,5.83459424184918,9.47001737010797
"NM_001109218",32.3076950706578,39.868618489224,25.4214729496369,41.240968878964,48.6216186820765,60.9632368200701
"NM_017017",240.000020524887,283.067191273491,257.846368489174,348.93094257398,422.521866347245,380.576323061214
"NM_001109219",1110.0000949276,1144.22935064073,1231.12561856099,614.975624165728,650.071041779363,574.119803062796
"NM_001037186",85.3846226867385,109.638700845366,105.317530791353,98.6548667300707,81.6843193858886,93.5164215298162
"NM_012690",2840.76947371284,1973.49661521659,2090.00824035944,5445.02086169616,4334.61730550712,3415.12501409519
"NM_031987",2806.15408613714,4875.9320412321,3684.29775820095,7361.91726811937,9778.29373315241,9074.64414490596
"NM_001044265",2187.69249478454,1088.41328475582,1468.99797258973,2220.5431478752,2892.98631158355,2642.13484626012
"NM_001106629",4.61538501009397,5.98029277338361,18.1581949640264,16.1729289721427,11.6691884836984,7.10251302758098
"NM_001100813",1481.53858824017,1415.33595636745,1267.44200848904,1650.04307838286,1781.98232469811,1602.80043989077
"NM_021266",491.538503575008,324.929240687176,337.74242633089,1144.2347247791,1304.51802924011,947.001737010797
"NM_012941",17566.1553484177,4214.11297431098,6789.34909704946,24700.9144191536,18476.7013153759,12642.4731890941
"NM_053499",240.000020524887,255.159158331034,216.082520071914,222.782096591266,277.143226487836,320.204962326776
"NM_001108618",648.461593918203,645.871619525429,584.693877841649,681.688956175816,687.023471977741,625.021146427126
"NM_001024246",129.230780282631,107.645269920905,94.4226138129371,175.071956123445,110.371074408314,165.133427891258
"NM_001024799",260.769253070309,201.336523370581,292.346938920825,289.899751825659,340.837546961357,268.711742876814
"NM_173141",32.3076950706578,21.9277401690732,29.0531119424422,25.8766863554284,29.1729712092459,37.8800694804319
"NM_022396",283.846178120779,213.297108917349,154.344657194224,300.816478881855,329.654574664479,292.978662387715
"NM_019251",2116.15402712809,2657.24342230678,1990.13816805729,1615.67560431706,1792.67908080816,1809.36519377625
"NM_053356",1673.07706615907,1231.94031131702,1754.08163352495,2640.2306547023,2242.42905361737,3535.27585947843
"NM_032077",26284.6176324852,14197.2150440127,11318.0029210776,35387.5815607212,37183.8691033049,42996.2463646327
"NM_001013082",4536.92346492238,3305.10847275667,3039.68183697801,6360.40864151944,6297.95826788937,6035.36044518694
"NM_053551",1830.00015650226,1518.99436443944,1550.70984992785,1780.63947983292,2248.26364785922,2340.27804258793
"NM_001047914",163.846167858336,187.382506899353,154.344657194224,108.76294733766,142.461342738484,113.640208441296
"NM_022950",696.92313652419,653.845343223274,463.033971582672,812.689680850173,646.181312284797,559.322900922002
"NM_001173554",339.230798241907,430.58107968362,366.795538273333,369.955750237765,479.895376392095,391.230092602586
"NM_001106584",373.846185817612,488.390576492994,415.822664676204,542.601767015389,448.777540435566,455.152709850814
"NM_001047954",80.7692376766445,123.592717316595,128.923184244587,54.1793120566782,63.2081042866995,44.9825825080129
"NM_001127684",5453.07738942603,5061.32111720699,4515.94308755336,5316.44607636762,6303.3066459444,6118.22309717538
"NM_001014054",1437.69243064427,1546.90239738189,1340.07478834515,1331.84070085595,1564.1574730024,1296.20862753353
"NM_001109221",228.461557999652,167.448197654741,192.47686661868,270.087913834784,308.747278631186,238.526062509594
"NR_110645",530.769276160807,492.377438341917,384.953733237359,628.318290567745,629.649961932891,587.141076946694
"NM_001039344",336.92310573686,424.600786910236,907.909748201318,160.111996824213,131.278370441607,136.723375780934
"NM_131914",1061.53855232161,532.246056831141,633.72100424452,856.760912299262,1008.41237146627,703.740665816149
"NM_031517",1534.61551585625,1640.59365083157,1162.12447769769,2345.8833474093,2006.12798682248,2360.40182949941
"NM_001009180",3060.0002616923,2910.40914971335,2932.54848669026,3184.44971461491,2955.70819968343,2956.42104773058
"NM_001106585",362.307723292377,633.911033978662,437.612498633036,308.094296919319,264.987821817317,278.773636332553
"NM_001109459",436.15388345388,1881.79879269137,2006.48054352491,299.199185984641,276.170794114195,357.493155721576
"NM_001034107",133.846165292725,125.586148241056,119.844086762574,147.173653646499,170.175665387268,162.765923548731
"NM_198771",429.230805938739,462.475974474999,488.455444532309,373.190336032194,284.436469290148,304.224308014719
"NM_001100963",5914.61589043543,7321.87178554599,2725.54506410036,5468.47160870576,7885.45411785917,9085.29791444733
"NM_001034130",32.3076950706578,29.901463866918,23.6056534532343,33.5588276171962,24.3108093410383,19.5319108258477
"NM_012985",1020.00008723077,1010.66947870183,869.777538776863,856.760912299262,1005.98129053216,955.288002209641
"NM_001110365",246.923098040028,368.784721025322,326.847509352475,248.658782946695,274.712145553732,246.220451622807
"NM_001024322",240.000020524887,265.12631295334,288.715299928019,266.853328040355,289.298631158355,387.678836088795
"NM_057201",41.5384650908458,29.901463866918,21.7898339568316,66.7133320100888,64.180536660341,60.3713607344383
"NM_024149",3043.84641415698,2300.41928682823,2592.99024086297,3058.7051918565,3401.08222681125,3328.11922950732
"NM_001004232",11.5384625252349,13.9540164712284,7.26327798561055,10.1080806075892,12.6416208573399,15.3887782264255
"NM_001107850",634.615438887921,775.444629615408,798.96057841716,428.582617761783,490.105916315331,401.291986058325
"NM_001108619",316.153873191437,821.293540878015,951.489416114982,121.296967291071,108.912425847851,113.640208441296
"NM_001191862",16.1538475353289,5.98029277338361,9.07909748201318,11.7253735048035,24.3108093410383,11.837521712635
"NM_053884",976.153929634875,1178.11767635657,1147.59792172647,776.704913887155,722.517253615657,715.578187528783
"NM_001106586",94.6153927069264,91.6978225252153,150.713018201419,150.812562665231,142.461342738484,194.135356087213
"NM_001109227",288.461563130873,179.408783201508,185.213588633069,504.999707155157,407.935380742622,529.729096640415
"NM_012807",46.1538501009397,55.8160658849137,52.6587653956765,141.108805281945,104.050263979644,75.7601389608638
"NM_001017456",983.077007150016,1259.84834425948,1338.25896884874,787.217317719048,651.043474153005,704.924417987412
"NM_001127293",360.00003078733,378.751875647628,477.560527553894,370.360073462069,418.145920665858,374.657562204897
"NM_001013083",11.5384625252349,11.9605855467672,27.2372924460396,12.1296967291071,10.6967561100568,17.7562825689524
"NM_001025770",76.1538526665505,51.8292040359912,61.7378628776897,51.7533727108568,43.2732406270481,64.5144933338605
"NM_138848",309.230795676296,368.784721025322,346.821523812904,352.569851592712,340.351330774536,285.876149360134
"NM_001106590",1082.30778486704,1247.88775871271,1098.5707953236,1277.66138879928,1360.4328907245,1281.41172539273
"NM_012498",136.153857797772,99.6715462230601,179.766130143861,179.115188366481,176.982692002759,280.549264589449
"NM_173136",108.461547737208,362.804428251939,837.092787841616,10.9167270561963,15.5589179782645,19.5319108258477
"NM_001013084",39.2307725857988,137.546733787823,181.581949640264,7.6821412617678,3.88972949456612,22.4912912540064
"NM_001127298",890.769306948137,607.996431960667,1011.41145949627,894.362972159493,808.577518682933,845.790926367768
"NM_001024325",41.5384650908458,55.8160658849137,43.5796679136633,25.8766863554284,26.2556740883213,31.3694325384827
"NM_001012621",385.384648342847,113.625562694289,203.371783597095,4300.38181369275,3492.49086993356,2742.75378081752
"NM_001108621",39.2307725857988,25.9146020179956,32.6847509352475,50.1360798136425,49.1078348688973,52.0850955355938
"NM_138884",59430.005082475,69144.1450458613,32163.6107397799,41318.194614806,45343.5491505309,73777.3540739974
"NM_173045",766.153911675599,948.873120043532,1189.36177014373,1115.93209907785,952.497509981879,1291.47361884847
"NM_001107853",2337.6925076126,2611.39451104417,1997.4014460429,2836.73174171384,3345.65358151369,2937.48101299037
"NM_001037795",258.461560565262,199.34309244612,148.897198705016,193.266501217106,176.982692002759,225.504788625696
"NM_001044233",32.3076950706578,11.9605855467672,29.0531119424422,66.7133320100888,10.6967561100568,60.3713607344383
"NM_001004233",763.846219170552,783.418353313252,766.275827481913,622.657765427495,622.35671913058,735.701974440263
"NM_001108624",1536.92320836129,1375.46733787823,1352.78552481996,1326.98882216431,1560.26774350784,1483.83334667879
"NM_001107855",507.692351110337,639.891326752046,499.350361510725,566.861160473603,553.314020602031,586.549200861062
"NM_001047863",823.846224301774,681.753376165731,719.064520575444,600.824311315103,594.156180294975,608.448616029437
"NM_001044701",113.076932747302,149.50731933459,108.949169784158,98.6548667300707,93.8397240564077,129.620862753353
"NM_183328",507.692351110337,739.562872975106,472.113069064686,339.227185190694,374.386463851989,320.204962326776
"NM_001107857",193.846170423947,35.8817566403016,43.5796679136633,327.906134910194,135.168099936173,229.647921225118
"NM_001191611",4.61538501009397,9.96715462230601,3.63163899280527,43.6669082247854,19.4486474728306,23.6750434252699
"NM_181371",5656.15432987016,6414.86071491615,4840.97477740943,1784.27838885165,1662.85935892702,3118.00321910805
"NM_022522",304.615410666202,380.74530657209,374.058816258943,300.816478881855,248.942687652232,304.224308014719
"NM_001107858",1066.15393733171,837.240988273705,793.513119927952,1854.63062988047,1704.6739509936,1772.66887646709
"NM_001276477",1735.38476379533,2543.61785961249,2476.7777930932,1212.96967291071,983.129129751588,1132.25895181353
"NM_001108627",2667.69253583432,2581.49304717726,2329.69641388458,2541.57578797223,2677.59254082195,2282.86606228165
"NM_001127594",11.5384625252349,13.9540164712284,18.1581949640264,13.7469896263213,10.2105399232361,13.0212738838985
"NM_053849",12009.2317962645,10403.715994763,9850.82076798431,15895.5632402705,12839.9970615628,14625.2580759605
"NM_001109230",55.3846201211277,67.7766514316809,54.4745848920791,72.3738571503388,62.235671913058,76.3520150464955
"NM_001014056",32.3076950706578,23.9211710935344,27.2372924460396,21.4291308880891,17.5037827255476,25.4506716821652
"NM_001100852",385.384648342847,436.561372457003,515.692736978349,482.761929818461,430.301325336377,420.823896884173
"NM_001024327",588.461588786982,338.883257158404,306.873494892046,898.810527626833,527.54456270053,685.984383247196
"NM_001013427",6759.23134728262,4146.3363228793,4163.67410525125,7690.63204947818,9012.98945509653,9086.4816666186
"NM_001109231",228.461557999652,91.6978225252153,136.186462230198,205.800521170516,159.965125464032,246.220451622807
"NM_001002253",911.53853949356,984.754876683834,837.092787841616,583.034089445746,729.324280231148,655.206826794345
"NR_027235",9.23077002018795,11.9605855467672,29.0531119424422,10.5124038318928,19.9348636596514,18.3481586545842
"NM_001107859",230.769250504699,304.994931442564,341.374065323696,285.856519582623,285.89511785061,414.313259942224
"NM_173153",87.6923151917855,29.901463866918,74.4485993525081,138.27854271182,61.2632395394164,122.518349725772
"NM_001011968",90.0000076968325,63.7897895827585,58.1062238848844,73.991150047553,70.501347089011,73.3926346183368
"NM_001033923",66.9230826463626,77.7438060539869,76.2644188489108,108.358624113356,93.3535078695869,101.210810643029
"NM_001005893",784.615451715975,691.720530788037,786.249841942342,1120.78397776949,1098.36236602811,1346.51809481223
"NM_001008398",66.9230826463626,35.8817566403016,56.2904043884817,76.821412617678,61.7494557262372,83.4545280740765
"NM_001034849",39.2307725857988,33.8883257158404,27.2372924460396,35.580443738714,43.2732406270481,52.0850955355938
"NM_001024328",11.5384625252349,11.9605855467672,18.1581949640264,20.2161612151784,25.2832417146798,24.8587955965334
"NM_001039008",6221.53899360667,5404.19123621432,3898.56445877646,4644.46087757509,8282.20652630492,4801.89068273037
"NM_022935",30.0000025656108,1.9934309244612,36.3163899280527,11.3210502804999,24.3108093410383,13.0212738838985
"NM_133298",990.000084665157,1572.81699939989,2903.49537474782,548.666615379942,287.839982597893,531.50472489731
"NM_001106593",653.076978928297,649.858481374352,530.21929294957,366.316841219033,424.466731094528,307.183688442877
"NM_001126296",720.00006157466,797.372369784481,813.487134388381,633.574492483692,741.479684901667,788.378946061488
"NM_012614",41.5384650908458,5.98029277338361,30.8689314388448,38.8150295331426,33.062700703812,116.007712783823
"NM_001191749",4.61538501009397,27.9080329424568,10.8949169784158,36.3890901873212,34.5213492642743,23.6750434252699
"NM_001024329",221.538480484511,99.6715462230601,145.265559712211,300.412155657551,284.922685476968,250.955460307861
"NM_012839",886.153921938043,1369.48704510485,1247.46799402861,1073.47816052597,1458.16234427548,980.146797806175
"NM_001008313",117.692317757396,205.323385219504,221.529978561122,190.031915422677,156.075395969466,245.628575537175
"NM_001104613",3791.5387857922,4818.12254442272,5122.42679935184,5790.71721847571,4988.09186059423,5428.68745741439
"NM_012581",9.23077002018795,13.9540164712284,18.1581949640264,35.9847669630176,29.1729712092459,38.4719455660636
"NR_132646",9.23077002018795,3.9868618489224,10.8949169784158,11.7253735048035,12.6416208573399,9.47001737010797
"NM_024350",13.8461550302819,7.97372369784481,9.07909748201318,20.620484439482,25.2832417146798,27.2262999390604
"NM_001004199",4546.15423494256,6177.64243490526,5814.25402748124,4459.68516406836,4532.99350972999,4362.12675110598
"NM_001034010",36.9230800807518,25.9146020179956,39.948028920858,58.6268675240174,87.032697440917,84.63828024534
"NM_032084",466.153886019491,281.073760349029,292.346938920825,465.376031173407,514.41672565637,391.230092602586
"NM_001109235",563.076971231465,635.904464903123,526.587653956765,704.331056736816,708.416984197855,684.208754990301
"NM_001013210",120.000010262443,155.487612107974,99.870072302145,90.1640790196958,111.343506781955,113.048332355664
"NM_001109236",630.000053877827,586.068691791593,590.141336330857,820.37182211194,879.565081958764,984.289930405597
"NM_001109022",1163.07702254368,157.481043032435,259.662187985577,175.476279347749,172.120530134551,34.3288129666414
"NM_012778",546.923123696136,299.01463866918,167.055393669043,363.890901873212,724.948334549761,324.93997101183
"NM_001107289",83.0769301816915,129.573010089978,161.607935179835,99.0591899543743,85.0878326936339,98.2514302148702
"NM_001107861",865.38468939262,895.05048508308,802.592217409965,989.378929870832,1034.18182936777,757.601389608638
"NM_001107862",459.23080850435,398.68618489224,399.48028920858,559.583342436139,591.725099360871,507.237805386408
"NM_001024370",1022.30777973581,821.293540878015,795.328939424355,786.408671270441,764.331845682243,861.771580679825
"NM_001014187",207.692325454229,267.119743877801,252.398909999967,221.973450142659,225.604310684835,224.912912540064
"NM_001107863",1243.84626022033,1118.31474862273,920.620484676137,1005.55185884297,1226.72343934879,1232.87788637093
"NM_001044293",48.4615426059867,25.9146020179956,27.2372924460396,50.5404030379461,46.1905377479727,33.1450607953779
"NM_001108631",747.692371635224,580.08839901821,535.666751438778,922.665597860743,507.123482854058,493.032779331246
"NM_001100862",565.384663736512,340.876688082866,295.97857791363,391.789204350158,250.401336212694,448.642072908865
"NM_001107864",696.92313652419,759.497182219718,800.776397913563,760.531984915012,771.625088484555,725.640080984523
"NM_001106594",122.30770276749,107.645269920905,217.898339568316,266.853328040355,148.295936980333,178.746577860788
"NM_024127",2423.07713029934,2087.12217791088,2725.54506410036,672.793845241138,568.386722393475,343.880005752046
"NM_145086",6140.76975593003,7210.23965377617,7047.19546553863,4726.94281533302,4439.64000186041,4118.2738038257
"NM_012556",36558.4646649544,13623.1069377679,15445.3606364008,78863.244900411,66583.9032717961,97992.1884893635
"NM_001313735",6.92307751514096,51.8292040359912,38.1322094244554,18.1945450936606,27.2281064619629,23.0831673396382
"NM_031538",20.7692325454229,19.934309244612,30.8689314388448,47.3058172435175,72.9324280231148,67.4738737620193
"NM_001009413",2206.15403482492,2124.99736547564,2024.63873848894,1779.42651016,2082.46392815334,1805.81393726246
"NM_053438",2783.07716108667,3540.33332184309,2195.32577115079,3059.5138383051,5555.50615061406,2855.80211317318
"NM_175764",634.615438887921,631.917603054201,746.301813021484,1059.73117089965,1088.15182610487,1087.27636930552
"NM_001106596",613.846206342498,568.127813471443,713.617062086236,560.391988884746,635.970772361561,730.966965755209
"NM_001134718",1853.07708155273,1530.9549499862,1770.42400899257,1288.17379263117,1659.94206180609,1355.98811218234
"NM_139107",8882.30845192585,5782.94311186195,4917.23919625834,8170.56371672651,9275.05997979292,7184.19192739816
"NM_031756",6318.46207881865,5657.35696362089,5572.75003445969,3297.6602174199,4452.28162271775,3908.74966951206
"NM_031827",1181.53856258406,1162.17022896088,938.778679640163,1085.60785725508,1119.75587824822,1087.27636930552
"NM_134351",357.692338282283,647.865050449891,597.404614316467,454.459304117211,463.364026040189,411.945755599697
"NM_053555",143.076935312913,93.6912534496765,121.659906258977,100.676482851589,110.371074408314,132.580243181512
"NM_001007647",1936.15401173442,1943.59515134967,1545.26239143864,1416.3442547354,1846.64907754527,1728.87004613034
"NM_001013086",154.615397838148,107.645269920905,328.663328848877,197.309733460141,157.534044529928,280.549264589449
"NM_001107865",1306.15395785659,1194.06512375226,824.382051366797,916.196426271886,933.53507869587,962.982391322854
"NM_138840",9366.92387798572,8045.48721112541,7541.09836856015,9030.96353804451,8157.7351824788,8010.45094294008
"NM_145084",12193.8471966683,13222.4273219512,2533.06819748168,21533.4462799594,20938.9000854363,15181.0297203687
"NM_001128192",1239.23087521023,1219.97972577026,1163.94029719409,1139.38284608746,1165.9464159962,927.469826184949
"NM_021261",420.000035918552,1391.41478527392,2046.42857244577,496.104596220478,391.890246577537,548.077255294999
"NM_053752",8083.84684517959,7074.68635091281,6480.65978266101,6210.40472530281,6402.98096424266,7235.68514684812
"NM_001029898",447.692345979115,434.567941532542,468.48143007188,417.665890705586,501.77510479903,448.642072908865
"NM_001134554",143.076935312913,169.441628579202,123.475725755379,138.682865936124,137.112964683456,116.007712783823
"NM_001109243",452.307730989209,516.298609435451,357.716440791319,805.411862812708,825.59508522166,495.992159759405
"NM_001108634",775.384681695787,761.490613144179,739.038535035873,773.470328092726,594.156180294975,581.222316090377
"NM_012735",62.3076976362686,47.8423421870688,87.1593358273266,42.8582617761783,30.6316197697082,76.9438911321273
"NM_019272",4.61538501009397,11.9605855467672,7.26327798561055,12.1296967291071,8.26567517595301,17.7562825689524
"NM_001109407",332.307720726766,438.554803381464,412.191025683399,174.667632899142,194.000258541485,205.972877799848
"NM_001106599",934.615464544029,1074.45926828459,1360.04880280557,600.824311315103,663.685095010345,787.195193890225
"NM_001079899",4986.92350340654,5001.51818947316,5091.55786791299,3862.90408499629,3523.60870589009,3541.19462033475
"NM_001107866",57.6923126261747,47.8423421870688,47.2113069064686,54.9879585052853,60.2908071657749,59.7794846488066
"NM_001025416",55.3846201211277,41.8620494136852,39.948028920858,38.0063830845354,38.8972949456612,43.2069542511176
"NM_001007000",92.3077002018795,99.6715462230601,125.291545251782,89.7597557953922,69.5289147153694,78.7195193890225
"NM_184046",23.0769250504699,31.8948947913792,52.6587653956765,10.1080806075892,12.6416208573399,10.0618934557397
"NM_001048233",237.69232801984,219.277401690732,241.503993021551,239.763672012016,187.679448112815,218.402275598115
"NM_001106600",994.615469675251,787.405215162175,757.1967299999,863.230083888119,952.011293795059,993.759947775705
"NM_001109245",32.3076950706578,43.8554803381464,58.1062238848844,21.4291308880891,19.4486474728306,11.2456456270032
"NM_024130",1802.3078464417,2585.47990902618,2257.06363402848,1536.83257557786,1661.40071036656,1730.0537983016
"NM_031749",2033.07709694639,2204.73460245409,1892.08391525155,2327.68880231564,1982.78960985508,1992.25490423646
"NM_001108635",840.000071837103,809.332955331248,815.302953884784,623.062088651799,686.0510396041,746.947620067266
"NM_001033891",1352.30780795753,1016.64977147521,1261.99454999983,1172.53735048035,1364.80883640589,1372.56064258002
"NM_001109398",403.846188383223,452.508819852693,679.116491654586,76.4170893933744,61.2632395394164,156.255286606782
"NM_012893",41.5384650908458,17.9408783201508,34.5005704316501,32.3458579442855,59.3183747921334,16.5725303976889
"NM_138531",293.076948140967,308.981793291486,332.294967841683,292.730014395784,283.464036916506,294.754290644611
"NM_053753",2928.46178890463,2180.81343136055,2527.62073899247,4203.7485630842,5793.75208215624,7258.17643810213
"NM_001037768",452.307730989209,647.865050449891,671.853213668976,307.285650470712,247.48403909177,292.386786302084
"NM_001107868",1326.92319040202,1323.63813384224,1064.07022489195,1364.99520524885,1413.91667127479,1393.86818166277
"NM_019181",1068.46162983675,1046.55123534213,976.910889064619,1593.43782698036,1356.54316122994,1657.84491585453
"NM_001106603",3403.8464449443,4242.02100725344,4866.39625035907,2837.94471138675,2638.20902968947,2771.75570901348
"NM_001107870",436.15388345388,510.318316662068,733.591076546665,217.930217899623,282.491604542865,275.814255904395
"NM_001107871",23.0769250504699,25.9146020179956,7.26327798561055,22.2377773366963,17.5037827255476,21.3075390827429
"NM_080884",9.23077002018795,3.9868618489224,5.44745848920791,7.27781803746423,6.80702661549071,7.10251302758098
"NM_022635",152.307705333101,137.546733787823,41.7638484172606,519.151020005782,496.426726744001,368.146925262947
"NM_001173449",124.615395272537,29.901463866918,14.5265559712211,379.255184396747,379.248625720197,322.572466669303
"NM_001013926",540.000046180995,566.134382546981,463.033971582672,350.14391224689,358.827545873725,321.388714498039
"NM_001025650",833.076994321962,970.800860212605,956.93687460419,707.565642531245,833.860760397613,662.901215907558
"NM_133558",57.6923126261747,47.8423421870688,25.4214729496369,51.3490494865532,75.8497251440394,54.4525998781208
"NM_012671",410.769265898364,271.106605726723,355.900621294917,723.334248279084,527.05834651371,357.493155721576
"NM_001135085",417.692343413505,488.390576492994,521.140195467557,258.766863554284,231.925121113505,256.282345078547
"NM_145085",3235.38489207588,2689.13831709816,2580.27950438815,2719.0736834415,2125.73716878039,2268.06916014086
"NM_001106605",1056.92316731152,996.715462230601,1065.88604438835,796.921075102333,772.597520858196,661.717463736294
"NM_001107872",424.615420928646,442.541665230387,381.322094244554,480.740313696943,457.52943179834,503.686548872618
"NM_001012096",73.8461601615036,125.586148241056,108.949169784158,118.466704720946,94.3259402432285,107.721447584978
"NM_001108636",246.923098040028,336.889826233943,341.374065323696,227.633975282909,279.088091235119,210.116010399271
"NM_001100749",246.923098040028,159.474473956896,254.214729496369,286.66516603123,216.366203135241,278.181760246922
"NM_024155",1712.30783874486,1618.6659106625,2416.85574971191,898.810527626833,1061.89615201655,901.427278417152
"NM_001106606",623.076976362686,781.424922388791,942.410318632968,354.187144489926,368.55186961014,385.9032078319
"NM_001031824",43.8461575958927,47.8423421870688,85.3435163309239,108.76294733766,214.907554574778,104.170191071188
"NM_001173382",99.2307777170204,153.494181183513,179.766130143861,130.596401450053,118.150533397446,146.785269236674
"NM_001014188",482.30773355482,466.462836323921,481.192166546699,330.332074256015,320.416467114884,337.961244895728
"NM_001024331",747.692371635224,891.063623234157,599.22043381287,852.313356831922,880.051298145585,964.758019579749
"NM_001163921",20.7692325454229,17.9408783201508,27.2372924460396,8.49078771037494,9.23810754959454,14.7969021407937
"NM_001031822",3595.3849228632,5601.54089773598,5503.74889359639,3581.89944410531,3378.23006603068,3383.7555815567
"NM_022598",9332.30849041001,8613.61502459685,9365.9969624448,10805.9424927372,11199.9898634163,9566.49317206594
"NM_001025047",80.7692376766445,43.8554803381464,65.3695018704949,70.3522410288209,74.8772927703979,65.1063694194923
"NM_023950",8026.15453255342,5936.43729304546,6344.47332043081,7543.05407260737,8719.31487825678,6975.85154525578
"NM_033442",62.3076976362686,49.83577311153,34.5005704316501,46.0928475706068,43.7594568138689,88.7814128447622
"NM_147177",560.769278726418,687.733668939115,729.95943755386,442.733930612407,446.832675688283,400.108233887062
"NM_199256",18563.078510598,20861.2546244865,18443.2786249616,13164.7641833242,13814.3742999516,12725.3358410826
"NM_001005902",1061.53855232161,1098.38043937812,938.778679640163,858.782528420779,781.835628407791,1006.18934557397
"NM_138502",2259.230962441,1648.56737452941,1347.33806633076,2114.61046310766,1692.51854632308,1586.81978557872
"NM_053534",897.692384463278,739.562872975106,742.670174028679,642.873926642674,637.915637108844,622.061765998967
"NM_001107873",346.153875757048,524.272333133296,552.009126906402,556.34875664171,234.84241823443,352.758147036522
"NM_153729",6.92307751514096,7.97372369784481,5.44745848920791,2.02161612151784,3.88972949456612,4.73500868505398
"NM_001191974",156.923090343195,221.270832615193,152.528837697822,137.06557303891,144.406207485767,156.847162692413
"NM_053536",1488.46166575531,1285.76294627748,951.489416114982,959.054688048064,1465.94180326461,1023.94562814292
"NM_053322",1373.07704050296,1616.67247973803,1552.52566942425,1107.84563459178,1069.67561100568,1389.13317297771
"NM_001106610",297.692333151061,225.257694464116,203.371783597095,218.738864348231,286.381334037431,331.450607953779
"NM_001007745",332.307720726766,259.146020179956,602.852072805675,264.427388694534,280.060523608761,299.489299329665
"NM_001013431",136.153857797772,233.231418161961,339.558245827293,69.1392713559102,99.1881021114361,79.3113954746542
"NM_001106611",203.076940444135,257.152589255495,225.161617553927,138.27854271182,149.268369353975,168.684684405048
"NM_017206",445.384653474068,324.929240687176,608.299531294883,1465.67168810044,681.188877735892,842.239669853978
"NM_001134623",16.1538475353289,5.98029277338361,5.44745848920791,19.0031915422677,11.6691884836984,20.1237869114794
"NM_017323",410.769265898364,432.574510608081,414.006845179801,518.342373557175,383.624571401584,538.015361839259
"NM_001107875",473.076963534632,657.832205072197,559.272404892012,532.898009632103,589.780234613588,555.771644408212
"NM_001109250",110.769240242255,203.329954295043,147.081379208614,126.148845982713,194.486474728306,88.7814128447622
"NM_053671",1163.07702254368,1349.55273586023,1263.81036949624,1295.04728744433,1221.86127748058,1045.25316722567
"NM_057205",1329.23088290706,1221.97315669472,1361.86462230198,1035.47177744144,1127.53533723735,944.63423266827
"NM_023972",777.692374200834,1006.68261685291,907.909748201318,473.462495659479,480.867808765737,480.011505447348
"NM_001106613",3018.46179660146,2820.7047581126,2921.65356971184,2747.37630914275,2944.03901119973,2499.49270962287
"NM_001015003",1225.38472017995,1014.65634055075,938.778679640163,843.822569121547,822.677788100735,877.160358906251
"NM_001024261",535.384661170901,621.950448431895,615.562809280494,403.514577854961,445.860243314642,428.518285997386
"NM_001037363",55.3846201211277,73.7569442050645,30.8689314388448,24.2593934582141,45.7043215611519,66.2901215907558
"NM_001025048",76.1538526665505,61.7963586582973,43.5796679136633,40.4323224303568,52.5113481766427,40.2475738229589
"NM_053328",876.923151917855,1873.82506899353,1447.2081386329,1978.35353651736,6498.76555304635,2801.9413893807
"NM_001305279",10516.1547454991,15811.8940928263,6631.37280086243,12271.2098576133,20779.9073923459,13170.4266574777
"NM_001106614",1380.0001180181,1656.54109822726,1499.86690402858,1918.91802254474,1724.60881465325,1762.01510692571
"NR_132653",25.3846175555169,21.9277401690732,7.26327798561055,10.9167270561963,16.0451341650853,21.8994151683747
"NM_001106615",1663.84629613888,1724.31774965894,1641.50082474798,1453.54199137133,1531.58098848541,1553.67472478334
"NM_001025734",429.230805938739,394.699323043318,441.244137625841,445.968516406836,516.361590403653,577.079183490954
"NM_001191572",431.538498443786,532.246056831141,414.006845179801,600.015664866496,568.872938580295,556.955396579475
"NM_030870",113.076932747302,123.592717316595,141.633920719406,128.979108552838,105.022696353285,143.825888808515
"NM_001044272",923.077002018795,897.043916007541,877.040816762474,720.099662484655,684.592391043638,586.549200861062
"NM_134468",390.000033352941,233.231418161961,328.663328848877,418.07021392989,423.980514907707,424.967029483595
"NM_001170565",632.307746382874,440.548234305926,424.901762158217,606.484836455353,541.158615931512,609.632368200701
"NM_001024783",1758.4616888458,1471.15202225237,1459.91887510772,981.292465384761,862.547515420038,934.57233921253
"NM_001309463",6.92307751514096,11.9605855467672,10.8949169784158,20.620484439482,7.29324280231148,13.0212738838985
"NM_001108641",641.538516403062,512.311747586529,437.612498633036,541.793120566782,634.025907614278,644.553057252974
"NM_001008355",1776.92322888618,2071.17473051519,1721.3968825897,1658.12954286893,1604.51341650853,1728.87004613034
"NM_001004091",23.0769250504699,21.9277401690732,27.2372924460396,24.2593934582141,24.797025527859,28.4100521103239
"NM_001195476",2134.61556716846,2009.37837185689,2249.80035604287,1327.79746861292,1383.7712676919,1448.91265762652
"NM_052801",438.461575958927,474.436560021766,533.850931942375,421.304799724318,423.494298720887,425.558905569227
"NM_001001719",66.9230826463626,87.7109606762929,150.713018201419,222.377773366963,121.067830518371,180.522206117683
"NM_001109252",1176.92317757396,1303.70382459763,1147.59792172647,1054.0706457594,929.645349201303,820.932130771235
"NM_021669",4.61538501009397,5.98029277338361,5.44745848920791,1.21296967291071,4.37594568138689,2.36750434252699
"NM_001006978",1500.00012828054,2065.19443774181,2208.03650762561,1683.60190600006,1641.95206289372,1698.68436576312
"NM_001015004",320.769258201531,209.310247068426,188.845227625874,322.245609769944,346.185925016385,344.471881837677
"NM_001108642",212.307710464323,191.369368748275,185.213588633069,179.519511590784,133.70945137571,129.028986667721
"NM_012639",6039.23128570796,4903.84007417456,4813.73748496339,5777.37455207369,4969.61564549504,4579.34527453283
"NM_001008314",443.076960969021,440.548234305926,395.848650215775,324.267225891462,322.361331862167,339.144997066992
"NM_001014057",177.692322888618,285.060622197952,265.109646474785,133.830987244481,143.433775112126,100.618934557397
"NM_001107881",1479.23089573512,918.971656176614,1098.5707953236,1349.22659950101,1499.49072015524,1441.81014459894
"NM_199207",2667.69253583432,2657.24342230678,3016.07618352478,2419.87449745686,2589.5874110074,2486.47143573897
"NM_012822",4.61538501009397,13.9540164712284,16.3423754676237,13.7469896263213,15.0727017914437,16.5725303976889
"NM_001024275",159.230782848242,127.579579165517,183.397769136666,154.451471683963,178.441340563221,269.895495048077
"NM_001024334",643.846208908109,811.326386255709,711.801242589834,836.140427859779,2048.91501126271,1114.50266924458
"NM_001012745",648.461593918203,683.746807090192,579.246419352441,747.189318512995,719.599956494733,754.642009180479
"NM_022177",1901.53862415872,677.766514316809,537.482570935181,2747.37630914275,2806.92604651628,3698.04178302716
"NM_001033883",613.846206342498,328.916102536098,174.318671654653,935.199617814154,463.85024222701,1019.21061945787
"NM_001134908",373.846185817612,291.040914971335,326.847509352475,304.455387900587,341.809979334998,302.448679757823
"NM_001037286",23.0769250504699,9.96715462230601,19.974014460429,12.9383431777142,17.0175665387268,17.7562825689524
"NM_001127635",161.538475353289,257.152589255495,188.845227625874,110.784563459178,123.498911452474,151.520277921728
"NM_001100751",1165.38471504873,1473.14545317683,1309.2058569063,1161.62062342415,1147.47020089701,970.676780436067
"NM_001037979",3000.00025656108,2063.20100681734,2128.14044978389,4405.50585201168,5201.05455042173,4657.47291783623
"NM_001109430",193.846170423947,27.9080329424568,7.26327798561055,661.068471736334,1220.40262892012,359.860660064103
"NM_001271276",454.615423494256,464.46940539946,521.140195467557,495.700272996175,459.960512732444,426.150781654859
"NM_001354109",200.769247939088,219.277401690732,257.846368489174,133.426664020178,119.609181957908,179.930330032051
"NM_001191752",309.230795676296,155.487612107974,421.270123165412,200.139996030266,520.73753608504,660.533711565031
"NM_001107883",1153.84625252349,918.971656176614,873.409177769668,1951.66820371332,1539.36044747454,1617.59734203157
"NM_198745",1050.00008979638,1116.32131769827,1004.14818151066,872.125194822797,858.657785925472,916.816056643578
"NM_022684",394.615418363035,456.495681701615,444.875776618646,346.100680003855,335.002952719507,350.982518779627
"NM_133623",5460.00046694117,2322.3470269973,2511.27836352485,9263.44939201906,6992.27498266943,8244.83387285025
"NM_017335",586.153896281935,653.845343223274,359.532260287722,903.258083094172,1101.76587933585,1145.28022569743
"NM_001014058",36.9230800807518,147.513888410129,221.529978561122,124.935876309803,68.0702661549071,330.266855782515
"NM_012488",140.769242807866,368.784721025322,179.766130143861,942.881759075922,2590.55984338104,2090.50633445133
"NM_001002826",8937.69307204698,4929.75467619255,4501.41653158214,13419.0834914111,17034.5841052655,18280.6847808222
"NM_031649",27.6923100605638,13.9540164712284,12.7107364748185,81.6732913093208,52.0251319898219,106.537695413715
"NM_001107886",168.46155286843,173.428490428125,272.372924460395,192.053531544195,155.102963595824,161.582171377467
"NM_012907",343.846183252001,207.316816143965,219.714159064719,216.717248226713,223.173229750731,227.280416882591
"NM_017102",2.30769250504699,3.9868618489224,3.63163899280527,4.44755546733925,6.80702661549071,8.28626519884447
"NM_032060",55.3846201211277,43.8554803381464,72.6327798561055,83.2905842065351,63.2081042866995,105.945819328083
"NM_001029919",1421.53858310894,1612.68561788911,1200.25668712214,1400.17132576326,1462.53828995686,1267.20669933757
"NM_001109352",634.615438887921,681.753376165731,604.667892302078,832.905842065351,790.587519770564,806.727104716073
"NM_001005891",124.615395272537,91.6978225252153,110.764989280561,134.235310468785,134.195667562531,168.684684405048
"NM_001005890",94.6153927069264,87.7109606762929,103.50171129495,106.741331216142,139.057829430739,181.705958288947
"NM_001005899",23.0769250504699,13.9540164712284,54.4745848920791,20.620484439482,18.4762150991891,35.5125651379049
"NM_001130988",343.846183252001,420.613925061314,504.797819999933,551.092554725764,523.654833205964,520.850955355938
"NM_001107887",1158.46163753359,1090.40671568028,1100.38661482,1512.57318211965,1522.82909712264,1614.63796160341
"NM_001170584",3613.84646290358,2782.82957054784,2732.80834208597,4447.95979056356,4381.78027562874,3687.97988957142
"NM_001134555",16802.3091292471,10302.0510176155,12886.8709659695,28368.126063587,26555.1832594029,25235.8206630808
"NM_138900",10389.2316577215,7144.45643326895,7582.86221697741,17548.0322579992,17705.0762268913,14401.5289155917
"NM_017228",849.230841857291,1008.67604777737,884.304094748084,1349.22659950101,1093.01398797308,1245.3072841692
"NM_022922",5125.38505370936,5705.19930580796,5104.26860438781,4564.00055593868,4930.23213436256,5437.56559869887
"NM_001107888",438.461575958927,552.180366075753,515.692736978349,370.360073462069,309.233494818007,312.510573213563
"NM_001106619",3094.61564926801,3438.66834469557,3344.73951237366,2301.40779273591,1809.69664734689,2023.03246068932
"NM_001009660",196.153862928994,189.375937823814,277.820382949603,218.738864348231,206.155663212004,245.036699451544
"NM_053908",849.230841857291,767.470905917563,846.171885323629,938.838526832886,790.587519770564,987.249310833756
"NM_139325",99.2307777170204,119.605855467672,92.6067943165345,62.2657765427495,79.7394546386055,76.9438911321273
"NM_001198725",927.692387028889,653.845343223274,702.72214510782,889.106770243547,1044.392369291,989.616815176283
"NM_001013035",5166.9235188002,6026.14168464621,4675.73520323679,4547.01898051793,4151.80001926251,6507.67756152107
"NM_031975",13839.2319527668,7489.31998320074,7606.46787043065,24498.7528070018,19904.2320398817,18605.624751834
"NM_001106620",212.307710464323,215.29053984181,172.502852158251,256.745247432766,231.925121113505,374.065686119265
"NM_012705",440.769268463974,386.725599345473,290.531119424422,760.936308139316,684.592391043638,974.228036949857
"NM_212513",32.3076950706578,17.9408783201508,12.7107364748185,44.071231449089,74.3910765835771,74.5763867896003
"NM_001107889",5270.76968152732,4525.08819852693,4042.01419899227,4972.36701248529,5113.53563679399,5208.50955355938
"NM_133429",25.3846175555169,9.96715462230601,19.974014460429,16.5772521964463,20.4210798464721,11.2456456270032
"NM_001014059",117.692317757396,45.8489112626076,41.7638484172606,139.087189160428,134.681883749352,138.499004037829
"NM_001025049",41.5384650908458,35.8817566403016,52.6587653956765,41.6452921032676,53.4837805502842,34.9206890522731
"NM_001079887",780.000066705881,677.766514316809,722.696159568249,836.949074308387,850.392110749519,904.386658845311
"NM_001191785",634.615438887921,954.853412816916,1047.72784942432,574.543301735371,609.228882086419,407.802623000274
"NM_001106621",1294.61549533136,1367.49361418038,1107.64989280561,1294.64296422003,1253.95154581075,1174.28215389339
"NM_001108647",396.923110868082,530.25262590668,426.71758165462,528.04613094046,421.549433973604,564.649785692688
"NM_013090",131.538472787678,159.474473956896,139.818101223003,172.646016777624,96.7570211773323,190.584099573423
"NM_017008",387.692340847894,448.52195800377,444.875776618646,579.395180427014,552.341588228389,646.328685509869
"NM_031548",380.769263332753,346.856980856249,94.4226138129371,173.050340001927,123.498911452474,87.005784587867
"NM_001008315",5284.6158365576,5671.31098009212,3753.29889906425,4397.41938752561,3892.16057550023,3469.57761397331
"NM_001024335",9.23077002018795,11.9605855467672,5.44745848920791,11.7253735048035,11.1829722968776,15.9806543120572
"NM_013091",3290.769512197,3950.9800922821,3125.02535330894,3839.85766121099,4163.95542393303,2991.93361286849
"NM_053018",150.000012828054,213.297108917349,130.73900374099,116.040765375124,85.0878326936339,90.5570411016575
"NM_001100752",2490.0002129457,2011.37180278135,1841.24096935227,2803.57723732094,2858.9511785061,3309.1791947671
"NM_001106623",219.230787979464,255.159158331034,183.397769136666,219.951834021141,166.772152079523,223.729160368801
"NM_022267",212.307710464323,113.625562694289,165.23957417264,178.306541917874,250.401336212694,207.748506056744
"NM_001025064",90.0000076968325,115.61899361875,157.976296187029,80.4603216364101,124.957560012937,111.272704098769
"NM_001107890",560.769278726418,468.456267248382,492.087083525115,592.333523604728,664.657527383986,765.887654807482
"NR_027366",25.3846175555169,9.96715462230601,38.1322094244554,20.620484439482,21.8797284069344,20.7156629971112
"NM_031633",108.461547737208,113.625562694289,163.423754676237,317.798054302605,167.258368266343,258.649849421074
"NM_001191863",12286.1548968702,10106.6947870183,11261.7125166892,9103.33739519484,8457.73056974721,7485.45685498472
"NM_001108648",281.538485615732,297.021207744719,277.820382949603,259.979833227194,284.922685476968,294.754290644611
"NM_001085404",16.1538475353289,27.9080329424568,10.8949169784158,90.1640790196958,65.6391852208033,94.7001737010797
"NM_001085403",4.61538501009397,3.9868618489224,5.44745848920791,4.04323224303568,5.83459424184918,4.73500868505398
"NM_001048075",106.153855232161,91.6978225252153,87.1593358273266,94.611634487035,116.205668650163,98.2514302148702
"NM_001109253",117.692317757396,119.605855467672,81.7118773381187,122.509936963981,132.737019002069,99.4351823861337
"NM_001191978",131.538472787678,95.6846843741377,90.7909748201318,82.8862609822315,116.205668650163,97.0676780436067
"NM_001134716",13.8461550302819,11.9605855467672,29.0531119424422,8.08646448607137,16.531350351906,13.0212738838985
"NM_001109354",62.3076976362686,55.8160658849137,67.1853213668976,94.611634487035,88.0051298145585,107.129571499346
"NM_133306",11.5384625252349,13.9540164712284,47.2113069064686,12.9383431777142,7.29324280231148,21.8994151683747
"NM_001044294",7253.07754336268,6739.78995560332,5276.77145654606,3759.80166279888,4127.48920992148,3360.67241421707
"NM_133512",60.0000051312216,35.8817566403016,74.4485993525081,98.2505435057671,86.5464812540962,134.355871438407
"NM_001012649",13.8461550302819,7.97372369784481,7.26327798561055,12.1296967291071,6.32081042866995,13.6131499695302
"NM_001172088",11.5384625252349,55.8160658849137,9.07909748201318,12.9383431777142,14.586485604623,25.4506716821652
"NM_001009486",16.1538475353289,17.9408783201508,19.974014460429,8.89511093467851,14.1002694178022,17.1644064833207
"NM_001191105",96.9230852119734,99.6715462230601,112.580808776963,92.9943415898207,98.2156697377946,47.3500868505399
"NM_001109603",50.7692351110337,69.7700823561421,34.5005704316501,54.5836352809817,69.5289147153694,64.5144933338605
"NM_001106624",830.769301816915,835.247557349244,1211.15160410056,440.307991266586,508.582131414521,395.373225202008
"NM_080579",99.2307777170204,101.664977147521,88.9751553237292,94.2073112627315,80.2256708254263,106.537695413715
"NM_001015027",955.384697089452,952.859981892454,788.065661438744,932.369355244029,893.665351376567,822.70775902813
"NM_031762",636.923131392968,831.260695500321,668.22157467617,659.45117883912,583.459424184918,704.33254190178
"NM_001015005",1243.84626022033,1148.21621248965,1272.88946697825,1100.16349333001,1101.27966314903,1100.88951927505
"NM_001003403",85.3846226867385,151.500750259051,248.767271007161,151.216885889535,774.056169418658,146.785269236674
"NM_001108651",1566.9232109269,1375.46733787823,1100.38661482,1415.53560828679,1559.78152732102,1728.87004613034
"NM_001108652",306.923103171249,408.653339514546,330.47914834528,330.332074256015,298.050522521129,347.431262265836
"NM_012843",249.230790545075,245.192003708728,272.372924460395,277.770055096552,273.25349699327,352.16627095089
"NM_001013927",2753.07715852105,2168.85284581379,1815.81949640264,4139.46117041993,2622.65011171121,4725.53866768388
"NM_001109610",540.000046180995,544.206642377908,591.95715582726,358.230376732962,313.609440499394,342.10437749515
"NM_001173509",83.0769301816915,89.7043916007541,92.6067943165345,44.8798778976961,80.2256708254263,76.9438911321273
"NM_012862",263.076945575356,592.048984564977,404.927747697788,386.128679209908,350.561870697772,400.108233887062
"NM_001009600",360.00003078733,239.211710935344,404.927747697788,450.416071874175,431.75997389684,450.41770116576
"NM_001011969",3507.69260767142,3430.69462099773,3891.30118079085,2726.75582470327,2696.55497210796,2371.05559904078
"NM_134349",63346.1592635398,45868.8455718523,41551.3975361815,68294.2358171157,64832.5525668677,58234.0961892221
"NM_001004234",535.384661170901,436.561372457003,439.428318129438,350.14391224689,447.318891875104,382.351951318109
"NM_001012098",703.846214039331,984.754876683834,869.777538776863,695.435945802138,539.213751184229,596.01921823117
"NM_013089",1686.92322118935,2525.67698129234,1145.78210223006,2316.77207525945,2326.54445393736,1950.23170215661
"NM_017099",313.84618068639,289.047484046874,403.111928201385,186.797329628249,238.732147728996,227.872292968223
"NM_001009419",3006.92333407622,3233.34495947607,2847.20497035933,2452.62467862545,2172.41392271518,2049.66688454274
"NM_001134581",544.615431191089,536.232918680063,662.774116186962,631.957199586477,567.900506206654,673.554985448929
"NM_001107894",2790.00023860181,2748.941244832,2304.27494093495,2989.16159727628,3064.62062553128,2704.28183525146
"NM_031515",274.615408100591,251.172296482111,241.503993021551,251.48904551682,236.301066794892,174.011569175734
"NM_001191753",369.230800807518,314.96208606487,314.136772877656,393.406497247372,340.837546961357,365.187544834789
"NM_001109255",6.92307751514096,13.9540164712284,16.3423754676237,19.0031915422677,28.2005388356044,17.7562825689524
"NM_001109608",835.384686827009,679.75994524127,644.615921222936,784.791378373226,715.224010813346,737.477602697158
"NM_001107895",276.923100605638,380.74530657209,354.084801798514,245.82852037657,281.032955982402,223.729160368801
"NM_001011970",1276.15395529098,855.181866593856,809.855495395576,965.119536412618,691.399417659128,1200.32470166119
"NM_001083336",92.3077002018795,99.6715462230601,105.317530791353,128.979108552838,138.571613243918,130.804614924616
"NM_001106628",964.61546710964,1275.79579165517,1031.3854739567,775.087620989941,1042.93372073054,1040.51815854061
"NM_001109257",263.076945575356,293.034345895797,250.583090503564,312.137529162355,261.098092322751,282.324892846344
"NM_001024984",1414.6155055938,2057.22071404396,1690.52795115085,1281.30029781801,1220.40262892012,1224.59162117209
"NM_001109612",200.769247939088,223.264263539655,234.24071503594,135.852603365999,111.343506781955,113.640208441296
"NM_198772",186.923092908806,117.612424543211,96.2384333093398,162.133612945731,101.61918304554,127.845234496458
"NM_001008333",198.461555434041,227.251125388577,216.082520071914,135.043956917392,153.158098848541,119.558969297613
"NM_001106670",22396.155761481,14183.2610275415,12850.5545760415,40857.2661390999,36015.4916063746,36216.305803721
"NM_001106663",313.84618068639,358.817566403016,315.952592374059,393.810820471676,405.018083621698,358.676907892839
"NM_001100538",3210.00027452036,5204.8481437682,4946.29230820078,1804.09022684252,1670.63881791615,2111.81387353408
"NM_053885",1285.38472531117,1463.17829855452,1311.0216764027,1447.47714300678,1423.6409950112,1503.36525750464
"NM_031822",994.615469675251,1070.47240643567,842.540246330823,1362.16494267872,1163.02911887527,1325.21055572948
"NM_001109258",1116.92317244274,893.057054158618,835.276968345213,1091.26838239533,1103.71074408314,1269.5742036801
"NM_001007149",83.0769301816915,123.592717316595,90.7909748201318,71.5652107017316,65.1529690339826,77.535767217759
"NM_001013929",1246.15395272537,1740.26519705463,1327.36405187033,1221.05613739678,1103.22452789632,1100.88951927505
"NM_001009662",1647.69244860355,1066.48554458674,1056.80694690633,1994.1221422652,2108.71960224166,1729.46192221597
"NM_001171802",6.92307751514096,5.98029277338361,12.7107364748185,14.5556360749285,9.72432373641531,9.47001737010797
"NM_001024900",366.923108302471,548.193504226831,835.276968345213,595.97243262346,492.536997249435,662.901215907558
"NM_080776",71.5384676564566,43.8554803381464,61.7378628776897,92.5900183655172,103.564047792823,101.210810643029
"NM_001108657",34.6153875757048,25.9146020179956,14.5265559712211,35.9847669630176,31.117835956529,35.5125651379049
"NM_001106641",25.3846175555169,51.8292040359912,34.5005704316501,31.5372114956783,37.9248625720197,33.1450607953779
"NM_001108658",930.000079533935,903.024208780924,795.328939424355,1069.83925150724,1085.23452898395,966.533647836645
"NM_201271",30.0000025656108,7.97372369784481,32.6847509352475,29.1112721498569,13.6140532309814,50.3094672786986
"NM_001042579",55.3846201211277,59.8029277338361,88.9751553237292,27.0896560283391,23.8245931542175,23.0831673396382
"NM_001108662",32.3076950706578,27.9080329424568,87.1593358273266,81.6732913093208,40.3559435061235,60.3713607344383
"NM_001013090",237.69232801984,249.17886555765,343.189884820098,173.050340001927,215.87998694842,170.460312661943
"NM_001107932",196.153862928994,197.349661521659,208.819242086303,222.782096591266,219.769716442986,192.95160391595
"NM_001014191",1684.6155286843,1497.06662427036,1029.5696544603,1659.34251254184,1672.09746647661,1529.40780527244
"NM_019340",2238.46172989558,2057.22071404396,1610.63189330914,919.431012066315,522.682400832323,1055.31506068141
"NM_001271363",124.615395272537,107.645269920905,92.6067943165345,60.2441604212317,45.7043215611519,98.8433063005019
"NM_053936",9.23077002018795,5.98029277338361,19.974014460429,12.9383431777142,18.4762150991891,3.55125651379049
"NM_031346",858.461611877479,1050.53809719105,916.988845683332,917.8137191691,737.589955407101,798.440839517228
"NM_001025022",849.230841857291,1058.5118208889,1136.70300474805,455.267950565818,457.043215611519,266.344238534287
"NM_001039009",233.076943009746,368.784721025322,165.23957417264,297.581893087426,173.092962508192,191.767851744686
"NM_001107946",2316.92327506717,2445.93974431389,1737.73925805732,2653.16899788002,2156.36878855009,1917.08664136123
"NM_012988",1827.69246399721,2061.20757589288,1352.78552481996,1672.28085571956,1547.6261226505,1579.71727255114
"NM_001191758",50.7692351110337,83.7240988273705,90.7909748201318,86.9294932252672,80.2256708254263,65.1063694194923
"NM_130406",1670.76937365402,1540.92210460851,1668.73811719402,1201.64862263021,1258.32749149214,1135.81020832732
"NM_001107952",1234.61549020014,1401.38193989622,1129.43972676244,871.31654837419,955.901023289625,750.498876581057
"NM_024132",3595.3849228632,2673.19086970247,2721.91342510755,7791.30853232976,7193.0822678264,7502.02938538241
"NM_133609",348.461568262095,494.370869266378,533.850931942375,189.627592198374,224.631878311194,159.21466703494
"NM_031697",572.307741251653,462.475974474999,423.085942661814,540.175827669567,533.8653731292,567.017290035215
"NM_001100669",1723.8463012701,1505.04034796821,1169.3877556833,1766.08384375799,2204.01797485853,2039.604991087
"NM_130405",1010.76931721058,1311.67754829547,1252.91545251782,1061.34846379687,1105.65560883042,1002.04621297455
"NM_001271193",99.2307777170204,65.7832205072197,56.2904043884817,71.160887477428,77.3083737045017,46.1663346792764
"NM_001134956",366.923108302471,406.659908590085,390.401191726567,845.035538794458,1033.69561318095,1040.51815854061
"NM_001107986",1573.84628844204,2250.5835137167,1941.11104165442,2110.16290764032,2137.89257345091,1955.5585869273
"NM_053464",1943.07708924956,2968.21864652273,2614.7800748198,967.141152534136,1014.73318189494,794.297706917806
"NM_001108006",3113.07718930838,3251.28583779622,2643.83318676224,3897.2715590621,3094.27981292735,2887.7634217973
"NM_001007092",253.846175555169,221.270832615193,263.293826978382,378.44653794814,298.050522521129,374.657562204897
"NM_001195559",13.8461550302819,15.9474473956896,19.974014460429,19.0031915422677,27.2281064619629,13.0212738838985
"NM_175754",1204.61548763453,1259.84834425948,1899.34719323716,1640.74364422388,1560.75395969466,1689.21434839301
"NM_001024279",11.5384625252349,17.9408783201508,18.1581949640264,12.1296967291071,11.6691884836984,20.1237869114794
"NM_001007701",17838.4630640132,17087.6898844814,15496.2035823001,22405.1671515579,22550.2205285603,22580.6645429368
"NM_134378",13.8461550302819,19.934309244612,19.974014460429,32.750181168589,22.852160780576,14.205026055162
"NM_001107898",27.6923100605638,27.9080329424568,30.8689314388448,47.7101404678211,31.6040521433497,27.2262999390604
"NM_001109259",27.6923100605638,17.9408783201508,23.6056534532343,40.8366456546604,49.5940510557181,27.8181760246922
"NM_001107899",166.153860363383,125.586148241056,96.2384333093398,143.534744627767,170.175665387268,166.909056148153
"NM_001277056",1938.46170423947,2200.74774060517,1982.87489007168,2159.49034100536,2024.60420192167,1942.5373130434
"NM_001191864",533.076968665854,414.63363228793,459.402332589867,779.130853232976,660.76779788942,662.901215907558
"NM_001106633",1423.84627561399,1327.62499569116,1153.04538021567,1537.23689880217,1886.51880486457,1909.39225224802
"NM_001008772",2160.00018472398,2872.53396214859,1962.90087561125,2545.21469699096,2387.80769347678,2069.79067145422
"NM_031718",2397.69251274382,2336.30104346853,2416.85574971191,1773.36166179545,1706.61881574089,1657.25303976889
"NM_001108969",297.692333151061,161.467904881357,210.635061582706,291.112721498569,349.58943832413,285.284273274503
"NM_001276441",468.461578524538,444.535096154848,530.21929294957,191.649208319891,281.519172169223,304.224308014719
"NM_001108656",170.769245373477,177.415352277047,207.003422589901,224.39938948848,172.606746321372,175.787197432629
"NM_001107915",1077.69239985694,1251.87462056163,1142.15046323726,1085.20353403078,1233.53046596428,1074.84697150725
"NM_001106637",32.3076950706578,65.7832205072197,181.581949640264,15.3642825235356,66.6116175944449,7.69438911321273
"NM_053977",3433.84644750992,861.162159367239,1018.67473748188,2381.46379114802,191.569177607382,938.123595726321
"NM_001107916",180.000015393665,279.080329424568,328.663328848877,150.812562665231,160.451341650853,175.787197432629
"NM_001134624",16.1538475353289,9.96715462230601,18.1581949640264,6.46917158885709,4.86216186820765,3.55125651379049
"NM_001107918",330.000028221719,324.929240687176,321.400050863267,316.180761405391,302.426468202516,265.752362448655
"NM_001107919",297.692333151061,316.955516989331,321.400050863267,268.470620937569,311.17835956529,360.452536149735
"NM_001135780",126.923087777584,89.7043916007541,156.160476690627,420.900476500015,119.609181957908,216.62664734122
"NM_134331",4.61538501009397,3.9868618489224,1.81581949640264,16.1729289721427,6.80702661549071,13.0212738838985
"NM_001135754",34.6153875757048,67.7766514316809,83.5276968345213,120.08399761816,159.965125464032,94.108297615448
"NM_173322",1703.07706872468,805.346093482326,1841.24096935227,1906.78832581563,3005.78846692597,2079.85256490996
"NM_001107923",583.846203776888,454.502250777154,497.534542014322,628.318290567745,773.569953231838,664.676844164453
"NM_001106643",320.769258201531,384.732168421012,355.900621294917,304.455387900587,312.637008125752,278.181760246922
"NM_001108970",987.69239216011,982.761445759373,987.805806043034,1552.6011813257,1390.57829430739,1482.0577184219
"NM_001008879",648.461593918203,691.720530788037,579.246419352441,659.45117883912,627.218880998787,699.597533216726
"NM_017321",8176.15454538147,7628.86014791302,6237.33997014306,6427.52629675383,5554.53371824042,5810.44753264687
"NM_148889",223.846172989558,251.172296482111,230.609076043135,173.858986450534,210.531608893391,205.381001714217
"NM_001127573",1864.61554407797,1728.30461150786,1616.07935179835,2209.626420819,2238.05310793598,2242.02661237306
"NM_001109616",219.230787979464,185.389075974892,177.950310647458,164.963875515856,204.210798464721,197.686612601004
"NM_001039025",4144.61573906439,4592.86484995861,5002.58271258926,4405.91017523599,4646.28188125923,4788.27753276084
"NM_001106658",662.307748948485,727.602287428339,642.800101726533,504.595383930853,687.509688164562,548.077255294999
"NM_138871",1015.38470222067,817.306679029093,1200.25668712214,1145.44769445201,1146.98398471019,1099.70576710379
"NM_013044",73.8461601615036,99.6715462230601,187.029408129472,56.6052514024996,56.8872938580295,43.2069542511176
"NM_001025276",6673.84672459588,6658.05928770041,6284.55127704953,3145.63468508176,4814.51268189922,3481.41513568594
"NM_131911",2494.61559795579,2784.8230014723,3212.18468913626,2058.81385815377,1461.56585758322,1467.85269236674
"NM_001100535",16.1538475353289,3.9868618489224,10.8949169784158,46.9014940192139,35.0075654510951,23.6750434252699
"NM_001008317",3184.61565696484,2623.35509659094,2538.51565597089,3001.69561722969,3073.37251689406,3026.85430192076
"NM_001100710",613.846206342498,727.602287428339,680.932311150989,456.076597014425,661.254014076241,458.112090278973
"NM_001106653",332.307720726766,273.100036651185,424.901762158217,319.819670424123,281.519172169223,259.833601592337
"NM_001108666",422.307728423599,440.548234305926,673.669033165378,917.409395944797,449.749972809208,542.750370524313
"NM_001033852",450.000038484162,326.922671611637,461.21815208627,471.036556313657,370.496734357423,499.543416273195
"NM_178095",1661.53860363383,1730.29804243232,1220.23070158257,3433.5128207859,3432.20006276778,3357.12115770328
"NM_001108667",706.153906544378,946.879689119071,599.22043381287,748.806611410209,703.554822329647,751.68262875232
"NM_053492",18.4615400403759,29.901463866918,25.4214729496369,40.8366456546604,17.0175665387268,39.6556977373271
"NM_001025275",11718.4625406286,12399.1403501487,11862.7487699984,9577.60853730293,9527.89239693972,7638.16088507771
"NM_001127565",1156.15394502854,735.576011126184,597.404614316467,1622.54909913022,1632.22773915731,1314.55678618811
"NM_001305995",235.384635514793,440.548234305926,346.821523812904,388.554618555729,408.907813116264,275.814255904395
"NM_001025021",685.384673998955,893.057054158618,867.96171928046,713.226167671495,678.271580614968,659.941835479399
"NM_001106651",237.69232801984,271.106605726723,277.820382949603,236.933409441891,179.413772936862,232.607301653277
"NM_001108668",143.076935312913,123.592717316595,241.503993021551,145.960683973588,169.203233013626,190.584099573423
"NM_198747",138.461550302819,77.7438060539869,128.923184244587,924.687213982261,988.477507806616,686.576259332828
"NM_001107940",1490.76935826035,1052.53152811551,1096.75497582719,1462.43710230601,1312.29748822925,962.982391322854
"NM_173134",341.538490746954,259.146020179956,363.163899280527,425.348031967354,240.190796289458,402.475738229589
"NM_019196",720.00006157466,514.30517851099,395.848650215775,999.891333702725,773.569953231838,1021.5781238004
"NM_031566",417.692343413505,498.3577311153,250.583090503564,688.158127764674,715.224010813346,643.961181167342
"NM_001191757",53.0769276160807,41.8620494136852,65.3695018704949,54.1793120566782,54.4562129239257,79.3113954746542
"NM_001106665",706.153906544378,514.30517851099,502.98200050353,655.407946596084,561.579695777984,500.727168444459
"NM_053935",11.5384625252349,1.9934309244612,9.07909748201318,7.27781803746423,16.531350351906,7.10251302758098
"NM_017160",13661.5396298782,17570.100168201,16002.8172217964,8334.31462256946,8414.45732912017,9185.91684900473
"NM_053718",32.3076950706578,37.8751875647628,39.948028920858,45.6885243463032,76.3359413308602,59.7794846488066
"NM_001047867",387.692340847894,340.876688082866,521.140195467557,278.578701545159,267.905118938242,250.363584222229
"NM_001034154",212.307710464323,193.362799672737,241.503993021551,156.068764581177,189.138096673278,163.357799634362
"NM_001105737",609.230821332404,496.364300190839,539.298390431583,588.694614585996,597.0734774159,669.411852849507
"NM_001007001",159.230782848242,193.362799672737,203.371783597095,138.27854271182,159.478909277211,124.885854068299
"NM_001013932",1135.38471248312,833.254126424782,815.302953884784,1328.20179183722,1696.89449200447,1435.29950765699
"NM_080398",1128.46163496798,1353.53959770916,1291.04766194227,1109.05860426469,1153.30479513886,1079.58198019231
"NM_001191574",759.230834160458,881.096468611851,818.934592877589,742.337439821352,685.078607230458,677.698118048352
"NM_001108671",87.6923151917855,103.658408071982,101.685891798548,291.921367947176,337.920249840432,249.771708136598
"NM_012596",270.000023090497,588.062122716055,504.797819999933,137.469896263213,369.038085796961,208.340382142375
"NM_053466",7003.8467528176,6143.75410918942,6368.07897388405,7904.92335835907,8890.46297601769,7939.42581266427
"NM_017031",327.692335716672,205.323385219504,631.905184748118,222.782096591266,259.639443762289,111.8645801844
"NM_001106668",1654.61552611869,1806.04841756185,1120.36062928043,1546.13200973685,1561.24017588148,1115.68642141585
"NM_001024786",50.7692351110337,57.8094968093749,90.7909748201318,55.7966049538924,54.4562129239257,44.3907064223811
"NM_153621",18.4615400403759,15.9474473956896,38.1322094244554,253.106338414034,79.7394546386055,183.481586545842
"NM_001271206",3281.53874217681,3321.05592015236,2783.65128798524,4882.60725668989,4580.64269603843,4286.36661214512
"NM_001100965",23.0769250504699,3.9868618489224,18.1581949640264,19.4075147665713,3.88972949456612,18.3481586545842
"NM_053358",413.076958403411,273.100036651185,306.873494892046,625.892351221924,583.945640371739,607.264863858174
"NM_199383",1003.84623969544,910.997932478769,739.038535035873,1206.90482454615,1423.15477882438,1232.87788637093
"NM_001108973",13.8461550302819,13.9540164712284,14.5265559712211,7.27781803746423,11.6691884836984,13.0212738838985
"NM_177931",20.7692325454229,29.901463866918,50.8429458992738,24.6637166825177,7.29324280231148,7.10251302758098
"NM_001107953",690.000059009049,520.285471284374,662.774116186962,1029.40692907689,872.758055343274,1012.10810643029
"NM_001100840",1356.92319296763,1261.84177518394,1430.86576316528,1139.38284608746,1134.82858003967,1165.40401260891
"NM_001044234",4576.15423750817,4361.62686272111,4243.57016309296,2897.78454858368,3032.04414101429,3004.95488675239
"NM_001271224",560.769278726418,562.147520698059,760.828368992705,547.857968931335,576.166181382607,449.825825080129
"NM_001009424",1416.92319809885,1144.22935064073,1309.2058569063,1036.68474711435,1015.21939808176,1099.70576710379
"NM_134392",62.3076976362686,47.8423421870688,61.7378628776897,70.3522410288209,63.6943204735203,42.6150781654859
"NM_001044770",39355.3879810713,5019.45906779331,2651.09646474785,40085.0087806801,24849.5368760357,23165.438115541
"NM_001107959",849.230841857291,980.768014834911,780.802383453134,955.011455805029,995.284534422107,1114.50266924458
"NM_016999",279.230793110685,324.929240687176,468.48143007188,280.195994442373,299.509171081591,375.249438290528
"NM_001108005",1075.3847073519,1233.93374224148,1534.36747446023,1159.59900730263,1008.89858765309,977.187417378016
"NM_001107963",27.6923100605638,35.8817566403016,27.2372924460396,128.979108552838,81.1981031990678,122.518349725772
"NM_001106680",147.692320323007,149.50731933459,168.871213165445,166.176845188767,186.707015739174,192.95160391595
"NM_019249",6489.23132419213,5326.44743016033,5280.40309553887,13892.1416638463,12011.970895407,13535.0223262268
"NM_001134873",1555.38474840167,1831.96301957984,2001.03308503571,563.222251454871,579.083478503532,371.698181776738
"NM_001108676",1015.38470222067,1265.82863703286,1298.31093992789,519.151020005782,633.539691427457,457.520214193341
"NM_001135758",3791.5387857922,3404.78001897973,3261.21181553914,3748.07628929408,3315.02196174398,3390.85809458429
"NM_001113784",216.923095474417,209.310247068426,234.24071503594,226.421005609998,234.84241823443,187.624719145264
"NM_001108677",519.230813635572,667.799359694503,617.378628776897,580.203826875621,649.098609405722,548.66913138063
"NM_001025698",669.230826463626,839.234419198166,877.040816762474,758.914692017798,639.374285669306,553.996016151316
"NM_001109438",1343.07703793735,1578.79729217327,1521.65673798541,2713.41315830125,2049.88744363635,2052.03438888527
"NM_183056",1306.15395785659,1210.01257114795,1516.2092794962,702.713763839602,877.620217211481,736.885726611526
"NM_001106686",124.615395272537,117.612424543211,130.73900374099,274.131146077819,229.494040179401,212.483514741798
"NM_001108681",456.923115999303,450.515388928232,490.271264028712,421.304799724318,448.777540435566,509.013433643303
"NM_001107982",505.38465860529,524.272333133296,535.666751438778,651.769037577352,790.101303583744,691.311268017882
"NM_001106636",3249.23104710616,2852.59965290398,2696.49195215792,2586.45566586993,2395.10093627909,2319.56237959082
"NM_001108003",233.076943009746,239.211710935344,337.74242633089,210.248076637856,200.321068970155,272.262999390604
"NM_001025696",3835.38494338809,3649.97202268846,3624.37571481966,2179.70650222054,1760.10259629117,1662.57992453958
"NM_001108684",1541.53859337139,1463.17829855452,1496.23526503577,1555.83576712013,1492.68369353975,1605.75982031893
"NM_001031656",36.9230800807518,29.901463866918,87.1593358273266,17.790221869357,13.6140532309814,10.6537695413715
"NM_001134556",380.769263332753,452.508819852693,448.507415611451,328.310458134498,320.902683301705,325.531847097461
"NM_001108685",1631.53860106822,2045.26012849719,1429.04994366888,2129.9747456312,2559.92822361133,1696.90873750622
"NM_001106635",2090.76940957257,2445.93974431389,2080.92914287742,3379.33350872923,3195.41277978607,3297.9335491401
"NM_001109268",122.30770276749,145.520457485668,154.344657194224,151.621209113838,181.358637684145,154.479658349886
"NM_001107910",939.230849554123,1080.43956105797,918.804665179734,1047.60147417055,1063.84101676383,1006.7812216596
"NM_053321",138.461550302819,147.513888410129,150.713018201419,263.214419021623,269.363767498704,310.143068871036
"NM_031818",1006.15393220049,823.286971802476,955.121055107787,1007.16915174019,975.835886949276,804.359600373546
"NM_001108687",145.38462781796,157.481043032435,161.607935179835,226.825328834302,299.509171081591,307.775564528509
"NM_001025699",902.307769473372,843.221281047088,840.724426834421,975.631940244511,886.858324761076,668.819976763875
"NM_175603",69.2307751514096,81.7306679029093,76.2644188489108,86.5251700009636,63.6943204735203,64.5144933338605
"NM_017103",2060.76940700696,2117.0236417778,1897.53137374076,2006.65616221861,2115.04041267033,2007.05180637726
"NM_171994",4209.2311292057,4196.17209599083,4285.33401151022,3298.46886386851,3695.24301983782,3423.41127929403
"NM_001130098",911.53853949356,1008.67604777737,1242.0205355394,816.328589868905,945.204267179568,752.274504837952
"NM_001106693",2305.38481254194,2282.47840850808,2224.37888309323,2452.62467862545,2424.76012367516,2149.69394301451
"NM_198785",1301.5385728465,1393.40821619838,1450.83977762571,1368.63411426758,1522.82909712264,1229.32662985714
"NM_001039026",6662.30826207065,7124.52212402434,6832.92876496312,6411.75769100599,5709.15046564943,5225.6739600427
"NM_001034949",62.3076976362686,105.651838996444,81.7118773381187,101.889452524499,66.1254014076241,113.640208441296
"NM_001005903",2529.2309855315,2441.95288246497,2729.17670309316,2482.94892044821,2524.43444197341,2466.93952491313
"NM_017226",11.5384625252349,9.96715462230601,12.7107364748185,12.5340199534106,6.80702661549071,16.5725303976889
"NM_001107990",103.846162727114,71.7635132806033,105.317530791353,86.1208467766601,105.508912540106,127.253358410826
"NM_001108691",288.461563130873,277.086898500107,268.74128546759,274.131146077819,327.223493730375,355.125651379049
"NM_001191767",586.153896281935,615.970155658511,659.142477194157,547.857968931335,557.203750096597,483.562761961138
"NM_001109273",240.000020524887,175.421921352586,234.24071503594,221.164803694052,207.128095585646,242.669195109017
"NM_001014194",484.615426059867,598.029277338361,546.561668417194,482.761929818461,468.226187908397,478.827753276084
"NM_001014070",140.769242807866,145.520457485668,141.633920719406,111.188886683481,111.343506781955,129.620862753353
"NM_001077648",863.076996887573,998.708893155062,897.014831222903,1092.07702884394,1019.59534376314,1041.70191071188
"NM_001135781",900.000076968325,897.043916007541,808.039675899173,988.974606646528,932.562646322228,947.593613096429
"NM_019906",2353.84635514793,2368.19593825991,2309.72239942415,2516.10342484111,2259.4466201561,2289.3766992236
"NM_001271198",2370.00020268325,2599.43392549741,2487.67271007161,2131.59203852841,2103.37122418663,1888.67658925091
"NM_172063",1287.69241781622,1301.71039367316,897.014831222903,992.209192440957,1203.87127856822,1032.23189334177
"NM_057200",3302.30797472224,3095.79822568825,2856.28406784135,3397.93237704719,2690.72037786612,2585.90661812511
"NM_031741",140.769242807866,279.080329424568,49.0271264028712,242.189611357837,303.885116762978,580.038563919113
"NM_001106698",6186.92360603097,7726.53826321162,4327.09785992748,6835.89275330043,5867.17072636618,6280.39714463848
"NM_001127574",189.230785413853,249.17886555765,334.110787338085,202.970258600391,296.105657773846,180.522206117683
"NM_023978",117.692317757396,1042.56437349321,139.818101223003,64.691715888571,46.1905377479727,60.3713607344383
"NM_001108695",360.00003078733,318.948947913792,299.610216906435,267.661974488962,277.143226487836,324.93997101183
"NM_001137644",25.3846175555169,49.83577311153,12.7107364748185,41.6452921032676,26.7418902751421,21.8994151683747
"NM_001037650",9.23077002018795,7.97372369784481,7.26327798561055,20.2161612151784,24.3108093410383,24.8587955965334
"NM_013214",76.1538526665505,25.9146020179956,43.5796679136633,38.8150295331426,30.1454035828875,29.5938042815874
"NM_145082",588.461588786982,926.945379874459,619.194448273299,522.38560580021,590.266450800409,516.115946670884
"NM_001108697",330.000028221719,350.843842705172,310.505133884851,566.456837249299,295.619441587025,406.026994743379
"NM_022955",39.2307725857988,35.8817566403016,45.3954874100659,95.0159577113386,69.5289147153694,70.433254190178
"NM_030987",1608.46167601775,1961.53602966982,2407.7766522299,1813.79398422581,1807.26556641278,1630.02673982983
"NM_022507",383.0769558378,338.883257158404,464.849791079075,269.279267386177,291.243495905638,295.346166730242
"NM_001107999",500.769273595196,378.751875647628,372.242996762541,688.158127764674,610.201314460061,593.651713888643
"NM_001100534",8042.30838008875,12110.0928661018,10974.8130362575,5840.04465184074,6404.43961280312,6636.11467210316
"NM_181478",694.615444019143,582.081829942671,394.032830719372,869.294932252672,761.414548561318,814.421493829285
"NM_001013928",1576.15398094709,3709.7749504223,3021.52364201399,1489.52675833435,1539.36044747454,1819.42708723199
"NM_001012464",182.307707898712,179.408783201508,196.108505611485,229.655591404427,252.832417146798,230.831673396382
"NM_001106631",740.769294120083,719.628563730494,673.669033165378,959.054688048064,1110.03155451181,1028.68063682798
"NM_001012229",766.153911675599,602.016139187283,622.826087266104,741.528793372745,941.800753871823,847.566554624663
"NM_001024247",5727.69279752662,3958.95381597995,3486.37343309306,3578.26053508658,4747.41484811795,3004.95488675239
"NM_001025695",1993.8463243606,2113.03677992887,2019.19127999973,1593.84215020467,1607.91692981627,1654.29365934074
"NM_001024340",50.7692351110337,101.664977147521,94.4226138129371,79.651675187803,82.1705355727093,67.4738737620193
"NM_176857",906.923154483466,1381.44763065161,891.567372733695,1044.36688837612,941.314537685002,913.856676215419
"NM_001106632",53.0769276160807,87.7109606762929,96.2384333093398,148.38662331941,57.3735100448503,53.2688477068573
"NM_001109260",46.1538501009397,65.7832205072197,125.291545251782,211.86536953507,106.481344913748,85.8220324166035
"NM_001079699",948.461619574311,1032.5972188709,938.778679640163,632.361522810781,894.151567563388,480.011505447348
"NM_001025423",4096.1541964584,2202.74117152963,1465.36633359693,4159.67733163511,5167.50563353109,5206.73392530249
"NM_001257345",1903.84631666376,1606.70532511573,1283.78438395666,2664.49004816052,2862.35469181385,2677.64741139803
"NM_001107901",1776.92322888618,2182.80686228502,1761.34491151056,1656.91657319602,1499.49072015524,1598.65730729135
"NM_013006",4266.92344183188,2904.42885693997,2868.99480431617,5807.69879389646,5968.30369322489,6473.94062464006
"NM_001025735",528.46158365576,649.858481374352,611.931170287689,597.994048744978,720.572388868374,592.46796171738
"NM_133594",620.769283857639,990.735169457217,1084.04423935237,1071.05222118015,1023.97128944453,1012.10810643029
"NM_001107902",55.3846201211277,81.7306679029093,65.3695018704949,101.080806075892,148.782153167154,115.415836698191
"NM_001195676",57.6923126261747,35.8817566403016,19.974014460429,102.293775748803,113.288371529238,40.8394499085906
"NM_001017380",332.307720726766,402.673046741163,493.902903021517,332.353690377533,342.296195521819,367.555049177316
"NM_001107903",295.384640646014,324.929240687176,301.426036402838,237.742055890498,288.326198784714,187.624719145264
"NM_001107904",452.307730989209,526.265764057757,446.691596115049,538.558534772353,574.221316635324,489.481522817456
"NM_001007603",41.5384650908458,161.467904881357,136.186462230198,44.4755546733925,61.2632395394164,52.6769716212256
"NM_001008316",6.92307751514096,5.98029277338361,7.26327798561055,7.27781803746423,13.1278370441607,10.6537695413715
"NM_001024341",76.1538526665505,55.8160658849137,63.5536823740923,66.7133320100888,65.6391852208033,71.0251302758098
"NM_001107905",122.30770276749,145.520457485668,87.1593358273266,90.5684022439993,81.6843193858886,128.437110582089
"NM_012942",6731.53903722206,6384.95925104923,844.356065827226,1730.90772324358,4538.82810397184,1623.51610288789
"NM_181389",586.153896281935,602.016139187283,533.850931942375,679.667340054299,751.690224824903,656.390578965609
"NM_031986",2649.23099579394,3289.16102536098,3459.13614064702,1929.02610315233,2129.14068208813,2136.08079304498
"NM_001135894",55.3846201211277,73.7569442050645,72.6327798561055,72.3738571503388,93.3535078695869,57.4119803062796
"NM_001007746",120.000010262443,169.441628579202,172.502852158251,132.213694347267,129.333505694324,123.702101897035
"NM_001108655",810.000069271492,938.905965421226,987.805806043034,936.412587487065,1075.99642143435,864.139085022352
"NM_181084",1075.3847073519,753.516889446334,1271.07364748185,419.687506827104,737.589955407101,353.941899207785
"NM_001305280",355.384645777236,356.824135478555,297.794397410032,420.091830051408,334.030520345866,387.678836088795
"NM_001127564",16.1538475353289,45.8489112626076,61.7378628776897,4.85187869164282,4.86216186820765,3.55125651379049
"NM_001106639",311.538488181343,350.843842705172,328.663328848877,219.547510796838,188.165664299636,168.092808319416
"NM_057197",4820.76964304315,4020.75017463824,2765.49309302122,5681.54994791374,5556.96479917453,5033.90610829802
"NM_138873",950.769312079358,1351.54616678469,1067.70186388475,945.307698421743,1177.61560447989,986.657434748124
"NM_001191865",260.769253070309,193.362799672737,404.927747697788,231.272884301641,272.281064619629,256.282345078547
"NM_001107917",655.384671433344,691.720530788037,621.010267769702,658.642532390513,655.905636021212,708.475674501203
"NM_001031663",1084.61547737208,1140.24248879181,702.72214510782,888.702447019243,1389.11964574693,1212.75409945945
"NM_001024757",2547.69252557187,2818.71132718814,2010.11218251772,3193.74914877389,3887.29841363202,3234.6028079775
"NM_001011972",46.1538501009397,39.868618489224,58.1062238848844,23.8550702339105,36.9524301983782,17.1644064833207
"NM_013048",22710.0019421674,13304.1579898541,10464.5677577684,24996.0703728952,27531.9915787258,27925.3055961915
"NM_012960",193.846170423947,227.251125388577,265.109646474785,291.112721498569,259.639443762289,292.978662387715
"NM_001100472",1200.00010262443,1517.00093351497,1167.5719361869,1185.47569365806,1231.585601217,1138.76958875548
"NM_019187",685.384673998955,643.878188600968,655.510838201352,697.053238699352,787.184006462819,794.297706917806
"NM_001025274",1557.69244090672,1704.38344041433,1432.68158266168,2100.45915025704,1609.37557837673,2079.26068882433
"NM_198783",1110.0000949276,1287.75637720194,1171.2035751797,672.389522016834,785.725357902357,440.947683795652
"NM_001126279",1624.61552355308,2489.79522465204,1797.66130143861,1424.83504244578,1502.89423346299,1330.53744050017
"NM_080785",390.000033352941,326.922671611637,317.768411870461,487.613808510104,410.366461676726,394.189473030744
"NM_001107920",1190.76933260424,1321.64470291778,1218.41488208617,1715.13911749574,1707.59124811453,1448.32078154089
"NM_001107921",283.846178120779,424.600786910236,368.611357769735,393.002174023069,361.258626807829,345.655634008941
"NM_001126096",572.307741251653,789.398646086636,621.010267769702,410.792395892426,464.822674600652,479.419629361716
"NM_001106642",948.461619574311,1084.42642290689,1243.83635503581,754.871459774762,846.016165068132,728.00758532705
"NM_017292",55.3846201211277,35.8817566403016,74.4485993525081,51.3490494865532,61.2632395394164,52.0850955355938
"NM_001107922",387.692340847894,438.554803381464,441.244137625841,328.714781358801,272.767280806449,188.216595230896
"NM_001135711",2.30769250504699,5.98029277338361,16.3423754676237,15.7686057478392,5.83459424184918,11.2456456270032
"NM_001025282",311.538488181343,303.001500518103,357.716440791319,209.843753413552,193.514042354665,232.607301653277
"NM_001039914",611.538513837451,496.364300190839,655.510838201352,752.041197204637,838.72292226582,674.738737620193
"NM_001107924",902.307769473372,715.641701881572,666.405755179768,898.406204402529,881.023730519227,855.852819823508
"NM_001201375",23.0769250504699,7.97372369784481,14.5265559712211,10.9167270561963,7.77945898913225,7.69438911321273
"NM_001201376",30.0000025656108,47.8423421870688,27.2372924460396,30.3242418227676,15.0727017914437,26.6344238534287
"NM_001007702",186.923092908806,231.237987237499,216.082520071914,196.905410235838,199.348636596514,201.829745200426
"NM_001106645",1797.6924614316,1532.94838091066,2102.71897683425,3163.42490695112,3224.09953480849,3641.22167880651
"NM_001106646",1084.61547737208,1108.34759400043,818.934592877589,920.239658514922,1096.90371746765,1093.19513016184
"NM_022934",8575.3853487546,9863.49621423403,7377.67461388391,7857.21321789125,7850.9327685949,6102.83431894896
"NM_057195",1287.69241781622,1662.52139100064,1485.34034805736,1325.7758524914,1340.49802706485,1275.49296453642
"NM_053287",812.307761776539,827.273833651399,786.249841942342,979.270849263243,1485.87666692426,948.777365267692
"NM_019157",34.6153875757048,9.96715462230601,63.5536823740923,54.9879585052853,47.1629701216142,100.027058471765
"NM_001025410",1871.53862159311,1806.04841756185,1928.4003051796,1648.02146226135,1610.34801075037,1644.231765885
"NM_001024784",2416.15405278419,2350.25505993976,2164.45683971194,2222.56476399672,2132.54419539588,2102.34385616397
"NM_001107928",1523.07705333101,1674.48197654741,1766.79236999977,1418.77019408122,1201.44019763411,1277.86046887894
"NM_001012190",837.692379332056,990.735169457217,927.883762661747,965.928182861225,1134.82858003967,1104.44077578884
"NM_207596",401.538495878176,390.712461194396,384.953733237359,235.72043976898,264.015389443676,261.609229849233
"NM_001108971",828.461609311868,1196.05855467672,470.297249568283,828.458286598012,881.023730519227,805.543352544809
"NM_030996",5102.30812865889,2270.51782296131,3593.50678338082,8705.48334248013,6200.71503052522,8940.28827346755
"NM_139116",597.69235880717,494.370869266378,488.455444532309,822.797761457762,890.261838068821,1107.400156217
"NM_001108661",20.7692325454229,11.9605855467672,45.3954874100659,21.8334541123927,29.1729712092459,35.5125651379049
"NM_001108660",32.3076950706578,15.9474473956896,36.3163899280527,44.4755546733925,26.7418902751421,66.8819976763875
"NM_001108659",346.153875757048,430.58107968362,430.349220647425,340.844478087908,413.769974984471,414.313259942224
"NM_001008513",92.3077002018795,65.7832205072197,74.4485993525081,114.827795702213,103.077831606002,52.0850955355938
"NM_001106648",205.384632949182,207.316816143965,216.082520071914,200.139996030266,232.897553487147,220.769779940642
"NM_001013089",606.923128827357,426.594217834697,506.613639496336,1105.01537202165,1022.51264088407,1447.13702936962
"NM_053864",16758.4629716512,17037.8541113699,15668.7064344584,17265.8146474353,16302.8287441003,15280.4649027548
"NM_001108004",475.384656039679,340.876688082866,483.007986043101,666.728996876584,692.858066219591,589.508581289221
"NM_001013931",798.461606746257,837.240988273705,1209.33578460416,645.704189212799,517.820238964115,552.220387894421
"NM_031136",1834.61554151235,1618.6659106625,2652.91228424425,2214.07397628634,2250.2085126065,2936.88913690473
"NM_001031646",2210.76941983501,1903.72653286045,2008.29636302132,1602.73726113935,1677.93206071846,1821.79459157452
"NM_031578",445.384653474068,374.765013798706,452.139054604257,454.863627341515,517.334022777294,446.86644465197
"NM_001107956",20.7692325454229,15.9474473956896,18.1581949640264,28.7069489255534,19.9348636596514,20.1237869114794
"NM_001024345",23.0769250504699,3.9868618489224,10.8949169784158,7.6821412617678,9.23810754959454,12.4293977982667
"NM_001106676",133.846165292725,103.658408071982,139.818101223003,294.347307292998,219.283500256165,251.547336393493
"NM_001015016",20.7692325454229,27.9080329424568,29.0531119424422,27.4939792526427,26.7418902751421,19.5319108258477
"NM_001271322",258.461560565262,334.896395309482,301.426036402838,219.547510796838,172.606746321372,183.481586545842
"NM_001107955",1633.84629357327,1588.76444679558,1418.15502669046,1379.95516454808,1426.55829213213,1469.62832062363
"NM_001173555",57.6923126261747,51.8292040359912,61.7378628776897,66.7133320100888,44.2456730006896,46.7582107649081
"NM_053838",62.3076976362686,37.8751875647628,21.7898339568316,49.3274333650353,63.2081042866995,61.5551129057018
"NM_001013091",401.538495878176,360.810997327478,379.506274748151,403.918901079265,381.679706654301,416.680764284751
"NM_001013092",1026.92316474591,1319.65127199332,1438.12904115089,788.430287391958,696.261579527336,656.390578965609
"NM_001107954",156.923090343195,183.395645050431,148.897198705016,126.148845982713,158.50647690357,237.934186423963
"NM_031974",2808.46177864218,2603.42078734633,3023.33946151039,2671.76786619798,2521.51714485249,2494.16582485219
"NM_053765",2090.76940957257,2545.61129053696,1679.63303417244,3254.80195564373,3956.34111216057,6266.78399466895
"NM_134467",290.76925563592,275.093467575646,286.899480431617,266.449004816052,281.519172169223,294.754290644611
"NM_001107938",311.538488181343,516.298609435451,430.349220647425,259.575510002891,245.052958157666,117.783341040718
"NM_001106657",373.846185817612,426.594217834697,357.716440791319,523.194252248818,392.862678951178,536.239733582364
"NM_001113754",11436.9240550129,10782.4678704106,6582.34567445956,13077.4303668746,13845.9783520949,16271.2654701024
"NM_001107936",251.538483050122,328.916102536098,288.715299928019,188.818945749766,266.9326865646,190.584099573423
"NM_001024785",85.3846226867385,119.605855467672,132.554823237392,94.611634487035,101.61918304554,100.027058471765
"NM_001107935",763.846219170552,952.859981892454,746.301813021484,753.658490101852,879.565081958764,809.0946090586
"NM_001011975",34.6153875757048,27.9080329424568,83.5276968345213,970.780061552868,820.732923353452,3089.59316699773
"NM_001014785",1410.00012058371,1686.44256209418,1539.81493294944,1180.21949174212,1214.56803467827,910.305419701629
"NM_001106656",90.0000076968325,111.632131769827,94.4226138129371,59.4355139726246,86.0602650672755,68.6576259332828
"NM_001108663",445.384653474068,458.489112626076,461.21815208627,412.005365565336,316.040521433497,327.307475354357
"NM_133294",2.30769250504699,5.98029277338361,1.81581949640264,46.0928475706068,36.9524301983782,44.9825825080129
"NM_001025652",62.3076976362686,107.645269920905,85.3435163309239,50.5404030379461,59.8045909789541,77.535767217759
"NM_001106655",1596.92321349251,1752.2257826014,1754.08163352495,1801.2599642724,1531.58098848541,1669.09056148153
"NM_001107934",1800.00015393665,1766.17979907262,1447.2081386329,2762.74059166628,2309.04067121181,2680.60679182619
"NM_001012101",20.7692325454229,7.97372369784481,58.1062238848844,20.620484439482,4.37594568138689,3.55125651379049
"NM_001107933",807.692376766445,869.135883065084,717.248701079042,850.696063934708,948.121564300492,939.307347897584
"NM_001015028",6.92307751514096,19.934309244612,61.7378628776897,23.8550702339105,17.0175665387268,22.4912912540064
"NM_012775",1179.23087007901,1066.48554458674,1153.04538021567,1944.39038567586,1906.93988471104,1881.57407622333
"NM_001106654",3570.00030530769,3986.8618489224,3548.11129597075,2396.42375044725,2911.94874286956,2642.72672234576
"NM_145723",581.538511271841,536.232918680063,497.534542014322,495.700272996175,508.582131414521,538.015361839259
"NM_001108664",11.5384625252349,35.8817566403016,79.896057841716,18.5988683179641,13.1278370441607,15.3887782264255
"NM_001014063",1825.38477149217,285.060622197952,172.502852158251,4468.58027500304,6947.0568772951,4456.82692480706
"NM_017300",27713.0792931093,13609.1529212966,11722.9306687754,45872.4914133614,42820.0871409312,38229.2763709546
"NM_012496",57424.6202955892,41379.6391299656,28953.24187014,75862.7622528542,109936.883353483,100737.901650609
"NM_001107930",265.384638080403,334.896395309482,183.397769136666,417.665890705586,909.710485541652,544.525998781208
"NM_001108665",1310.76934286669,1337.59215031347,1042.28039093511,876.168427065833,955.901023289625,934.57233921253
"NM_001014190",9.23077002018795,13.9540164712284,27.2372924460396,16.1729289721427,18.9624312860098,28.4100521103239
"NM_001107929",780.000066705881,879.10303768739,936.962860143761,695.840269026441,742.452117275309,630.939907283444
"NM_001009422",2206.15403482492,1927.64770395398,1902.97883222996,2691.17538096455,2111.63689936258,2542.69966387399
"NM_053713",41.5384650908458,43.8554803381464,127.107364748185,95.0159577113386,105.508912540106,68.065749847651
"NM_001011973",25.3846175555169,45.8489112626076,65.3695018704949,20.620484439482,11.1829722968776,11.837521712635
"NM_080899",1054.61547480647,1200.04541652564,1819.45113539544,701.096470942388,828.998598529405,685.984383247196
"NM_001025417",18.4615400403759,39.868618489224,23.6056534532343,9.29943415898207,9.72432373641531,7.10251302758098
"NM_001106649",1017.69239472572,1267.82206795732,1307.3900374099,881.424628981779,836.778057518537,752.866380923584
"NM_053800",6756.92365477758,5920.48984564977,6291.81455503514,4834.49279299777,4403.17378784885,4261.50781654859
"NM_138863",1601.53859850261,3458.60265394019,3938.51248769732,978.462202814636,1590.41314709072,1773.26075255272
"NM_053660",1846.15400403759,1355.53302863362,1556.15730841706,1503.67807118497,1689.60124920216,1679.15245493727
"NM_031795",595.384666302122,905.017639705386,900.646470215708,329.927751031712,329.168358477658,406.026994743379
"NM_001025697",1158.46163753359,1827.97615773092,1222.04652107897,1421.19613342704,1008.89858765309,601.346103001856
"NM_001305282",450.000038484162,454.502250777154,479.376347050296,356.208760611444,388.972949456612,395.373225202008
"NM_147212",318.461565696484,55.8160658849137,5.44745848920791,258.766863554284,83.6291841331716,11.837521712635
"NM_203512",17060.7706898124,2310.38644145053,804.408036906368,67513.8919942099,47838.3244051083,20615.0440625538
"NM_147214",793.846221736163,35.8817566403016,12.7107364748185,190.840561871284,117.664317210625,117.783341040718
"NM_001003409",78.4615451715975,3.9868618489224,1.81581949640264,90.5684022439993,28.6867550224252,29.5938042815874
"NM_058209",55.3846201211277,61.7963586582973,63.5536823740923,124.531553085499,156.561612156286,75.7601389608638
"NM_001033693",293.076948140967,303.001500518103,276.004563453201,376.424921826622,291.729712092459,291.20303413082
"NM_133600",4047.69265385241,3687.84721025322,2747.33489805719,4391.35453916106,4534.93837447728,4626.69536138337
"NM_001106659",627.69236137278,655.838774147735,588.325516834454,619.423179633067,552.82780441521,507.82968147204
"NM_001011976",87.6923151917855,159.474473956896,176.134491151056,46.0928475706068,58.3459424184918,52.0850955355938
"NM_022261",210.000017959276,265.12631295334,357.716440791319,204.587551497606,192.055393794202,147.969021407937
"NM_001109511",690.000059009049,749.530027597412,483.007986043101,1831.58420609516,1417.80640076935,1788.64953077914
"NM_001024346",13.8461550302819,33.8883257158404,16.3423754676237,16.1729289721427,12.1554046705191,15.3887782264255
"NM_012899",2863.84639876331,1808.04184848631,1496.23526503577,5147.84329183303,4927.31483724164,4773.48063062005
"NM_001007652",535.384661170901,544.206642377908,519.324375971154,676.837077484174,551.369155854748,522.034707527202
"NM_012901",96660.0082663981,65085.5196836582,59526.1947310712,127602.387974085,126562.559645632,148320.003926717
"NM_001012102",180.000015393665,450.515388928232,777.170744460329,91.3770486926065,75.8497251440394,71.0251302758098
"NM_053288",261510.02236443,247871.174871204,240207.497901119,18375.2775749243,10110.8656049378,7052.79543638791
"NM_181088",92.3077002018795,45.8489112626076,94.4226138129371,172.646016777624,182.331070057787,152.112154007359
"NM_001106660",3754.61570571145,4230.06042170667,4045.64583798507,2629.71825087041,2751.01118503189,2562.82345078547
"NM_001106661",604.61543632231,526.265764057757,448.507415611451,634.383138932299,630.622394306533,902.611030588416
"NM_001012103",447.692345979115,458.489112626076,524.771834460362,287.878135704141,321.875115675347,289.427405873925
"NM_019178",66.9230826463626,45.8489112626076,56.2904043884817,112.401856356392,86.5464812540962,121.334597554508
"NM_001173433",872.307766907761,996.715462230601,679.116491654586,1215.79993548083,1106.14182501724,1232.2860102853
"NM_001206675",343.846183252001,348.85041178071,295.97857791363,265.236035143141,289.298631158355,337.369368810096
"NM_175765",480.000041049773,420.613925061314,670.037394172573,739.102854026923,438.56700051233,503.094672786986
"NM_001013212",221.538480484511,253.165727406573,201.555964100693,155.26011813257,174.551611068655,144.417764894147
"NM_001114402",27.6923100605638,9.96715462230601,10.8949169784158,68.3306249073031,52.9975643634634,42.6150781654859
"NM_053973",1299.23088034145,1345.56587401131,1456.28723611491,1052.04902963789,1456.70369571501,1041.70191071188
"NM_001007144",4520.76961738705,3829.38080588997,5868.72861237332,8055.33159779999,12900.7740849154,8463.23614844837
"NM_001107943",560.769278726418,1066.48554458674,993.253264532242,403.110254630658,730.78292879161,604.305483430015
"NM_001108669",13.8461550302819,13.9540164712284,10.8949169784158,17.3858986450534,17.5037827255476,29.0019281959557
"NM_001107944",1620.00013854298,1696.40971671648,1356.41716381277,1672.28085571956,1986.67933934965,1529.40780527244
"NM_130812",106.153855232161,89.7043916007541,234.24071503594,43.6669082247854,56.4010776712088,29.5938042815874
"NM_053866",3057.69256918726,3408.76688082866,2890.784638273,2373.37732666195,2372.73499168533,1831.26460894463
"NM_001039345",4.61538501009397,9.96715462230601,5.44745848920791,5.66052514024996,11.1829722968776,18.3481586545842
"NM_021835",2483.07713543056,3978.88812522456,4757.44708057491,2823.79339853612,9844.90535074686,1111.54328881642
"NM_001134980",133.846165292725,187.382506899353,128.923184244587,140.704482057642,135.168099936173,150.336525750464
"NM_023025",3373.84644237869,3745.6567070626,1676.00139517963,1777.40489403849,1479.06964030877,2421.36506631948
"NM_175766",3519.23107019665,1818.00900310862,1102.2024343164,4849.0484290727,4045.80489053559,4434.33563355306
"NM_001108670",586.153896281935,480.41685279515,561.088224388415,440.307991266586,480.867808765737,461.071470707132
"NM_001107947",92.3077002018795,75.7503751295257,65.3695018704949,114.42347247791,135.168099936173,121.92647364014
"NM_001015015",830.769301816915,950.866550967993,878.856636258876,986.952990525011,981.670481191125,778.908928691381
"NM_001025065",4412.30806964984,2256.56380649008,1626.97426877676,7686.99314045944,11834.9882034042,10486.2686091377
"NM_001107948",618.461591352592,556.167227924675,493.902903021517,695.840269026441,720.086172681553,632.715535540339
"NM_001033709",408.461573393317,504.338023888684,328.663328848877,352.165528368408,392.862678951178,418.456392541646
"NM_001191866",69.2307751514096,89.7043916007541,110.764989280561,67.5219784586959,70.501347089011,75.168262875232
"NM_001013213",27.6923100605638,73.7569442050645,81.7118773381187,53.370665608071,55.4286452975673,75.168262875232
"NM_017033",4103.07727397354,3390.8260025085,2760.04563453201,5671.44186730615,5933.2961277738,5683.19417423605
"NM_017135",863.076996887573,853.188435669394,528.403473453167,1642.3609371211,2171.92770652836,1499.22212490522
"NM_020099",791.538529231116,709.661409108188,650.063379712144,736.676914681102,772.597520858196,802.58397211665
"NM_001131012",1490.76935826035,1355.53302863362,1439.94486064729,1753.14550058027,1904.02258759012,1810.54894594752
"NM_001106669",373.846185817612,436.561372457003,426.71758165462,331.545043928926,396.752408445745,435.620799024967
"NM_001191759",13015.385728465,8978.41288377325,7936.94701877593,21257.2935177601,19390.7877465989,23541.8713060028
"NM_023991",1363.84627048277,1381.44763065161,675.484852661781,1607.58913983099,1491.22504497929,1635.94550068615
"NM_138905",5074.61581859832,4325.74510608081,2277.03764848891,7355.04377330621,8276.37193206307,7768.96550000233
"NM_199253",6350.76977388931,2617.37480381756,3577.16440791319,9357.25238005749,8417.37462624109,5792.69125007792
"NM_001080148",20090.7709489391,8836.87928813651,6653.16263481926,23184.7023280152,18254.014301812,11913.8737276815
"NM_001014064",244.615405534981,259.146020179956,263.293826978382,218.334541123927,183.789718618249,276.406131990026
"NM_001013214",279.230793110685,275.093467575646,270.557104963993,243.806904255052,240.190796289458,226.68854079696
"NM_001271383",16.1538475353289,11.9605855467672,30.8689314388448,8.49078771037494,9.72432373641531,5.91876085631748
"NM_001004235",1804.61553894674,1642.58708175603,1877.55735928033,1483.46190996979,1532.06720467223,1789.83328295041
"NM_001014260",242.307713029934,340.876688082866,288.715299928019,219.951834021141,240.677012476279,222.545408197537
"NM_001139465",4975.3850408813,3889.1837336238,3546.29547647435,5140.96979701987,5289.05968023629,5061.72428432271
"NM_001025653",673.84621147372,613.97672473405,662.774116186962,676.837077484174,610.201314460061,551.036635723157
"NM_021653",627.69236137278,269.113174802262,194.292686115082,481.953283369854,529.003211260993,516.707822756516
"NM_001131002",120.000010262443,155.487612107974,141.633920719406,82.0776145336244,95.29837261687,81.6788998171812
"NM_001025023",242.307713029934,352.837273629633,359.532260287722,296.773246638819,221.714581190269,207.156629971112
"NM_012930",4333.84652447824,5248.70362410634,3134.10445079095,4267.63163252417,3392.33033544848,3368.95867941591
"NM_001100536",505.38465860529,514.30517851099,497.534542014322,364.295225097515,456.070783237878,332.042484039411
"NM_001034132",680.769288988861,691.720530788037,664.589935683365,470.22790986505,557.689966283418,528.545344469151
"NM_138508",25130.7713799617,16180.6788138516,14793.4814371923,41614.9678614448,39047.5357473888,39139.5817906562
"NM_001106675",2074.61556203724,1423.3096800653,1212.96742359696,2352.75684222246,2471.92309379677,1801.67080466304
"NM_001106674",350.769260767142,368.784721025322,314.136772877656,253.510661638337,286.381334037431,220.769779940642
"NM_001106673",48.4615426059867,33.8883257158404,65.3695018704949,93.3986648141243,63.6943204735203,122.518349725772
"NM_001106672",371.538493312565,580.08839901821,513.876917481946,345.696356779551,388.486733269792,356.309403550312
"NM_001270984",2040.00017446154,1969.50975336767,2142.66700575511,850.291740710404,766.276710429526,845.790926367768
"NM_001044288",793.846221736163,922.958518025536,800.776397913563,509.042939398193,599.990774536824,367.555049177316
"NM_012993",3422.30798498468,3592.16252587909,3252.13271805712,3189.70591653085,3186.6608884233,3227.50029494992
"NR_032765",4.61538501009397,3.9868618489224,3.63163899280527,2.02161612151784,0.972432373641531,3.55125651379049
"NM_001134519",219.230787979464,338.883257158404,404.927747697788,46.4971707949104,28.2005388356044,30.1856803672192
"NM_131902",115.384625252349,85.7175297518317,105.317530791353,305.668357573498,139.54404561756,240.30169076649
"NM_001107951",9.23077002018795,5.98029277338361,12.7107364748185,16.1729289721427,29.1729712092459,27.2262999390604
"NM_001025655",4333.84652447824,4393.52175751249,4332.54531841669,4822.36309626866,4736.23187582107,4747.43808285225
"NM_001107958",69.2307751514096,77.7438060539869,88.9751553237292,90.1640790196958,115.719452463342,113.640208441296
"NM_130401",16.1538475353289,9.96715462230601,18.1581949640264,14.5556360749285,11.6691884836984,11.837521712635
"NM_031605",1421.53858310894,1702.39000948987,1401.81265122284,121.701290515374,103.564047792823,75.7601389608638
"NM_175760",2070.00017702715,502.344592964223,248.767271007161,458.90685958455,307.288630070724,220.17790385501
"NM_175837",4758.46194540689,3903.13775009503,3135.92027028735,8564.77886042249,4399.77027454111,4166.21576676187
"NM_001106677",973.846237129828,1000.70232407952,955.121055107787,955.820102253636,951.525077608238,873.60910239246
"NM_001107960",69.2307751514096,71.7635132806033,67.1853213668976,65.5003623371781,56.8872938580295,71.6170063614415
"NM_001044267",489.230811069961,621.950448431895,640.984282230131,417.261567481283,480.381592578916,489.481522817456
"NM_001134960",20.7692325454229,23.9211710935344,56.2904043884817,57.8182210754103,30.1454035828875,42.0232020798541
"NM_001106678",593.076973797076,450.515388928232,493.902903021517,459.715506033157,487.188619194407,451.009577251392
"NM_001009710",1430.76935312913,1875.81849991799,1683.26467316524,1288.57811585547,1509.21504389166,1336.45620135649
"NM_001009480",2213.07711234006,2095.09590160872,1763.16073100696,1938.32553731131,2167.55176084697,2397.09814680858
"NM_001007747",812.307761776539,1056.51838996444,1084.04423935237,694.627299353531,665.143743570807,671.187481106402
"NM_001109263",50.7692351110337,71.7635132806033,101.685891798548,17.3858986450534,23.3383769673967,35.5125651379049
"NM_022213",43.8461575958927,41.8620494136852,30.8689314388448,50.9447262622496,56.8872938580295,46.1663346792764
"NM_001035001",849.230841857291,865.149021216162,811.671314891979,636.80907827812,712.792929879242,683.025002819037
"NM_001106679",309.230795676296,348.85041178071,341.374065323696,264.427388694534,237.759715355354,211.891638656166
"NM_001034913",120.000010262443,167.448197654741,174.318671654653,215.504278553802,178.927556750042,216.034771255588
"NM_001014067",403.846188383223,460.482543550538,366.795538273333,259.171186778587,277.629442674657,321.980590583671
"NM_031000",12636.9241576373,14558.0260413402,14023.5739707176,8629.87489953537,8351.73544102029,9230.89943151274
"NM_001005543",420.000035918552,490.384007417456,581.062238848844,625.083704773317,488.161051568048,500.135292358827
"NM_001107962",636.923131392968,651.851912298813,635.536823740923,369.955750237765,471.629701216142,381.168199146846
"NM_057114",6025.38513067768,5462.00073302369,5883.25516834454,5699.7444930074,5793.26586596942,5351.74356628227
"NM_133396",154.615397838148,211.303677992887,157.976296187029,270.492237059087,295.619441587025,250.955460307861
"NM_001025656",92.3077002018795,95.6846843741377,85.3435163309239,105.528361543231,76.3359413308602,78.1276433033908
"NM_133316",101.538470222067,91.6978225252153,83.5276968345213,118.871027945249,110.371074408314,96.475801957975
"NM_001014068",4.61538501009397,7.97372369784481,16.3423754676237,8.08646448607137,16.0451341650853,5.91876085631748
"NM_019209",1493.0770507654,1233.93374224148,1231.12561856099,1455.56360749285,1387.66099718646,1528.81592918681
"NM_031706",4506.92346235676,5362.32918680063,5098.8211458986,2952.77250708896,2900.27955438587,3178.37457984249
"NM_022187",323.076950706578,434.567941532542,403.111928201385,133.426664020178,527.05834651371,78.1276433033908
"NM_001107964",1204.61548763453,647.865050449891,575.614780359636,1214.58696580792,1313.75613678971,1315.14866227374
"NM_001015006",327.692335716672,480.41685279515,446.691596115049,334.779629723355,425.92537965499,447.458320737602
"NM_001015007",196.153862928994,169.441628579202,201.555964100693,166.176845188767,129.333505694324,179.33845394642
"NM_001107965",16.1538475353289,13.9540164712284,19.974014460429,15.7686057478392,17.0175665387268,24.8587955965334
"NM_001106681",916.153924503654,817.306679029093,951.489416114982,793.282166083601,789.128871210102,809.0946090586
"NM_053818",4264.61574932683,5053.34739350915,5708.93649668989,1978.75785974166,1168.3774969303,1144.6883496118
"NM_053778",881.538536927949,843.221281047088,927.883762661747,899.61917407544,899.986161805237,793.705830832174
"NM_001107966",2427.69251530943,3542.32675276756,3544.47965697795,1777.80921726279,2360.57958701482,2505.41147047919
"NM_001044275",2734.61561848068,2095.09590160872,3068.73494892046,1031.0242219741,977.294535509738,917.40793272921
"NM_171993",290.76925563592,127.579579165517,490.271264028712,946.520668094654,463.364026040189,660.533711565031
"NM_001108673",283.846178120779,301.008069593641,266.925465971188,192.053531544195,216.366203135241,196.50286042974
"NM_001107967",1257.69241525061,1008.67604777737,813.487134388381,1486.69649576422,1141.63560665516,1357.1718643536
"NM_053545",906.923154483466,767.470905917563,690.011408633002,993.017838889564,1174.69830735897,1089.64387364805
"NM_001108674",726.923139089801,412.640201363469,515.692736978349,445.159869958229,723.97590217612,869.465969793038
"NM_001008721",1354.61550046258,1588.76444679558,1837.60933035947,697.861885147959,621.870502943759,582.997944347272
"NM_138827",288.461563130873,257.152589255495,383.137913740956,188.414622525463,143.919991298947,191.767851744686
"NM_053667",1153.84625252349,1566.8367066265,1243.83635503581,1073.07383730167,920.407241651709,996.719328203864
"NM_001107969",600.000051312216,703.681116334804,508.429458992738,521.981282575907,669.519689252194,469.949611991608
"NM_001107968",159.230782848242,179.408783201508,154.344657194224,137.06557303891,154.616747409003,177.562825689524
"NM_001107970",23.0769250504699,67.7766514316809,14.5265559712211,4.44755546733925,7.77945898913225,6.51063694194923
"NM_001039010",1700.76937621963,2184.80029320948,1202.07250661855,1208.92644066767,1500.9493687157,935.756091383794
"NM_001107971",694.615444019143,829.26726457586,838.908607338018,688.562450988977,942.286970058643,732.742594012104
"NR_144426",46.1538501009397,25.9146020179956,87.1593358273266,12.1296967291071,13.6140532309814,26.6344238534287
"NM_001107972",115.384625252349,93.6912534496765,228.793256546732,91.3770486926065,85.5740488804547,110.088951927505
"NM_001109669",265.384638080403,277.086898500107,268.74128546759,213.482662432284,217.824851695703,200.645993029163
"NM_001024347",4.61538501009397,5.98029277338361,12.7107364748185,6.46917158885709,10.2105399232361,10.0618934557397
"NM_053699",646.153901413156,641.884757676507,657.326657697755,5.25620191594639,6.32081042866995,7.10251302758098
"NM_012866",932.307772038983,928.93881079892,857.066802302045,945.307698421743,994.798318235286,942.858604411375
"NM_001107973",265.384638080403,137.546733787823,288.715299928019,229.655591404427,199.348636596514,214.259142998693
"NM_001107974",1585.38475096728,1471.15202225237,1621.52681028755,1651.66037128008,1797.05502648955,1753.72884172687
"NM_022383",3189.23104197494,3091.81136383932,3764.19381604267,2503.973728112,2762.68037351559,2732.10001127615
"NM_022502",486.923118564914,606.003001036205,562.904043884817,575.756271408281,668.061040691732,733.926346183368
"NM_001191763",13.8461550302819,25.9146020179956,30.8689314388448,15.7686057478392,29.6591873960667,19.5319108258477
"NM_001106683",482.30773355482,986.748307608295,379.506274748151,757.297399120584,5805.90748682676,1189.67093211981
"NM_001047868",309.230795676296,318.948947913792,423.085942661814,223.590743039873,239.704580102637,240.30169076649
"NM_001107977",71.5384676564566,75.7503751295257,110.764989280561,65.0960391128745,139.057829430739,147.969021407937
"NM_001291383",133.846165292725,171.435059503663,130.73900374099,131.809371122963,42.3008082534066,79.3113954746542
"NM_001030052",357.692338282283,406.659908590085,345.005704316501,343.27041743373,396.266192258924,335.001864467569
"NM_001030054",773.07698919074,751.523458521873,766.275827481913,796.921075102333,971.94615745471,674.738737620193
"NM_001048184",1476.92320323007,1606.70532511573,1648.76410273359,1327.39314538862,1451.35531765998,1351.84497958291
"NM_001271324",609.230821332404,797.372369784481,693.643047625807,662.281441409245,600.963206910466,645.736809424237
"NM_001107979",50.7692351110337,45.8489112626076,54.4745848920791,45.2842011219997,66.1254014076241,58.0038563919113
"NM_001107978",782.307759210928,936.912534496765,864.330080287655,648.534451782924,681.675093922713,531.50472489731
"NM_001100755",2496.92329046084,1933.62799672737,2246.16871705006,2428.76960839154,2006.12798682248,2352.7074403862
"NM_001109264",43.8461575958927,51.8292040359912,39.948028920858,39.2193527574461,46.1905377479727,34.9206890522731
"NM_001108678",616.153898847545,450.515388928232,562.904043884817,439.095021593675,411.825110237188,437.988303367494
"NM_175604",484.615426059867,570.121244395904,521.140195467557,367.12548766764,398.697273193028,398.332605630166
"NM_001025050",108.461547737208,99.6715462230601,156.160476690627,227.633975282909,106.967561100568,153.295906178623
"NM_001025736",1020.00008723077,1465.17172947898,1505.31436251779,747.593641737298,866.923461101425,791.930202575279
"NM_001014069",429.230805938739,482.410283719611,432.165040143828,404.323224303568,469.198620282039,435.620799024967
"NM_001077671",76.1538526665505,129.573010089978,159.792115683432,106.337007991839,136.140532309814,144.417764894147
"NM_001108976",318.461565696484,297.021207744719,290.531119424422,185.180036731034,191.569177607382,220.17790385501
"NM_001106685",32.3076950706578,29.901463866918,32.6847509352475,38.0063830845354,18.4762150991891,48.5338390218033
"NM_001029923",83.0769301816915,149.50731933459,110.764989280561,61.861453318446,80.2256708254263,84.0464041597082
"NM_001007653",976.153929634875,966.813998363683,875.224997266071,926.304506879475,990.422372553899,1032.8237694274
"NM_001108679",163.846167858336,95.6846843741377,87.1593358273266,194.88379411432,184.27593480507,197.686612601004
"NM_001162535",108.461547737208,55.8160658849137,74.4485993525081,117.253735048035,108.426209661031,155.66341052115
"NM_001009693",3484.61568262095,4309.79765868512,3742.40398208583,3487.69213284258,3544.02978573656,3542.37837250601
"NM_001108680",1017.69239472572,912.99136340323,985.989986546632,695.031622577834,662.226446449882,675.330613705825
"NM_001008376",939.230849554123,936.912534496765,935.147040647358,784.387055148923,832.40211183715,806.727104716073
"NM_001106687",53.0769276160807,63.7897895827585,156.160476690627,111.593209907785,32.5764845169913,73.3926346183368
"NM_001107981",50.7692351110337,45.8489112626076,70.8169603597028,38.0063830845354,40.3559435061235,53.2688477068573
"NM_017284",2466.92328789523,2699.10547172047,2364.19698431623,1878.89002333868,2086.83987383473,1827.12147634521
"NM_053543",574.6154337567,795.37893886002,847.987704820031,372.78601280789,369.524301983782,372.881933948001
"NM_001159655",3362.30797985346,3319.0624892279,2997.91798856075,2381.05946792371,2162.20338279194,2391.77126203789
"NM_001107983",311.538488181343,336.889826233943,392.21701122297,308.498620143623,353.965384005517,382.351951318109
"NM_001025271",1855.38477405778,2571.52589255495,2062.7709479134,2203.96589567875,1826.71421388562,1585.04415732182
"NM_001271137",27.6923100605638,7.97372369784481,36.3163899280527,14.1513128506249,9.72432373641531,24.8587955965334
"NM_021654",73.8461601615036,85.7175297518317,79.896057841716,85.7165235523565,121.554046705191,117.191464955086
"NM_001276483",486.923118564914,432.574510608081,483.007986043101,366.721164443337,368.065653423319,428.518285997386
"NM_001108682",4.61538501009397,5.98029277338361,14.5265559712211,29.5155953741605,16.531350351906,36.6963173091684
"NM_001013169",1137.69240498816,1022.6300642486,1434.49740215808,969.162768655654,1097.38993365447,928.653578356213
"NM_001191612",279.230793110685,205.323385219504,208.819242086303,256.340924208462,271.308632245987,292.978662387715
"NM_138524",20.7692325454229,27.9080329424568,59.922043381287,26.281009579732,19.9348636596514,29.5938042815874
"NM_030986",57.6923126261747,31.8948947913792,30.8689314388448,25.4723631311248,23.3383769673967,34.3288129666414
"NM_001033967",2298.4617350268,2384.1433856556,1810.37203791343,2763.95356133919,3025.2371143988,2830.35144149102
"NM_001270981",85.3846226867385,51.8292040359912,32.6847509352475,28.3026257012498,36.9524301983782,20.7156629971112
"NM_001134628",339.230798241907,334.896395309482,346.821523812904,426.561001640265,365.634572489216,419.640144712909
"NM_001107912",242.307713029934,384.732168421012,355.900621294917,288.282458928444,305.343765323441,281.14114067508
"NM_001108683",11.5384625252349,27.9080329424568,12.7107364748185,31.9415347199819,22.3659445937552,21.3075390827429
"NM_001134629",1195.38471761434,1784.12067739278,2255.24781453207,629.531260240656,644.722663724335,635.674915968498
"NM_001109265",43.8461575958927,35.8817566403016,50.8429458992738,33.5588276171962,6.80702661549071,8.87814128447622
"NM_001107913",46.1538501009397,81.7306679029093,72.6327798561055,40.4323224303568,31.117835956529,32.5531847097461
"NM_001025409",390.000033352941,556.167227924675,619.194448273299,758.510368793494,720.572388868374,769.438911321273
"NM_001109266",4.61538501009397,3.9868618489224,9.07909748201318,8.08646448607137,9.23810754959454,8.28626519884447
"NM_030862",514.615428625478,263.132882028879,390.401191726567,602.441604212317,791.073735957385,875.976606734987
"NM_001100709",62.3076976362686,75.7503751295257,76.2644188489108,78.0343822905887,91.4086431223039,70.433254190178
"NM_001014192",380.769263332753,318.948947913792,321.400050863267,367.12548766764,458.988080358803,480.011505447348
"NM_001015029",613.846206342498,791.392077011097,677.300672158183,629.93558346496,704.041038516468,571.160422634637
"NM_001302967",87.6923151917855,57.8094968093749,70.8169603597028,140.300158833338,105.995128726927,147.377145322305
"NM_001007651",1488.46166575531,1556.8695520042,1594.28951784152,1185.07137043376,1167.40506455666,1241.16415156978
"NM_053582",692.307751514096,695.707392636959,542.930029424388,475.484111780996,575.193749008965,638.634296396656
"NM_024162",25.3846175555169,5.98029277338361,18.1581949640264,31.5372114956783,33.062700703812,34.9206890522731
"NM_001109267",701.538521534284,905.017639705386,744.485993525081,595.97243262346,634.512123801099,578.262935662218
"NM_053893",1352.30780795753,907.011070629847,1073.14932237396,1830.37123642225,1889.92231817231,2276.3554253397
"NM_053538",380.769263332753,412.640201363469,439.428318129438,570.095746268031,626.246448625146,656.98245505124
"NM_017209",1033.84624226105,769.464336842024,584.693877841649,873.742487720011,897.555080871133,888.406004533254
"NM_001191575",80.7692376766445,93.6912534496765,61.7378628776897,60.6484836455353,63.2081042866995,49.1257151074351
"NM_001047099",740.769294120083,1046.55123534213,706.353784100626,851.100387159012,959.790752784191,862.363456765457
"NM_031107",1066.15393733171,843.221281047088,918.804665179734,1100.97213977862,1226.72343934879,1293.841123191
"NM_001270959",330.000028221719,380.74530657209,444.875776618646,277.770055096552,274.225929366912,262.201105934864
"NM_001039339",216.923095474417,279.080329424568,617.378628776897,340.035831639301,283.950253103327,388.270712174427
"NM_001010966",334.615413231813,312.968655140409,283.267841438811,281.00464089098,133.22323518889,243.85294728028
"NM_017271",2958.46179147024,3195.46977191131,3430.08302870458,2112.58884698615,2004.66933826202,1905.2491196486
"NM_057133",438.461575958927,863.1555902917,359.532260287722,426.561001640265,1122.18695918233,808.502732972968
"NM_001004268",193.846170423947,137.546733787823,177.950310647458,248.658782946695,300.967819642054,295.938042815874
"NM_012652",630.000053877827,580.08839901821,628.273545755312,754.062813326155,667.574824504911,795.48145908907
"NM_001107908",2074.61556203724,1457.19800578114,1401.81265122284,2983.09674891173,3099.14197479556,2948.72665861737
"NM_001113780",477.692348544726,348.85041178071,406.743567194191,449.203102201265,340.837546961357,391.821968688217
"NM_001107909",117.692317757396,175.421921352586,377.690455251748,23.450747009607,21.3935122201137,18.3481586545842
"NM_001025651",2.30769250504699,5.98029277338361,5.44745848920791,8.89511093467851,11.1829722968776,5.32688477068573
"NM_001013167",214.61540296937,314.96208606487,390.401191726567,268.066297713266,240.190796289458,249.771708136598
"NM_024145",152.307705333101,127.579579165517,214.266700575511,247.445813273784,318.957818554422,289.427405873925
"NM_022939",962.307774604593,1066.48554458674,1024.12219597109,1059.73117089965,970.487508894248,988.433063005019
"NM_001108686",263.076945575356,370.778151949784,323.215870359669,327.906134910194,421.063217786783,345.655634008941
"NM_001012099",770.769296685693,540.219780528986,419.454303669009,788.430287391958,734.672658286176,816.788998171812
"NM_001025737",53.0769276160807,45.8489112626076,54.4745848920791,9.70375738328564,20.4210798464721,34.9206890522731
"NM_021582",191.5384779189,205.323385219504,310.505133884851,255.532277759855,157.534044529928,197.686612601004
"NM_001107911",445.384653474068,504.338023888684,437.612498633036,394.619466920283,436.135919578226,393.005720859481
"NM_001271480",16.1538475353289,35.8817566403016,74.4485993525081,46.4971707949104,74.8772927703979,101.210810643029
"NM_012915",750.000064140271,1249.88118963717,1365.49626129478,516.320757435657,440.511865259613,479.419629361716
"NM_001013168",893.076999453184,1012.66290962629,1047.72784942432,724.142894727691,793.504816891489,720.313196213838
"NM_001109358",113.076932747302,127.579579165517,201.555964100693,132.61801757157,257.694579015006,139.682756209093
"NM_001011978",3567.69261280264,4465.28527079309,3232.15870359669,1463.24574875461,1803.86205310504,1308.04614924616
"NM_001025624",396.923110868082,829.26726457586,813.487134388381,894.362972159493,1042.93372073054,869.465969793038
"NM_001106688",302.307718161155,364.7978591764,488.455444532309,317.393731078301,349.58943832413,436.80455119623
"NM_001080151",528.46158365576,627.930741205279,564.71986338122,661.472794960638,582.973207998098,639.226172482288
"NM_001109270",13.8461550302819,13.9540164712284,25.4214729496369,17.790221869357,12.6416208573399,29.5938042815874
"NM_001106689",256.153868060215,295.027776820258,281.452021942409,135.852603365999,127.388640947041,149.152773579201
"NM_001107984",433.846190948833,442.541665230387,354.084801798514,485.187869164282,448.291324248746,420.823896884173
"NM_001107985",932.307772038983,318.948947913792,321.400050863267,2054.36630268643,1702.72908624632,2047.29938020022
"NM_177932",152.307705333101,169.441628579202,136.186462230198,71.5652107017316,76.3359413308602,57.4119803062796
"NM_017166",249.230790545075,233.231418161961,470.297249568283,881.828952206083,453.639702303774,535.0559814111
"NM_001013935",2275.38480997633,2152.9053984181,1913.87374920838,2706.94398671239,2628.97092213988,2524.94338130504
"NM_001034081",463.846193514444,334.896395309482,328.663328848877,1967.84113268547,1868.5288059522,1824.75397200268
"NM_001109271",902.307769473372,709.661409108188,582.878058345246,933.986648141243,997.71561535621,935.756091383794
"NM_133417",1243.84626022033,1138.24905786735,1303.75839841709,1110.6758971619,1073.56534050025,1094.3788823331
"NM_001127525",1497.69243577549,1221.97315669472,1441.76068014369,1290.19540875269,1258.81370767896,1284.96298190653
"NM_022505",6.92307751514096,19.934309244612,1.81581949640264,22.6421005609998,19.4486474728306,31.9613086241144
"NM_001014193",3904.6157185395,3855.29540790796,2716.46596661834,5678.31536211932,5150.97428317919,6711.87481106402
"NM_130425",6.92307751514096,7.97372369784481,23.6056534532343,9.29943415898207,16.0451341650853,17.1644064833207
"NM_001012746",60.0000051312216,95.6846843741377,85.3435163309239,42.8582617761783,49.1078348688973,41.4313259942224
"NM_001106690",9.23077002018795,5.98029277338361,7.26327798561055,25.4723631311248,34.5213492642743,26.0425477677969
"NM_001025738",336.92310573686,494.370869266378,481.192166546699,418.474537154193,461.905377479727,376.433190461792
"NM_001103360",1800.00015393665,1548.89582830635,1510.76182100699,1583.32974637277,1507.75639533119,1722.35940918839
"NM_031342",1573.84628844204,1389.42135434946,1421.78666568326,1559.47467613886,1510.1874762653,1590.96291817814
"NM_012562",2547.69252557187,1957.5491678209,2035.53365546736,2366.90815507309,2131.57176302224,2732.10001127615
"NM_024386",4560.00038997285,3773.56474000506,3313.87058093481,3848.34844892136,4040.45651248056,4156.74574939177
"NM_080783",540.000046180995,350.843842705172,546.561668417194,453.650657668604,550.882939667927,449.825825080129
"NM_001025739",5323.8466091434,9612.32391775192,9019.1754386319,4476.26241626481,4443.04351516815,5150.50569716747
"NM_001015008",657.692363938391,211.303677992887,314.136772877656,790.047580289173,843.585084134028,665.860596335717
"NM_013058",895.384691958231,464.46940539946,956.93687460419,1344.77904403367,832.40211183715,1351.25310349728
"NM_001106691",648.461593918203,1164.16365988534,740.854354532276,611.336715146996,663.685095010345,610.224244286332
"NR_036617",18.4615400403759,9.96715462230601,10.8949169784158,6.06484836455353,2.91729712092459,8.28626519884447
"NM_030830",745.384679130177,759.497182219718,697.274686618613,899.61917407544,1015.21939808176,793.705830832174
"NM_001008515",1398.46165805847,1231.94031131702,1133.07136575525,1903.9580632455,2068.84987492236,2449.77511842981
"NM_019262",1190.76933260424,1070.47240643567,1258.36291100703,1612.44101852263,1713.9120585432,2053.21814105653
"NM_001008524",1287.69241781622,1058.5118208889,1071.33350287756,1690.47540081322,1840.3282671166,2392.95501420916
"NM_001191871",332.307720726766,303.001500518103,276.004563453201,285.856519582623,282.491604542865,253.322964650388
"NM_053402",23.0769250504699,15.9474473956896,19.974014460429,24.2593934582141,36.9524301983782,45.5744585936446
"NM_001100713",55.3846201211277,23.9211710935344,29.0531119424422,55.7966049538924,99.6743182982569,43.2069542511176
"NM_013059",814.615454281586,1630.62649620926,1033.2012934531,323.862902667158,347.644573576847,243.85294728028
"NM_053596",3205.38488951026,2338.29447439299,2177.16757618676,3625.16202910579,3523.12248970327,3286.09602742747
"NM_199108",1996.15401686564,2051.24042127058,1999.2172655393,2751.82386461009,2728.15902425131,2775.30696552727
"NM_001106694",1433.07704563418,1010.66947870183,900.646470215708,1269.1706010889,1463.02450614368,1567.8797508385
"NM_001012104",5898.4620429001,6827.50091627962,6139.28571733731,3779.20917756545,3671.4184266836,4166.21576676187
"NM_173337",138.461550302819,85.7175297518317,92.6067943165345,147.173653646499,158.50647690357,142.05026055162
"NM_001106695",641.538516403062,707.667978183727,497.534542014322,679.263016829995,791.559952144206,740.436983125317
"NM_031598",16.1538475353289,5.98029277338361,27.2372924460396,32.3458579442855,20.4210798464721,50.9013433643303
"NM_001013428",20.7692325454229,79.7372369784481,36.3163899280527,41.240968878964,17.5037827255476,66.2901215907558
"NM_001191983",120.000010262443,149.50731933459,116.212447769769,116.040765375124,87.5189136277378,110.088951927505
"NM_001173556",1264.61549276575,1287.75637720194,1013.22727899267,942.073112627314,1053.14426065378,1125.15643878595
"NM_134407",5303.07737659797,4130.38887548361,3168.6050212226,4505.37368841466,4690.52755425992,4188.11518193025
"NM_001108689",233.076943009746,231.237987237499,226.97743705033,158.494703926999,121.554046705191,153.295906178623
"NM_001108690",2026.15401943125,2007.38494093243,1730.47598007171,1878.08137689008,1638.06233339916,1782.73076992283
"NM_001106697",821.538531796727,1100.37387030258,996.884903525048,530.067747061978,501.288888612209,520.850955355938
"NM_013215",44813.0807555074,43185.6875475275,61129.5633463948,10100.8027895517,4191.183530395,2720.26248956351
"NM_001134698",9230.77002018795,5651.37667084751,4543.1803799994,12553.8317914015,16859.0600618232,17965.8067032661
"NM_001134703",267.69233058545,362.804428251939,383.137913740956,311.733205938051,598.532125976362,390.638216516954
"NM_001107989",6.92307751514096,1.9934309244612,3.63163899280527,15.3642825235356,13.6140532309814,23.6750434252699
"NM_001100539",3920.76956607483,3283.1807325876,3188.57903568303,3488.09645606688,4270.9229850336,4438.47876615248
"NM_001173432",916.153924503654,645.871619525429,866.145899784058,657.833885941906,526.085914140068,701.373161473622
"NM_199096",777.692374200834,701.687685410343,631.905184748118,543.8147366883,615.549692515089,610.816120371964
"NM_001108692",2076.92325454229,468.456267248382,951.489416114982,3821.66311611733,3957.31354453421,3766.69940896044
"NM_001108977",420.000035918552,524.272333133296,673.669033165378,464.971707949104,1017.16426282904,586.549200861062
"NM_001271495",1045.38470478628,1204.03227837457,991.43744503584,1520.65964660572,1433.36531874762,1419.31885334493
"NM_001012105",302.307718161155,293.034345895797,341.374065323696,307.689973695016,362.717275368291,408.986375171538
"NM_001013936",11.5384625252349,45.8489112626076,10.8949169784158,14.959959299232,13.6140532309814,15.3887782264255
"NM_001048185",3304.61566722728,2673.19086970247,2040.98111395656,3539.84982877774,3965.09300352334,4007.00109972693
"NM_001034149",3756.92339821649,4774.26706408458,2647.46482575504,4468.17595177873,4559.24918381832,4334.30857508129
"NM_001031648",948.461619574311,932.925672647842,1211.15160410056,1058.11387800244,1021.05399232361,928.061702270581
"NM_012553",9.23077002018795,11.9605855467672,16.3423754676237,8.89511093467851,12.6416208573399,15.9806543120572
"NM_031632",330.000028221719,356.824135478555,361.348079784125,272.513853180605,310.205927191648,320.204962326776
"NM_001135782",92.3077002018795,75.7503751295257,65.3695018704949,64.2873926642674,75.3635089572186,54.4525998781208
"NM_001037199",3678.4618530449,2402.08426397575,1418.15502669046,4711.98285603379,4341.91054830943,4091.04750388664
"NM_130426",902.307769473372,566.134382546981,780.802383453134,1488.31378866144,1550.54341977142,1529.99968135807
"NM_001017450",447.692345979115,318.948947913792,453.954874100659,426.561001640265,315.068089059856,449.233948994497
"NM_053827",2388.46174272363,1752.2257826014,2208.03650762561,1673.49382539247,1635.14503627823,1609.31107683272
"NM_130894",3720.00031813574,3966.92753967779,3557.19039345277,3572.19568672203,3795.88977050972,3645.36481140594
"NM_001106479",690.000059009049,380.74530657209,404.927747697788,704.73537996112,447.805108061925,683.025002819037
"NM_138917",828.461609311868,861.162159367239,844.356065827226,528.450454164764,584.43185655856,453.377081593919
"NM_001191576",177.692322888618,139.540164712284,154.344657194224,106.337007991839,123.985127639295,95.2920497867114
"NM_001007654",424.615420928646,504.338023888684,428.533401151022,318.202377526908,316.526737620318,411.945755599697
"NM_001012106",491.538503575008,442.541665230387,515.692736978349,336.801245844873,350.075654510951,274.630503733131
"NM_001107993",620.769283857639,606.003001036205,626.45772625891,442.733930612407,424.952947281349,458.112090278973
"NM_172043",8171.53916037138,5334.42115385818,4561.33857496342,8503.32173032835,8099.87545624713,9041.49908411058
"NM_001011979",2589.23099066272,2992.13981761626,2957.9699596399,3136.33525092278,2653.28173148092,2930.97037604842
"NM_053679",436.15388345388,470.449698172844,428.533401151022,401.08863850914,459.960512732444,375.249438290528
"NM_001204879",62.3076976362686,69.7700823561421,63.5536823740923,92.1856951412136,71.4737794626525,94.108297615448
"NM_001305435",7555.38526152383,5119.13061401637,6271.84054057471,3414.10530601933,4680.80323052351,4501.80950731508
"NM_001037556",890.769306948137,773.451198690946,780.802383453134,728.186126970727,793.99103307831,763.520150464955
"NM_001013241",355.384645777236,444.535096154848,379.506274748151,390.980557901551,351.048086884593,454.560833765183
"NM_001173388",203.076940444135,137.546733787823,190.661047122277,247.445813273784,214.907554574778,221.953532111906
"NM_001108978",270.000023090497,237.218280010883,297.794397410032,323.054256218551,334.030520345866,396.556977373271
"NR_144446",73.8461601615036,1062.49868273782,993.253264532242,829.671256270922,724.46211836294,919.183560986105
"NM_001107994",48.4615426059867,69.7700823561421,76.2644188489108,19.8118379908749,24.3108093410383,11.2456456270032
"NM_001012107",55.3846201211277,31.8948947913792,36.3163899280527,62.6700997670531,83.1429679463509,75.7601389608638
"NM_001134841",131.538472787678,171.435059503663,132.554823237392,89.7597557953922,74.3910765835771,195.319108258477
"NM_012554",297.692333151061,71.7635132806033,52.6587653956765,13.7469896263213,13.6140532309814,28.4100521103239
"NM_001014071",27392.3100349077,17225.2366182692,13464.3015658256,30222.3523702431,66748.7305591283,33900.294680644
"NM_057143",4.61538501009397,11.9605855467672,14.5265559712211,13.3426664020178,15.0727017914437,21.3075390827429
"NM_001277253",131.538472787678,87.7109606762929,72.6327798561055,46.4971707949104,54.9424291107465,37.2881933948001
"NM_001025773",330.000028221719,324.929240687176,423.085942661814,306.881327246408,304.371332949799,480.603381532979
"NM_057097",955.384697089452,954.853412816916,891.567372733695,842.609599448637,920.407241651709,962.982391322854
"NM_001195560",32.3076950706578,9.96715462230601,14.5265559712211,10.9167270561963,15.0727017914437,14.205026055162
"NM_001108694",1456.15397068465,1907.71339470937,1541.63075244584,1207.71347099476,1238.87884401931,1022.76187597166
"NM_201272",583.846203776888,691.720530788037,457.586513093464,676.837077484174,515.875374216832,500.727168444459
"NM_053305",80.7692376766445,73.7569442050645,79.896057841716,186.393006403945,314.581872873035,275.222379818763
"NM_001013216",267.69233058545,231.237987237499,250.583090503564,275.34411575073,275.198361740553,296.529918901506
"NM_001107996",699.230829029237,982.761445759373,975.095069568216,546.240676034121,538.241318810587,506.645929300776
"NM_001107995",221.538480484511,223.264263539655,241.503993021551,371.977366359283,327.223493730375,412.537631685328
"NM_133310",581.538511271841,584.075260867132,611.931170287689,535.728272202228,499.344023864926,480.011505447348
"NM_001034855",30.0000025656108,47.8423421870688,34.5005704316501,50.5404030379461,41.8145920665858,60.9632368200701
"NM_031104",597.69235880717,669.792790618964,597.404614316467,284.643549909712,303.398900576158,378.800694804319
"NM_017304",20.7692325454229,7.97372369784481,14.5265559712211,26.6853328040355,17.9899989123683,32.5531847097461
"NM_053362",156.923090343195,199.34309244612,143.449740215808,141.108805281945,161.423774024494,159.21466703494
"NM_001009711",842.30776434215,751.523458521873,755.380910503497,714.034814120102,822.677788100735,687.760011504091
"NM_001135666",678.461596483814,767.470905917563,737.222715539471,692.605683232013,714.737794626525,813.237741658022
"NM_001163723",175.384630383571,103.658408071982,78.0802383453134,96.6332506085529,122.040262892012,170.460312661943
"NM_001014262",87.6923151917855,65.7832205072197,63.5536823740923,77.2257358419816,83.6291841331716,63.9226172482288
"NM_133531",489.230811069961,456.495681701615,486.639625035907,494.082980098961,511.499428535445,561.098529178897
"NM_001015034",57.6923126261747,53.8226349604525,98.0542528057424,41.240968878964,68.0702661549071,83.4545280740765
"NM_001039012",3161.53873191437,2860.57337660182,3368.34516582689,2492.6526778315,2436.42931215886,2436.75384454591
"NM_001109405",403.846188383223,440.548234305926,386.769552733762,348.93094257398,396.266192258924,414.905136027855
"NM_001005544",30.0000025656108,67.7766514316809,36.3163899280527,29.9199185984641,25.7694579015006,43.7988303367494
"NM_001108698",279.230793110685,330.909533460559,406.743567194191,84.5035538794458,65.1529690339826,88.1895367591305
"NM_145766",1220.76933516986,1576.80386124881,1596.10533733792,1356.90874076278,1318.13208247109,1210.97847120256
"NM_001109678",9641.53928608631,9664.15312178791,7769.89162510688,8764.11021000415,9332.43348983777,9258.71760753744
"NM_053606",73.8461601615036,21.9277401690732,58.1062238848844,48.1144636921246,39.383511132482,78.7195193890225
"NM_001107998",1056.92316731152,1200.04541652564,713.617062086236,1745.4633593185,1542.76396078229,1587.41166166435
"NM_019383",3316.15412975252,4343.68598440096,4121.91025683399,4058.59652555922,4540.28675253231,4585.26403538915
"NR_132632",25.3846175555169,23.9211710935344,25.4214729496369,26.281009579732,14.586485604623,23.6750434252699
"NM_001005901",724.615446584754,731.589149277261,797.144758920758,626.296674446227,706.958335637393,671.187481106402
"NM_001025657",1571.538595937,1570.82356847543,1588.84205935231,1052.85767608649,1295.76613787734,1178.42528649281
"NM_001034922",1740.00014880543,1953.56230597198,1864.84662280551,1242.88959150917,1534.01206941951,1271.349831937
"NM_031820",3851.53879092342,3614.09026604816,3003.36544704996,4344.04872191754,4341.42433212261,4346.14609679393
"NM_001109426",23.0769250504699,9.96715462230601,14.5265559712211,14.5556360749285,10.2105399232361,22.4912912540064
"NM_001013938",41.5384650908458,51.8292040359912,58.1062238848844,57.4138978511067,48.6216186820765,35.5125651379049
"NM_001033892",609.230821332404,637.897895827585,606.483711798481,469.419263416443,478.922944018454,561.690405264529
"NM_001108699",410.769265898364,342.870119007327,415.822664676204,195.692440562927,212.476473640674,282.916768931976
"NM_130818",6.92307751514096,5.98029277338361,9.07909748201318,6.46917158885709,9.23810754959454,10.0618934557397
"NM_001109428",1068.46162983675,1012.66290962629,846.171885323629,889.915416692154,936.452375816794,974.228036949857
"NM_001007703",408.461573393317,566.134382546981,359.532260287722,314.159145283873,304.85754913662,314.286201470458
"NM_001007002",191.5384779189,89.7043916007541,123.475725755379,210.248076637856,196.91755566241,262.792982020496
"NM_001004237",1234.61549020014,1437.26369653653,1271.07364748185,839.375013654208,935.966159629973,966.533647836645
"NM_001013094",1735.38476379533,1686.44256209418,1330.99569086313,2136.03959399575,1981.33096129462,2326.6648926184
"NM_013049",20.7692325454229,27.9080329424568,21.7898339568316,19.8118379908749,14.1002694178022,41.4313259942224
"NM_130412",4675.38501522519,4112.44799716346,3943.95994618653,5233.15549216109,5409.64129456783,6696.4860328376
"NM_001106699",180.000015393665,253.165727406573,156.160476690627,173.858986450534,149.268369353975,173.419693090102
"NM_001007655",911.53853949356,1006.68261685291,956.93687460419,904.066729542779,984.58777831205,902.611030588416
"NM_001014072",108.461547737208,103.658408071982,112.580808776963,60.2441604212317,69.5289147153694,92.3326693585527
"NM_001108001",4.61538501009397,5.98029277338361,16.3423754676237,4.44755546733925,23.3383769673967,11.2456456270032
"NM_001106700",108.461547737208,169.441628579202,900.646470215708,209.843753413552,142.461342738484,546.301627038104
"NM_145671",214.61540296937,169.441628579202,185.213588633069,194.88379411432,186.707015739174,200.054116943531
"NM_001033897",1539.23090086634,2019.3455264792,2195.32577115079,975.631940244511,1005.49507434534,895.508517560835
"NM_001134523",43.8461575958927,41.8620494136852,43.5796679136633,37.6020598602319,53.4837805502842,63.3307411625971
"NM_001305446",422.307728423599,261.139451104417,252.398909999967,864.847376785333,633.539691427457,829.810272055711
"NM_017216",87.6923151917855,83.7240988273705,50.8429458992738,93.8029880384279,142.947558925305,117.191464955086
"NM_001271258",881.538536927949,914.984794327692,922.43630417254,1126.84882613405,984.58777831205,977.187417378016
"NM_001191907",295.384640646014,494.370869266378,517.508556474751,261.192802900105,316.040521433497,316.653705812985
"NM_001169103",415.384650908458,446.528527079309,401.296108704983,447.990132528354,476.978079271171,440.947683795652
"NM_021767",13.8461550302819,13.9540164712284,10.8949169784158,20.2161612151784,11.6691884836984,7.69438911321273
"NM_001277279",475.384656039679,440.548234305926,415.822664676204,332.353690377533,386.055652335688,369.922553519843
"NM_001099340",216.923095474417,314.96208606487,364.97971877693,194.479470890016,211.990257453854,211.299762570534
"NM_001108012",1006.15393220049,1006.68261685291,918.804665179734,1246.5285005279,1051.19939590649,1051.17192808198
"NM_001082410",27.6923100605638,51.8292040359912,30.8689314388448,89.7597557953922,204.697014651542,203.01349737169
"NM_013150",55.3846201211277,97.6781152985989,127.107364748185,133.426664020178,44.7318891875104,117.783341040718
"NM_001185025",267.69233058545,271.106605726723,196.108505611485,234.911793320373,298.53673870795,309.551192785404
"NM_001105732",1786.15399890637,2101.07619438211,1746.81835553934,2149.78658362207,2055.7220378782,1886.90096099401
"NM_133614",99.2307777170204,81.7306679029093,56.2904043884817,128.574785328535,177.9551243764,213.667266913061
"NM_001164400",76.1538526665505,75.7503751295257,76.2644188489108,54.1793120566782,57.8597262316711,66.2901215907558
"NM_001108036",304.615410666202,444.535096154848,512.061097985544,295.964600190212,328.195926104017,253.91484073602
"NM_001002835",973.846237129828,779.43149146433,477.560527553894,1456.37225394145,1245.19965444798,1598.65730729135
"NM_001135874",124.615395272537,95.6846843741377,110.764989280561,213.886985656588,133.70945137571,176.970949603893
"NM_053817",2.30769250504699,5.98029277338361,10.8949169784158,22.2377773366963,16.0451341650853,17.7562825689524
"NM_001108047",1013.07700971563,685.740238014653,804.408036906368,1611.63237207402,1328.34262239433,1387.35754472082
"NM_001191985",313.84618068639,199.34309244612,312.320953381254,399.875668836229,316.040521433497,378.208818718687
"NM_001010958",126.923087777584,61.7963586582973,98.0542528057424,69.5435945802138,102.105399232361,113.048332355664
"NM_001329879",313.84618068639,171.435059503663,381.322094244554,300.816478881855,246.025390531307,211.299762570534
"NM_020075",1760.76938135085,1690.4294239431,1683.26467316524,1530.36340398901,1616.66882117904,1345.33434264096
"NM_001191112",1181.53856258406,1247.88775871271,1033.2012934531,1376.31625552935,1378.90910582369,1365.45812955244
"NM_019148",353.076953272189,528.259194982219,390.401191726567,480.335990472639,480.867808765737,433.845170768071
"NM_001191064",535.384661170901,633.911033978662,590.141336330857,460.928475706068,497.399159117643,426.150781654859
"NM_053600",641.538516403062,500.351162039762,573.798960863233,581.012473324228,528.030778887351,579.446687833481
"NM_001108701",1781.53861389627,1895.7528091626,2080.92914287742,1091.67270561963,1354.11208029583,980.738673891807
"NM_001100671",2889.23101631883,3673.893193782,2019.19127999973,3811.95935873404,4029.7597563705,3119.18697127931
"NM_001037200",1116.92317244274,783.418353313252,826.1978708632,2265.8273489972,2331.89283199239,2152.65332344267
"NM_133407",1031.538549756,883.089899536312,813.487134388381,1286.15217650965,1402.73369897791,1377.29565126508
"NM_001004282",43.8461575958927,17.9408783201508,21.7898339568316,61.4571300941424,81.1981031990678,40.8394499085906
"NM_020076",5199.23121387086,4425.41665230387,3361.08188784128,5929.40008441183,6441.3920430015,6819.00438256337
"NM_001013940",9.23077002018795,13.9540164712284,9.07909748201318,15.3642825235356,20.4210798464721,9.47001737010797
"NM_001191769",639.230823898015,759.497182219718,684.563950143794,552.709847622978,519.765103711398,498.359664101932
"NM_001008519",5044.61581603271,5507.8496442863,5093.3736874094,4263.99272350543,5906.55423749866,4459.19442914959
"NM_001134463",39.2307725857988,33.8883257158404,59.922043381287,24.6637166825177,27.2281064619629,34.9206890522731
"NM_017171",99.2307777170204,135.553302863362,118.028267266171,201.352965703177,218.797284069344,201.237869114794
"NM_023090",3216.9233520355,3749.64356891152,2226.19470258963,3158.16870503517,4318.57217134204,3455.37258791815
"NM_001100756",3450.00029504524,2563.55216885711,2540.33147546729,3007.76046559425,3025.2371143988,2771.16383292784
"NM_001014073",1555.38474840167,2071.17473051519,1763.16073100696,1239.25068249044,1250.06181631619,1100.29764318942
"NM_001106706",590.769281292028,841.227850122627,648.247560215741,476.292758229604,390.431598017075,466.990231563449
"NM_001170596",3671.53877552976,3968.92097060225,2892.6004577694,4234.07280490697,3393.78898400894,3522.84646168016
"NM_021587",387.692340847894,263.132882028879,325.031689856072,457.289566687336,517.820238964115,571.160422634637
"NM_017154",2529.2309855315,2876.52082399751,2375.09190129465,5439.36033655591,7626.78710647053,5262.37027735187
"NM_001037791",1287.69241781622,1606.70532511573,1641.50082474798,878.998689635958,1250.06181631619,710.251302758098
"NM_199270",657.692363938391,857.175297518317,822.566231870395,707.565642531245,752.176441011724,786.603317804593
"NM_023023",41.5384650908458,63.7897895827585,148.897198705016,154.04714845966,57.3735100448503,97.0676780436067
"NM_001134754",1800.00015393665,1618.6659106625,1403.62847071924,2341.43579194196,2438.86039309296,2287.00919488107
"NM_001127526",777.692374200834,867.142452140623,668.22157467617,762.957924260834,690.913201472308,885.446624105095
"NM_001106711",83.0769301816915,69.7700823561421,128.923184244587,228.038298507213,84.6016165068132,168.684684405048
"NM_053486",30.0000025656108,15.9474473956896,70.8169603597028,26.281009579732,29.1729712092459,36.6963173091684
"NM_130779",80.7692376766445,57.8094968093749,101.685891798548,100.676482851589,100.646750671898,94.108297615448
"NM_001003958",57.6923126261747,79.7372369784481,79.896057841716,79.651675187803,60.7770233525957,65.698245505124
"NM_001012191",613.846206342498,344.863549931788,453.954874100659,760.127661690709,634.99833998792,606.08111168691
"NM_001106713",39.2307725857988,19.934309244612,43.5796679136633,63.8830694399638,82.6567517595301,46.1663346792764
"NM_001108014",1400.76935056352,1409.35566359407,1425.41830467607,2275.12678315618,1989.59663647057,2047.89125628585
"NM_001106718",286.153870625826,199.34309244612,294.162758417227,213.482662432284,195.945123288768,234.974805995804
"NM_013022",1398.46165805847,1534.94181183513,1585.2104203595,1371.86870006201,1355.57072885629,1148.23960612559
"NM_001100717",925.384694523842,918.971656176614,864.330080287655,769.427095849691,701.609957582364,696.046276702936
"NM_001014076",505.38465860529,693.713961712498,686.379769640197,341.248801312212,382.165922841122,300.673051500928
"NM_017356",163.846167858336,151.500750259051,205.187603093498,163.750905842945,159.965125464032,187.032843059632
"NM_053795",2247.69249991576,2569.53246163049,2378.72354028745,2696.4315828805,2497.20633551145,2311.27611439198
"NM_001012192",357.692338282283,344.863549931788,386.769552733762,328.714781358801,333.544304159045,325.531847097461
"NM_001200045",9.23077002018795,19.934309244612,18.1581949640264,21.8334541123927,17.9899989123683,11.2456456270032
"NM_001108708",1077.69239985694,1156.1899361875,893.383192230097,1175.77193627478,1155.24965988614,1007.37309774524
"NM_001108019",263.076945575356,261.139451104417,292.346938920825,299.603509208944,319.444034741243,325.531847097461
"NM_001008386",90.0000076968325,105.651838996444,81.7118773381187,137.06557303891,127.388640947041,145.009640979778
"NM_001135899",6819.23135241384,3356.93767679266,2553.04221194211,10253.2326451142,12077.123864441,8602.91890465746
"NM_198748",9.23077002018795,7.97372369784481,3.63163899280527,14.1513128506249,14.586485604623,16.5725303976889
"NM_001191872",293.076948140967,330.909533460559,270.557104963993,223.18641981557,211.504041267033,180.522206117683
"NM_001276715",9.23077002018795,19.934309244612,21.7898339568316,23.8550702339105,18.4762150991891,9.47001737010797
"NM_001130999",267.69233058545,265.12631295334,246.951451510759,258.766863554284,256.235930454543,279.957388503817
"NM_001106726",163.846167858336,147.513888410129,212.450881079109,351.356881919801,226.576743058477,273.446751561868
"NM_022618",78.4615451715975,31.8948947913792,25.4214729496369,96.2289273842493,82.1705355727093,88.7814128447622
"NM_001047743",3851.53879092342,3089.81793291486,1986.50652906448,2188.19728993091,2500.6098488192,2054.4018932278
"NM_001106730",551.53850870623,472.443129097305,441.244137625841,453.650657668604,504.692401919954,457.520214193341
"NM_020083",664.615441453532,753.516889446334,775.354924963926,469.014940192139,436.622135765047,465.214603306554
"NM_012742",800.769299251304,444.535096154848,453.954874100659,1262.29710627574,891.234270442463,1044.66129114004
"NM_001109531",60.0000051312216,93.6912534496765,121.659906258977,169.815754207499,115.233236276521,140.274632294724
"NM_001106737",173.076937878524,233.231418161961,196.108505611485,151.621209113838,135.168099936173,156.847162692413
"NM_001108028",812.307761776539,500.351162039762,508.429458992738,790.047580289173,755.579954319469,602.52985517312
"NM_001135561",396.923110868082,380.74530657209,394.032830719372,528.450454164764,503.719969546313,444.498940309443
"NM_001009831",13.8461550302819,29.901463866918,21.7898339568316,30.3242418227676,35.9799978247366,51.4932194499621
"NM_001009602",1213.84625765471,1259.84834425948,1271.07364748185,1044.36688837612,1111.00398688545,1029.86438899924
"NM_001108029",470.769271029585,572.114675320365,415.822664676204,546.240676034121,592.211315547692,503.094672786986
"NM_001108030",1303.84626535155,1263.8352061084,1120.36062928043,2657.61655334736,3015.99900684921,2437.34572063154
"NM_053865",6.92307751514096,15.9474473956896,12.7107364748185,18.1945450936606,11.6691884836984,5.91876085631748
"NM_001013098",4737.69271286146,757.503751295257,303.24185589924,4021.8031121476,11015.2277124244,644.553057252974
"NM_031085",163.846167858336,163.461335805819,163.423754676237,182.349774160909,212.962689827495,205.381001714217
"NM_153472",353.076953272189,464.46940539946,339.558245827293,233.698823647463,280.060523608761,282.324892846344
"NM_001106740",1133.07701997807,767.470905917563,728.143618057457,1650.04307838286,2181.16581407795,1681.5199592798
"NM_212522",20.7692325454229,21.9277401690732,45.3954874100659,67.5219784586959,98.2156697377946,99.4351823861337
"NM_172034",279.230793110685,267.119743877801,372.242996762541,100.272159627285,260.61187613593,192.359727830318
"NM_001106741",664.615441453532,707.667978183727,588.325516834454,547.857968931335,480.867808765737,515.524070585253
"NM_001002289",420.000035918552,336.889826233943,297.794397410032,323.862902667158,347.644573576847,351.574394865258
"NM_022865",1243.84626022033,1128.28190324504,1002.33236201426,1524.70287884876,1775.17529808261,1583.86040515056
"NM_001108034",366.923108302471,414.63363228793,435.796679136633,414.835628135461,438.08078432551,366.963173091684
"NM_001100718",1373.07704050296,1461.18486763006,1525.28837697821,1773.76598501975,2208.39392053992,2015.3380715761
"NM_001100863",6.92307751514096,5.98029277338361,1.81581949640264,7.27781803746423,17.5037827255476,11.837521712635
"NM_001170347",1576.15398094709,1628.6330652848,1427.23412417247,3537.82821265622,3035.93387050886,2774.71508944164
"NM_001100872",184.615400403759,283.067191273491,295.97857791363,186.797329628249,169.689449200447,163.357799634362
"NM_022599",2683.84638336965,2264.53753018793,1944.74268064722,3435.13011368312,3673.36329143088,3061.77499097303
"NM_001134731",2.30769250504699,1.9934309244612,23.6056534532343,8.89511093467851,4.86216186820765,4.73500868505398
"NM_133287",856.153919372432,926.945379874459,753.565091007094,1197.60539038717,1196.5780357659,1004.41371731708
"NM_001108716",311.538488181343,346.856980856249,328.663328848877,229.251268180123,229.00782399258,254.506716821652
"NM_001191818",73.8461601615036,43.8554803381464,36.3163899280527,81.6732913093208,70.501347089011,72.2088824470733
"NM_001108984",1373.07704050296,1810.03527941077,1447.2081386329,1901.53212389968,1717.31557185094,1550.12346826955
"NM_019163",870.000074402714,1048.54466626659,891.567372733695,790.85622673778,638.888069482486,693.678772360409
"NM_021586",90.0000076968325,71.7635132806033,114.396628273366,114.42347247791,203.23836609108,191.767851744686
"NM_001108042",533.076968665854,502.344592964223,537.482570935181,670.77222911962,728.351847857507,669.411852849507
"NM_001108043",713.076984059519,669.792790618964,666.405755179768,898.001881178226,865.951028727783,746.947620067266
"NM_001134559",383.0769558378,388.719030269934,363.163899280527,313.350498835266,360.286194434187,316.653705812985
"NM_001134525",96.9230852119734,93.6912534496765,83.5276968345213,44.071231449089,59.3183747921334,62.1469889913336
"NM_001108985",156.923090343195,191.369368748275,192.47686661868,174.263309674838,172.606746321372,153.887782264255
"NM_001108718",422.307728423599,546.200073302369,564.71986338122,395.023790144586,502.747537172671,379.984446975582
"NM_138862",226.153865494605,219.277401690732,248.767271007161,162.537936170035,183.789718618249,206.56475388548
"NM_001033951",475.384656039679,372.771582874245,343.189884820098,399.875668836229,365.148356302395,341.512501409519
"NM_001003402",306.923103171249,215.29053984181,190.661047122277,683.710572297334,566.441857646192,559.914777007634
"NM_001108719",678.461596483814,655.838774147735,608.299531294883,428.178294537479,503.719969546313,446.274568566338
"NM_001031657",117.692317757396,149.50731933459,194.292686115082,81.2689680850173,91.8948593091247,97.0676780436067
"NM_057123",4107.69265898364,4832.07656089395,4298.04474798504,3264.91003625131,3094.27981292735,3003.77113458112
"NM_001108049",32.3076950706578,57.8094968093749,9.07909748201318,53.370665608071,49.5940510557181,60.3713607344383
"NM_001108048",230.769250504699,145.520457485668,107.133350287756,158.494703926999,238.245931542175,204.197249542953
"NM_001033065",1100.76932490741,1291.74323905086,1343.70642733795,842.609599448637,741.965901088488,861.771580679825
"NM_019153",170.769245373477,131.566441014439,170.687032661848,320.223993648426,305.343765323441,522.626583612834
"NM_001108052",1149.2308675134,956.846843741377,1098.5707953236,962.693597066796,897.555080871133,1028.08876074235
"NM_021702",810.000069271492,769.464336842024,639.168462733728,808.242125382833,706.958335637393,631.531783369075
"NM_001025152",293.076948140967,221.270832615193,283.267841438811,365.103871546122,414.742407358113,373.473810033633
"NM_001271253",11.5384625252349,19.934309244612,19.974014460429,6.87349481316066,6.80702661549071,11.837521712635
"NM_182474",78184.6220709919,26873.4422926615,21201.5084399972,123234.079858709,126130.799671735,154051.731939975
"NM_001108722",2584.61560565262,2202.74117152963,1712.31778510769,1979.16218296597,2009.53150013022,2352.11556430057
"NM_001108055",27.6923100605638,31.8948947913792,29.0531119424422,40.8366456546604,47.1629701216142,34.3288129666414
"NM_001346470",3110.76949680334,2679.17116247586,3112.31461683412,2743.33307689971,2810.81577601084,2459.24513579991
"NM_001106759",34.6153875757048,45.8489112626076,59.922043381287,36.7934134116247,42.3008082534066,40.8394499085906
"NM_001100894",383.0769558378,326.922671611637,343.189884820098,425.348031967354,442.456730006896,417.864516456014
"NM_001305463",782.307759210928,1114.32788677381,831.645329352408,872.933841271404,1009.87102002673,890.181632790149
"NM_001170348",13.8461550302819,9.96715462230601,7.26327798561055,31.1328882713748,41.8145920665858,31.9613086241144
"NM_001081974",25.3846175555169,5.98029277338361,9.07909748201318,5.25620191594639,3.88972949456612,5.91876085631748
"NM_022588",1728.46168628019,1385.43449250054,1458.10305561132,1539.25851492368,1537.90179891408,1494.48711622016
"NM_022501",1449.23089316951,1020.63663332414,793.513119927952,4798.91234925905,3988.43138049074,3664.30484614615
"NM_001191773",235.384635514793,394.699323043318,332.294967841683,242.593934582141,221.228365003448,275.814255904395
"NM_017238",4.61538501009397,1.9934309244612,7.26327798561055,13.7469896263213,9.72432373641531,7.10251302758098
"NM_031600",16.1538475353289,19.934309244612,18.1581949640264,10.5124038318928,17.5037827255476,21.3075390827429
"NM_001047915",353.076953272189,420.613925061314,408.559386690593,466.589000846318,386.055652335688,317.837457984249
"NM_001108726",4.61538501009397,9.96715462230601,5.44745848920791,7.27781803746423,7.29324280231148,4.73500868505398
"NM_001108700",237.69232801984,334.896395309482,383.137913740956,322.245609769944,271.308632245987,249.179832050966
"NM_001008318",302.307718161155,310.975224215947,323.215870359669,289.495428601355,290.271063531997,323.756218840566
"NM_001024263",3770.76955324678,3085.83107106594,2309.72239942415,6055.95325361885,5911.90261555369,5608.02591136081
"NM_001134557",4.61538501009397,3.9868618489224,9.07909748201318,15.3642825235356,11.6691884836984,15.9806543120572
"NM_001048044",90.0000076968325,89.7043916007541,78.0802383453134,156.068764581177,134.195667562531,170.460312661943
"NM_001039035",807.692376766445,867.142452140623,1040.46457143871,877.381396738744,1108.57290595135,899.059774074625
"NM_001007704",1763.0770738559,1403.37537082069,982.358347553827,2258.54953095973,2245.83256692512,2718.48686130662
"NM_001009466",708.461599049425,785.411784237714,650.063379712144,676.837077484174,510.040779974983,529.729096640415
"NM_001100716",1116.92317244274,1198.05198560118,926.067943165345,1387.63730580985,1637.57611721234,1205.05971034624
"NM_001012108",27.6923100605638,29.901463866918,52.6587653956765,25.4723631311248,14.1002694178022,21.8994151683747
"NM_001163506",25.3846175555169,13.9540164712284,12.7107364748185,7.27781803746423,7.77945898913225,9.47001737010797
"NM_001108007",1966.15401430003,883.089899536312,1563.42058640267,1518.2337072599,1856.37340128168,1743.0750721855
"NM_001108008",1050.00008979638,845.21471197155,1125.80808776963,1752.33685413167,1964.31339475589,1667.90680931027
"NM_001106704",2250.00019242081,2348.2616290153,2082.74496237382,1492.76134412877,1688.62881682852,1632.98612025799
"NM_001036626",823.846224301774,819.300109953554,971.463430575411,759.319015242102,1078.91371855528,912.081047958524
"NM_001191770",76.1538526665505,31.8948947913792,29.0531119424422,91.78137191691,90.9224269354831,89.373288930394
"NM_053754",113.076932747302,279.080329424568,54.4745848920791,1571.60437286797,2615.3568689089,717.353815785679
"NM_130414",36.9230800807518,101.664977147521,18.1581949640264,1109.46292748899,2132.54419539588,449.825825080129
"NM_001270620",69.2307751514096,47.8423421870688,47.2113069064686,58.6268675240174,53.969996737105,44.9825825080129
"NM_001270619",302.307718161155,185.389075974892,214.266700575511,208.630783740641,238.245931542175,197.094736515372
"NM_033096",1163.07702254368,1022.6300642486,882.488275251681,1086.01218047938,1348.7637022408,1044.0694150544
"NM_001010951",521.538506140619,584.075260867132,533.850931942375,534.515302529318,617.008341075551,520.259079270307
"NM_019907",791.538529231116,805.346093482326,653.695018704949,625.48802799762,675.354283494043,719.721320128206
"NM_053522",477.692348544726,570.121244395904,824.382051366797,493.274333650354,502.747537172671,452.193329422656
"NM_001109274",570.000048746606,538.226349604525,771.723285971121,596.376755847763,667.574824504911,512.564690157094
"NM_139253",9440.77003814722,7684.67621379793,7208.80340071847,10987.4836204495,11064.8217634802,9462.32298099476
"NM_138541",994.615469675251,952.859981892454,1082.22841985597,414.835628135461,533.8653731292,432.069542511176
"NM_031058",438.461575958927,526.265764057757,417.638484172606,494.082980098961,442.456730006896,443.907064223811
"NM_181631",784.615451715975,871.129313989545,771.723285971121,940.860142954404,1247.14451919526,978.963045634911
"NM_001271305",563.076971231465,390.712461194396,493.902903021517,727.781803746423,659.795365515779,725.640080984523
"NM_182954",36.9230800807518,25.9146020179956,30.8689314388448,41.6452921032676,54.9424291107465,60.3713607344383
"NM_001108009",447.692345979115,362.804428251939,294.162758417227,535.728272202228,524.141049392785,448.642072908865
"NM_001309432",140.769242807866,95.6846843741377,150.713018201419,81.2689680850173,116.205668650163,85.2301563309717
"NM_001009712",1082.30778486704,984.754876683834,1027.75383496389,1163.64223954567,1100.79344696221,1042.88566288314
"NM_001108702",551.53850870623,596.035846413899,408.559386690593,671.985198792531,649.584825592543,691.311268017882
"NM_001029917",1105.38470991751,849.201573820472,973.279250071813,904.066729542779,953.469942355521,847.566554624663
"NM_138890",2679.23099835955,1379.45419972715,1697.79122913647,2142.91308880891,3154.57062009313,2653.38049188713
"NM_001129880",286.153870625826,203.329954295043,283.267841438811,478.314374351121,589.294018426768,534.464105325469
"NM_001035221",1795.38476892656,2148.91853656918,1881.18899827313,1772.55301534684,1994.9450145256,1912.94350876181
"NM_013065",4707.69271029585,4337.70569162758,4359.78261086273,4586.23833327538,4639.47485464374,3977.99917153098
"NM_001108703",1089.23086238218,829.26726457586,940.594499136566,1034.66313099283,1096.41750128083,1013.29185860155
"NM_001127572",632.307746382874,562.147520698059,552.009126906402,483.166253042764,496.912942930822,496.584035845037
"NM_001106709",646.153901413156,763.48404406864,704.537964604223,469.014940192139,541.158615931512,507.82968147204
"NM_001108010",334.615413231813,358.817566403016,305.057675395643,373.998982480801,431.273757710019,406.026994743379
"NM_147209",835.384686827009,887.076761385235,1082.22841985597,739.91150047553,686.537255790921,579.446687833481
"NM_053950",893.076999453184,1004.68918592845,831.645329352408,908.109961785815,1021.54020851043,970.084904350435
"NM_001012110",950.769312079358,901.030777856463,844.356065827226,864.038730336726,794.963465451951,989.024939090651
"NM_001011981",399.230803373129,336.889826233943,290.531119424422,439.499344817979,431.273757710019,527.953468383519
"NM_001025120",1677.69245116916,1582.78415402219,1619.71099079115,1503.67807118497,1732.87448982921,1625.29173114478
"NM_001105710",1998.46170937069,2527.6704122168,3217.63214762547,1463.24574875461,1248.1169515689,1079.58198019231
"NM_001013243",34.6153875757048,15.9474473956896,23.6056534532343,118.062381496642,223.173229750731,155.66341052115
"NM_001170709",11.5384625252349,13.9540164712284,1.81581949640264,6.46917158885709,5.34837805502842,7.10251302758098
"NM_001170708",2319.23096757222,3223.37780485376,2458.61959812917,1595.05511987758,1834.00745668793,1516.97840747417
"NM_139087",246.923098040028,312.968655140409,363.163899280527,43.6669082247854,34.0351330774536,42.6150781654859
"NM_130746",1391.53858054333,1257.85491333502,1401.81265122284,1258.65819725701,1267.07938285491,1091.41950190494
"NM_001008520",865.38468939262,360.810997327478,412.191025683399,1221.46046062108,1129.96641817146,1113.31891707332
"NM_001014195",2420.76943779429,3532.35959814525,3155.89428474778,2445.75118381229,2352.80012802568,2378.15811206836
"NM_031855",5356.15430421406,3424.71432822435,2395.06591575508,8365.44751084083,10434.1993691736,9813.30549977438
"NM_001134690",246.923098040028,81.7306679029093,94.4226138129371,28.3026257012498,26.2556740883213,19.5319108258477
"NM_001126372",101.538470222067,123.592717316595,123.475725755379,124.935876309803,122.526479078833,146.193393151042
"NM_001106710",1437.69243064427,1032.5972188709,1492.60362604297,1944.39038567586,1845.1904289848,2295.88733616555
"NM_001007656",985.384699655063,582.081829942671,706.353784100626,1015.25561622626,901.444810365699,868.874093707406
"NM_033376",4.61538501009397,7.97372369784481,5.44745848920791,29.1112721498569,25.2832417146798,43.7988303367494
"NM_001017451",1266.9231852708,1475.13888410129,1087.67587834518,919.431012066315,1027.37480275228,1012.69998251592
"NM_133618",8312.30840317924,8460.12084341334,8574.29966201325,8590.65554677792,7441.53873929181,6914.29643235008
"NM_130826",1587.69244347233,1552.88269015528,1543.44657194224,2550.87522213121,2141.78230294547,2112.99762570534
"NM_001106712",9.23077002018795,5.98029277338361,16.3423754676237,18.1945450936606,33.5489168906328,20.7156629971112
"NM_139326",30.0000025656108,9.96715462230601,32.6847509352475,10.5124038318928,23.3383769673967,16.5725303976889
"NM_206845",101.538470222067,87.7109606762929,87.1593358273266,73.5868268232495,80.711887012247,81.6788998171812
"NM_001134524",48.4615426059867,55.8160658849137,79.896057841716,40.4323224303568,31.117835956529,30.7775564528509
"NM_001025151",87.6923151917855,109.638700845366,52.6587653956765,128.574785328535,95.7845888036908,88.7814128447622
"NM_001109482",523.846198645666,1082.43299198243,635.536823740923,859.99549809369,797.880762572876,580.038563919113
"NM_019287",175320.01499343,110852.700278363,76870.9025607092,266765.589900681,225567.844470824,243032.015149509
"NM_001014075",653.076978928297,653.845343223274,630.089365251715,646.512835661406,720.572388868374,632.715535540339
"NM_022542",1806.92323145179,2515.70982667004,3204.92141115065,1167.68547178871,4122.14083186645,907.937915359102
"NM_001106715",3101.53872678315,2944.2974754292,2965.23323762551,3742.82008737813,3313.0770969967,3105.57382130978
"NM_013026",2875.38486128854,1961.53602966982,4908.16009877633,4239.32900682292,4620.99863954455,4418.354979241
"NM_199384",5997.69282061712,5701.21244395904,5885.07098784095,5513.75580982776,5280.79400506033,5366.54046842306
"NM_001109276",366.923108302471,293.034345895797,279.636202446006,324.267225891462,299.509171081591,272.262999390604
"NM_031778",20.7692325454229,11.9605855467672,9.07909748201318,12.1296967291071,21.3935122201137,10.6537695413715
"NM_001106717",87.6923151917855,113.625562694289,132.554823237392,379.255184396747,193.514042354665,271.079247219341
"NM_053414",2139.23095217856,2539.63099776357,2622.04335280541,1995.33511193811,1916.66420844746,1552.49097261208
"NM_001108015",64.6153901413156,71.7635132806033,61.7378628776897,84.9078771037494,125.443776199757,98.2514302148702
"NM_001012111",1562.30782591681,1287.75637720194,906.093928704916,1574.8389586624,3846.45625393907,1610.49482900399
"NM_001034952",113.076932747302,205.323385219504,265.109646474785,34.7717972901069,36.4662140115574,52.6769716212256
"NM_001109573",9.23077002018795,17.9408783201508,30.8689314388448,5.66052514024996,4.37594568138689,10.0618934557397
"NM_020306",888.46161444309,825.280402726938,893.383192230097,929.539092673904,1029.80588368638,1078.39822802105
"NM_001030030",999.230854685345,1116.32131769827,1200.25668712214,794.495135756512,784.752925528715,777.133300434485
"NM_001106719",650.76928642325,691.720530788037,822.566231870395,426.965324864568,453.153486116953,429.702038168649
"NM_001100540",1114.61547993769,1235.92717316595,1145.78210223006,1207.71347099476,1390.09207812057,1777.99576123777
"NM_013053",2148.46172219874,2742.96095205861,2730.99252258957,2432.40851741027,2246.80499929876,2171.00148209725
"NM_001191107",85.3846226867385,105.651838996444,119.844086762574,59.4355139726246,76.3359413308602,63.3307411625971
"NM_001109597",9.23077002018795,13.9540164712284,7.26327798561055,16.1729289721427,10.2105399232361,11.837521712635
"NM_001037354",290.76925563592,450.515388928232,448.507415611451,192.457854768499,231.438904926684,177.562825689524
"NM_001025740",13.8461550302819,37.8751875647628,61.7378628776897,222.377773366963,116.205668650163,115.415836698191
"NM_013060",1243.84626022033,837.240988273705,1252.91545251782,1884.14622525463,1911.80204657925,1680.33620710853
"NM_138881",129.230780282631,368.784721025322,4270.807455539,337.205569069176,228.52160780576,598.386722573697
"NM_001108017",175.384630383571,219.277401690732,664.589935683365,149.59959299232,147.809720793513,350.390642693995
"NM_031570",1333.84626791716,1243.90089686379,1203.88832611495,633.574492483692,668.547256878552,683.025002819037
"NM_199097",4684.61578524538,3462.58951578911,3126.84117280534,4306.85098528161,4739.63538912882,4488.78823343118
"NM_001271261",620.769283857639,352.837273629633,417.638484172606,778.726530008673,779.890763660508,838.688413340187
"NM_001007748",399.230803373129,408.653339514546,285.083660935214,278.983024769462,270.336199872346,253.322964650388
"NM_021262",83.0769301816915,37.8751875647628,41.7638484172606,15.3642825235356,22.3659445937552,19.5319108258477
"NM_001108705",115.384625252349,141.533595636745,114.396628273366,131.40504789866,116.205668650163,104.762067156819
"NM_001025051",83.0769301816915,113.625562694289,116.212447769769,73.1825035989459,62.7218880998787,73.3926346183368
"NM_199385",5550.000474638,5663.33725639427,5028.0041855389,5566.31782898723,6603.30203321281,6328.33910757465
"NM_001108018",452.307730989209,454.502250777154,539.298390431583,472.249525986568,558.176182470239,527.361592297888
"NM_001135803",263.076945575356,235.224849086422,256.030548992772,60.6484836455353,97.7294535509738,44.3907064223811
"NM_001006980",657.692363938391,763.48404406864,615.562809280494,574.543301735371,578.11104612989,566.425413949583
"NM_013221",2513.07713799617,2800.77044886799,2373.27608179825,2789.42592447032,2940.14928170517,3193.76335806891
"NM_001030020",16.1538475353289,5.98029277338361,21.7898339568316,28.3026257012498,15.5589179782645,24.8587955965334
"NM_177928",1308.46165036164,1993.4309244612,1897.53137374076,1132.10502804999,1401.76126660427,1660.80429628269
"NM_001014263",1656.92321862374,1688.43599301864,1650.57992223,1663.79006800918,1529.14990755131,1623.51610288789
"NM_001108707",750.000064140271,779.43149146433,828.013690359602,448.798778976961,552.82780441521,391.821968688217
"NM_053530",11.5384625252349,3.9868618489224,3.63163899280527,5.66052514024996,8.75189136277378,5.91876085631748
"NM_001013244",233.076943009746,243.198572784267,250.583090503564,325.480195564373,367.093221049678,402.475738229589
"NM_134402",369.230800807518,404.666477665624,403.111928201385,234.103146871766,210.045392706571,229.647921225118
"NM_017149",212.307710464323,340.876688082866,58.1062238848844,88.9511093467851,214.907554574778,124.293977982667
"NM_019186",343.846183252001,374.765013798706,435.796679136633,276.557085423641,501.288888612209,284.692397188871
"NM_030856",80.7692376766445,37.8751875647628,74.4485993525081,63.8830694399638,81.6843193858886,107.721447584978
"NM_199495",1446.92320066446,1347.55930493577,1392.73355374082,1568.77411029785,1688.1426006417,1518.16215964543
"NM_012699",1913.07708668395,3157.59458434654,2705.57104963993,1343.56607436076,1605.97206506899,1075.43884759289
"NM_001100541",34.6153875757048,41.8620494136852,19.974014460429,91.3770486926065,28.2005388356044,49.1257151074351
"NM_019364",1195.38471761434,1758.20607537478,1588.84205935231,1253.40199534106,1366.75370115317,1151.19898655375
"NM_001029897",1128.46163496798,1086.41985383136,1182.09849215812,1257.4452275841,1404.19234753837,1148.23960612559
"NM_001108981",242.307713029934,239.211710935344,205.187603093498,255.936600984159,211.990257453854,232.015425567645
"NM_001047869",685.384673998955,763.48404406864,757.1967299999,921.452628187832,820.732923353452,768.847035235641
"NM_019371",115.384625252349,131.566441014439,219.714159064719,24.2593934582141,25.2832417146798,5.91876085631748
"NM_001134987",560.769278726418,480.41685279515,541.114209927986,428.178294537479,470.657268842501,405.435118657747
"NM_001108711",683.076981493908,789.398646086636,702.72214510782,625.083704773317,730.78292879161,649.879942023659
"NM_001108982",1723.8463012701,1929.64113487844,1952.00595863283,1883.74190203033,1741.14016500516,1648.96677457005
"NM_001170568",466.153886019491,528.259194982219,506.613639496336,663.898734306459,856.712921178189,498.359664101932
"NM_053871",2326.15404508736,3630.03771344385,3175.86829920821,1982.8010919847,2228.81500038639,1683.29558753669
"NM_001108022",46.1538501009397,49.83577311153,92.6067943165345,37.1977366359283,39.8697273193028,40.2475738229589
"NM_001014196",507.692351110337,530.25262590668,499.350361510725,492.061363977443,535.810237876483,467.582107649081
"NM_017283",2912.3079413693,3909.11804286842,3916.72265374049,2388.33728596118,2469.49201286267,2089.32258228007
"NM_001105720",1116.92317244274,1740.26519705463,2342.4071503594,513.894818089835,1449.89666909952,518.483451013411
"NM_001106731",304.615410666202,362.804428251939,297.794397410032,338.82286196639,271.794848432808,292.386786302084
"NM_001108712",99.2307777170204,135.553302863362,96.2384333093398,99.8678364029814,127.874857133861,120.742721468877
"NM_001009694",701.538521534284,803.352662557864,639.168462733728,665.11170397937,705.985903263751,614.959252971386
"NM_001014077",946.153927069264,926.945379874459,847.987704820031,679.263016829995,892.692919002925,677.10624196272
"NM_053389",207.692325454229,225.257694464116,225.161617553927,208.226460516338,171.63431394773,229.056045139487
"NM_001106733",325.384643211625,318.948947913792,326.847509352475,321.032640097033,247.48403909177,337.369368810096
"NM_001109023",1661.53860363383,2128.98422732456,1748.63417503574,1987.24864745204,1801.43097217094,1931.88354350203
"NM_001108023",353.076953272189,330.909533460559,355.900621294917,494.487303323264,599.504558350004,551.628511808789
"NM_001108025",34.6153875757048,19.934309244612,38.1322094244554,62.2657765427495,55.914861484388,55.6363520493843
"NM_001106735",96.9230852119734,121.599286392133,107.133350287756,138.682865936124,118.150533397446,125.477730153931
"NM_001106736",1216.15395015976,980.768014834911,1134.88718525165,769.831419073994,779.404547473687,804.951476459177
"NM_001169108",25.3846175555169,15.9474473956896,56.2904043884817,46.0928475706068,29.6591873960667,34.3288129666414
"NM_053604",1772.30784387609,2501.75581019881,1706.87032661848,1883.33757880602,2383.91796398221,1837.77524588658
"NM_001108027",41.5384650908458,39.868618489224,36.3163899280527,18.1945450936606,31.117835956529,24.8587955965334
"NM_012876",1119.23086494779,1090.40671568028,1087.67587834518,615.379947390031,688.482120538204,765.29577872185
"NM_031105",3023.07718161155,2882.5011167709,2482.2252515824,2674.1938055438,2997.52279175002,2727.3650025911
"NM_001014197",182.307707898712,253.165727406573,268.74128546759,194.88379411432,253.80484952044,216.034771255588
"NM_001034133",662.307748948485,859.168728442778,1000.51654251785,816.732913093208,803.229140627904,794.297706917806
"NM_024152",1721.53860876505,1746.24548982801,2053.69185043138,1597.8853824477,1851.02502322665,1576.75789212298
"NM_001007749",235.384635514793,153.494181183513,181.581949640264,153.238502011052,256.235930454543,187.624719145264
"NM_001192016",738.461601615036,687.733668939115,673.669033165378,956.224425477939,1206.78857568914,839.872165511451
"NM_001097581",450.000038484162,408.653339514546,472.113069064686,431.817203556211,476.978079271171,429.110162083017
"NM_022268",7410.00063370587,3996.82900354471,4541.364560503,12362.5869063059,14773.1926203621,13247.3705486098
"NM_001024800",1555.38474840167,1859.8710525223,1846.68842784148,1252.59334889245,1191.7158738977,1093.19513016184
"NM_001271054",263.076945575356,243.198572784267,328.663328848877,317.798054302605,337.920249840432,302.448679757823
"NM_017280",791.538529231116,757.503751295257,591.95715582726,590.31190748321,647.153744658439,612.591748628859
"NM_181771",2.30769250504699,1.9934309244612,1.81581949640264,7.27781803746423,6.32081042866995,11.837521712635
"NM_001106738",600.000051312216,566.134382546981,564.71986338122,547.857968931335,536.296454063304,571.752298720269
"NM_001108031",219.230787979464,157.481043032435,105.317530791353,267.661974488962,222.687013563911,356.309403550312
"NM_001271394",1031.538549756,1148.21621248965,911.541387194124,609.315099025478,872.758055343274,636.266792054129
"NM_017038",3708.46185561051,3321.05592015236,3135.92027028735,3726.64715840599,3366.07466136016,3051.12122143166
"NM_001108713",191.5384779189,243.198572784267,299.610216906435,185.584359955338,289.784847345176,220.769779940642
"NM_001013099",219.230787979464,233.231418161961,252.398909999967,214.695632105195,282.491604542865,242.077319023385
"NM_001080380",348.461568262095,771.457767766485,668.22157467617,124.531553085499,78.767022264964,157.439038778045
"NM_024359",1820.76938648207,1847.91046697553,1868.47826179831,1970.26707203129,2038.21825515265,1809.36519377625
"NM_001108033",244.615405534981,173.428490428125,223.345798057524,306.881327246408,423.008082534066,234.974805995804
"NM_001008320",126.923087777584,77.7438060539869,116.212447769769,131.809371122963,153.158098848541,130.212738838985
"NM_001014078",182.307707898712,187.382506899353,183.397769136666,162.133612945731,146.837288419871,114.232084526927
"NM_133515",360.00003078733,145.520457485668,141.633920719406,880.211659308869,457.043215611519,343.880005752046
"NM_022508",4197.69266668047,4806.16195887596,3615.29661733765,5134.09630220671,5572.52371715279,5789.13999356413
"NM_199496",154.615397838148,219.277401690732,165.23957417264,87.7381396738744,70.9875632758317,84.0464041597082
"NM_001013944",9.23077002018795,7.97372369784481,14.5265559712211,6.46917158885709,7.77945898913225,7.69438911321273
"NM_021863",6.92307751514096,1.9934309244612,3.63163899280527,12.1296967291071,0.972432373641531,13.0212738838985
"NM_001004444",343.846183252001,340.876688082866,377.690455251748,414.431304911158,303.398900576158,412.537631685328
"NM_183403",69.2307751514096,147.513888410129,1080.41260035957,7.27781803746423,16.531350351906,34.3288129666414
"NM_022210",267.69233058545,287.054053122413,281.452021942409,266.044681591748,249.915120025873,222.545408197537
"NM_001114180",66.9230826463626,105.651838996444,108.949169784158,90.9727254683029,98.2156697377946,46.7582107649081
"NM_019356",1610.7693685228,2326.33388884622,2200.77322964,1231.16421800437,1417.80640076935,1160.66900392386
"NM_199386",1444.61550815941,1953.56230597198,1888.45227625874,827.649640149405,973.891022201993,829.810272055711
"NM_001109359",101.538470222067,153.494181183513,179.766130143861,100.272159627285,104.050263979644,139.682756209093
"NM_001108714",360.00003078733,348.85041178071,350.453162805709,352.165528368408,400.642137940311,393.005720859481
"NM_019168",11.5384625252349,7.97372369784481,10.8949169784158,14.1513128506249,5.83459424184918,10.0618934557397
"NM_001012193",2360.76943266307,1082.43299198243,1330.99569086313,2258.54953095973,2118.9301421649,2648.05360711644
"NM_001108038",1280.76934030108,1449.22428208329,1236.5730770502,1229.54692510715,1404.19234753837,1545.98033567013
"NM_017172",9131.53924247092,5862.68034884039,8004.13234014282,12396.5500571474,19079.6093870337,10022.829634088
"NM_031005",946.153927069264,791.392077011097,1029.5696544603,1041.53662580599,998.201831543031,1098.52201493252
"NM_001108715",304.615410666202,332.902964385021,348.637343309306,298.794862760337,295.133225400205,319.021210155512
"NM_001109442",1331.53857541211,1373.47390695377,1596.10533733792,937.221233935672,907.765620794369,804.359600373546
"NM_001034929",819.23083929168,994.72203130614,962.384333093397,850.291740710404,843.098867947207,960.023010894696
"NM_001195505",103.846162727114,67.7766514316809,52.6587653956765,53.370665608071,59.3183747921334,53.2688477068573
"NM_017047",10280.7701099843,4700.51011987951,3248.50107906432,24569.5093712549,25092.6449694461,23522.9312712626
"NM_001109277",30.0000025656108,23.9211710935344,27.2372924460396,20.620484439482,23.3383769673967,16.5725303976889
"NM_001163153",1186.15394759415,966.813998363683,844.356065827226,1147.46931057353,1251.03424868983,1152.97461481065
"NM_020305",4.61538501009397,9.96715462230601,12.7107364748185,8.89511093467851,2.91729712092459,5.91876085631748
"NM_001106742",401.538495878176,422.607355985775,354.084801798514,315.776438181087,342.78241170864,319.021210155512
"NM_139330",826.153916806821,604.009570111744,893.383192230097,878.594366411654,894.151567563388,648.696189852396
"NM_001106743",1843.84631153254,1670.49511469849,1576.13132287749,1383.18975034251,1292.84884075642,1664.35555279648
"NM_001108040",295.384640646014,360.810997327478,443.059957122243,202.565935376088,276.170794114195,196.50286042974
"NM_001109440",1200.00010262443,1658.53452915172,1127.62390726604,933.178001692636,826.08130140848,636.266792054129
"NM_138907",1606.1539835127,2872.53396214859,2691.04449366871,1112.69751328342,938.883456750898,841.055917682714
"NM_001079709",673.84621147372,779.43149146433,590.141336330857,737.081237905405,918.948593091246,966.533647836645
"NM_001108041",394.615418363035,763.48404406864,395.848650215775,347.313649676765,370.982950544244,397.148853458903
"NM_001109477",13.8461550302819,13.9540164712284,23.6056534532343,13.3426664020178,13.6140532309814,21.8994151683747
"NM_001305285",4.61538501009397,5.98029277338361,1.81581949640264,3.63890901873212,4.86216186820765,23.0831673396382
"NM_001169116",385.384648342847,506.331454813145,684.563950143794,274.535469302123,340.837546961357,312.510573213563
"NM_001015009",1352.30780795753,1455.20457485668,1276.52110597105,1807.72913586125,1762.53367722527,1494.48711622016
"NM_031057",22873.8481100257,15602.5838457578,12765.2110597105,27931.0526581148,27979.7966867878,29572.4967425047
"NM_001011983",990.000084665157,1000.70232407952,1076.78096136676,775.087620989941,849.419678375877,806.135228630441
"NM_001134631",57.6923126261747,41.8620494136852,45.3954874100659,65.5003623371781,55.914861484388,75.168262875232
"NM_001004445",447.692345979115,456.495681701615,350.453162805709,393.406497247372,399.669705566669,337.369368810096
"NM_199394",10296.9239575197,10439.5977514033,10778.7045306461,5768.07511791471,5112.07698823353,4853.97577826597
"NM_001013100",279.230793110685,197.349661521659,221.529978561122,203.374581824695,200.807285156976,345.655634008941
"NM_001109278",406.15388088827,428.587648759158,337.74242633089,379.659507621051,366.120788676036,294.754290644611
"NM_173118",2838.46178120779,2065.19443774181,2197.14159064719,2591.71186778587,2694.12389117386,2884.80404136914
"NM_001106744",793.846221736163,1124.29504139612,916.988845683332,1208.11779421906,1223.80614222787,1180.20091474971
"NM_001044235",726.923139089801,733.582580201722,751.749271510692,526.83316126755,557.689966283418,476.460248933557
"NM_001006981",6099.23129083919,6446.75560970753,5516.45963007121,5666.58998861451,5547.24047543811,7261.13581853029
"NM_032058",800.769299251304,1024.62349517306,897.014831222903,461.737122154675,438.56700051233,364.595668749157
"NM_001106747",1887.69246912843,2001.40464815905,1872.10990079112,1700.17915819651,1819.4209710833,1686.25496796485
"NM_053467",4846.15426059867,5563.66571017121,4773.78945604253,4497.6915471529,4247.09839187939,4331.94107073876
"NM_022197",43.8461575958927,65.7832205072197,364.97971877693,179.115188366481,486.216186820765,11.2456456270032
"NM_001106748",6.92307751514096,5.98029277338361,5.44745848920791,4.85187869164282,6.80702661549071,10.6537695413715
"NM_053894",53.0769276160807,29.901463866918,63.5536823740923,60.6484836455353,77.7945898913225,71.6170063614415
"NM_001106749",2921.53871138948,1786.11410831724,1659.65901971201,2830.66689334928,2131.57176302224,1880.9822001377
"NM_199109",648.461593918203,707.667978183727,1187.54595064732,221.569126918356,475.519430710708,443.907064223811
"NM_013174",110.769240242255,67.7766514316809,76.2644188489108,120.892644066767,257.694579015006,105.353943242451
"NM_001108717",768.461604180646,1046.55123534213,1134.88718525165,596.781079072067,621.870502943759,592.46796171738
"NM_001012470",706.153906544378,560.154089773598,452.139054604257,939.647173281493,804.687789188367,739.845107039685
"NM_001108044",773.07698919074,1082.43299198243,804.408036906368,621.040472530281,703.554822329647,613.183624714491
"NM_001108045",73.8461601615036,89.7043916007541,81.7118773381187,42.4539385518747,69.5289147153694,48.5338390218033
"NM_001047114",267.69233058545,336.889826233943,355.900621294917,241.785288133534,248.456471465411,236.750434252699
"NM_001037097",512.307736120431,474.436560021766,662.774116186962,399.471345611926,450.236188996029,414.313259942224
"NM_001109279",756.923141655412,817.306679029093,817.118773381187,745.57202561578,749.259143890799,749.907000495425
"NM_001109507",406.15388088827,406.659908590085,348.637343309306,326.28884201298,371.469166731065,379.984446975582
"NM_022208",184.615400403759,231.237987237499,245.135632014356,224.803712712784,240.190796289458,201.237869114794
"NM_177933",6738.4621147372,6408.88042214276,5008.03017107847,10990.7182062439,9268.25295317743,9690.78715004861
"NM_001106750",23.0769250504699,13.9540164712284,12.7107364748185,27.0896560283391,25.7694579015006,34.9206890522731
"NM_001005888",133.846165292725,153.494181183513,116.212447769769,144.747714300678,163.368638771777,163.357799634362
"NM_133545",1804.61553894674,2230.64920447208,1735.92343856092,1298.68619646306,1341.95667562531,1074.25509542162
"NM_001106752",143.076935312913,107.645269920905,148.897198705016,115.636442150821,100.160534485078,136.723375780934
"NM_031969",7216.15446328193,5922.48327657423,7896.99898985507,6745.72867428074,6869.26228740377,7179.4569187131
"NM_001173557",445.384653474068,444.535096154848,306.873494892046,338.014215517783,304.371332949799,217.218523426852
"NM_017006",5441.53892690079,4732.40501467089,6705.82140021494,447.990132528354,1019.10912757632,1306.8623970749
"NM_001191772",994.615469675251,1106.35416307597,822.566231870395,1223.07775351829,1069.18939481886,1216.89723205887
"NM_001106753",1315.38472787678,1742.25862797909,1389.10191474802,1376.72057875365,1292.84884075642,1065.37695413715
"NM_022226",1876.1540066032,1843.92360512661,2407.7766522299,1890.61539684349,1649.73152188286,2223.08657763285
"NM_001142941",191.5384779189,145.520457485668,159.792115683432,141.513128506249,130.305938067965,131.98836709588
"NM_001108720",343.846183252001,364.7978591764,303.24185589924,431.817203556211,424.952947281349,398.332605630166
"NM_001013101",53.0769276160807,35.8817566403016,36.3163899280527,16.9815754207499,16.531350351906,17.7562825689524
"NM_001007705",971.538544624781,1158.18336711196,1060.43858589914,1082.37327146065,932.076430135407,959.431134809064
"NM_001108721",20.7692325454229,7.97372369784481,14.5265559712211,23.450747009607,9.72432373641531,9.47001737010797
"NM_001011984",18.4615400403759,25.9146020179956,47.2113069064686,36.3890901873212,47.649186308435,33.1450607953779
"NM_199119",1541.53859337139,2184.80029320948,1910.24211021557,1259.87116692992,1508.72882770483,1280.8198493071
"NM_206846",7541.53910649355,8230.8762871003,11190.8955563295,2748.58927881566,5691.16046673706,5370.68360102248
"NM_203410",9604.61620600556,8828.90556443866,9798.16200258863,10209.9700601137,8460.64786686814,15235.4823202468
"NM_001108053",1398.46165805847,464.46940539946,512.061097985544,1143.02175510619,908.25183698119,970.084904350435
"NM_133617",8040.0006875837,7969.73683599589,6529.68690906388,8050.47971910835,8257.40950077706,8765.68482820619
"NM_001134632",6.92307751514096,17.9408783201508,12.7107364748185,22.2377773366963,20.4210798464721,18.3481586545842
"NM_001009663",8030.76991756351,1814.02214125969,1873.92572028752,9848.10077436202,12719.4154472312,24011.2290419088
"NM_022519",191831.554867041,146660.69997446,135460.134431637,383929.969516145,366222.894075269,373910.614584829
"NM_001008776",16.1538475353289,19.934309244612,10.8949169784158,9.29943415898207,13.6140532309814,13.6131499695302
"NM_145097",12156.9241165875,5587.58688126475,3891.30118079085,20583.6910260704,28454.8299013117,26361.5689779524
"NM_001270982",12740.7703203644,6823.51405443069,4546.8120189922,15913.7577853642,12844.859223431,17571.0253541497
"NM_012657",151467.705261264,60813.5972125379,47572.6549862527,171013.76392111,184344.491287412,262984.157996155
"NM_031531",71000.7753027806,55977.533789795,65611.0058635165,72205.2543658042,85411.6526740566,65184.4970627957
"NM_001106755",1059.23085981657,1092.40014660474,650.063379712144,1268.7662778646,1560.26774350784,1408.07320771793
"NM_001106762",117.692317757396,117.612424543211,105.317530791353,135.448280141695,104.536480166465,114.232084526927
"NM_001014198",267.69233058545,291.040914971335,245.135632014356,266.853328040355,311.17835956529,256.282345078547
"NM_001108056",4440.0003797104,3958.95381597995,4268.9916360426,4177.46755350447,3668.9873457495,3368.36680333028
"NM_001012194",237.69232801984,225.257694464116,230.609076043135,227.229652058605,174.551611068655,206.56475388548
"NM_001109672",733.846216604942,773.451198690946,744.485993525081,676.43275425987,729.810496417969,656.390578965609
"NM_001108723",9.23077002018795,5.98029277338361,5.44745848920791,12.1296967291071,5.34837805502842,8.28626519884447
"NM_001025741",13.8461550302819,1.9934309244612,9.07909748201318,16.1729289721427,21.3935122201137,28.4100521103239
"NM_024147",94.6153927069264,103.658408071982,96.2384333093398,155.664441356874,153.158098848541,172.82781700447
"NM_173290",876.923151917855,849.201573820472,898.830650719305,846.248508467369,858.171569738651,801.992096031019
"NM_001013170",1255.38472274556,1714.35059503663,2217.11560510762,978.462202814636,992.853453488003,1006.7812216596
"NM_001001509",2815.38485615732,7162.3973115891,1060.43858589914,3973.28432523117,8790.78865771944,8044.18787982109
"NM_019226",5531.53893459763,6881.32355124007,7381.30625287672,4943.66006355973,4331.21379219938,4025.94113446715
"NM_175761",3438.46183252001,6235.45193171464,8200.24084575431,4276.52674345884,3379.20249840432,2291.1523274805
"NM_001106758",424.615420928646,745.54316574849,564.71986338122,217.52589467532,298.050522521129,214.851019084325
"NM_001010965",57.6923126261747,77.7438060539869,70.8169603597028,33.5588276171962,32.0902683301705,27.2262999390604
"NM_001012112",173.076937878524,179.408783201508,170.687032661848,198.927026357356,238.732147728996,183.481586545842
"NM_001108724",939.230849554123,1130.2753341695,1173.0193946761,946.11634487035,807.605086309291,714.39443535752
"NM_053620",2898.46178633901,3055.92960719902,3226.71124510749,2757.08006652603,2680.9960541297,2625.56231586243
"NM_001137633",1073.07701484685,1148.21621248965,1401.81265122284,1277.66138879928,796.422114012414,1035.19127376993
"NM_130749",1797.6924614316,1718.33745688556,1563.42058640267,2039.4063433872,2044.53906558132,1773.26075255272
"NM_001037769",687.692366504002,629.92417212974,653.695018704949,539.771504445264,544.562129239257,693.086896274777
"NM_012529",295.384640646014,143.527026561207,355.900621294917,353.782821265622,451.20862136967,492.440903245614
"NM_001008526",445.384653474068,464.46940539946,483.007986043101,439.095021593675,562.552128151626,449.825825080129
"NM_001007706",625.384668867733,930.932241723381,884.304094748084,194.075147665713,325.278628983092,169.27656049068
"NM_001108062",295.384640646014,330.909533460559,390.401191726567,452.437687995693,497.399159117643,392.413844773849
"NM_001108725",830.769301816915,512.311747586529,512.061097985544,761.744954587923,660.76779788942,875.976606734987
"NM_144750",3004.61564157118,3628.04428251939,1795.84548194221,3533.78498041319,4728.45241683194,5828.79569130146
"NM_001100982",113.076932747302,151.500750259051,156.160476690627,97.0375738328564,97.7294535509738,114.823960612559
"NM_033230",1968.46170680508,1644.58051268049,1681.44885366884,1514.59479824117,1438.71369680264,1537.69407047128
"NM_001126302",258.461560565262,211.303677992887,261.47800748198,339.631508414997,252.832417146798,262.792982020496
"NM_001126288",408.461573393317,269.113174802262,399.48028920858,491.252717528836,449.263756622387,634.491163797234
"NM_001037214",203.076940444135,229.244556313038,254.214729496369,209.035106964945,176.982692002759,247.996079879702
"NM_001170595",6.92307751514096,3.9868618489224,18.1581949640264,8.08646448607137,8.26567517595301,11.837521712635
"NM_001008377",27.6923100605638,39.868618489224,83.5276968345213,13.3426664020178,16.531350351906,17.1644064833207
"NM_001077683",754.615449150364,590.055553640516,586.509697338052,765.788186830959,774.542385605479,826.25901554192
"NM_001106761",609.230821332404,550.186935151292,408.559386690593,556.34875664171,569.359154767116,527.361592297888
"NM_001106760",246.923098040028,251.172296482111,192.47686661868,206.20484439482,282.977820729685,314.286201470458
"NM_022799",1283.07703280612,1682.45570024525,1390.91773424442,1528.34178786749,1310.83883966878,1321.06742313006
"NM_019620",893.076999453184,1231.94031131702,849.803524316434,795.303782205119,915.545079783501,942.858604411375
"NM_012761",66.9230826463626,63.7897895827585,78.0802383453134,73.5868268232495,69.0426985285487,60.9632368200701
"NM_013041",73.8461601615036,75.7503751295257,47.2113069064686,107.549977664749,116.691884836984,69.8413781045463
"NM_001134883",212.307710464323,245.192003708728,172.502852158251,248.658782946695,290.757279718818,222.545408197537
"NM_001130542",378.461570827706,358.817566403016,477.560527553894,283.430580236801,207.128095585646,290.019281959557
"NM_001107159",2501.53867547093,1770.16666092155,1861.2149838127,3094.68995881951,2600.77038330427,2481.14455096829
"NM_001100719",3930.00033609502,4758.31961668889,4908.16009877633,3682.1716037326,3396.22006494305,3395.59310326934
"NM_153318",1763.0770738559,1367.49361418038,1890.26809575514,4115.60610018602,3423.93438759183,4869.36455649239
"NM_001351983",85.3846226867385,13.9540164712284,21.7898339568316,5.66052514024996,6.32081042866995,4.14313259942224
"NM_017109",18.4615400403759,5.98029277338361,21.7898339568316,14.5556360749285,17.0175665387268,32.5531847097461
"NM_001108085",92.3077002018795,55.8160658849137,76.2644188489108,54.1793120566782,40.8421596929443,67.4738737620193
"NM_021745",1982.30786183536,1176.12424543211,1022.30637647468,3255.20627886803,5047.41023538637,3921.77094339596
"NM_001171177",9.23077002018795,23.9211710935344,16.3423754676237,16.9815754207499,34.5213492642743,21.3075390827429
"NM_001024759",346.153875757048,418.620494136852,355.900621294917,419.2831836028,453.639702303774,436.212675110598
"NM_145184",1315.38472787678,1215.99286392133,1329.17987136673,1354.07847819265,1215.05425086509,973.044284778594
"NM_001134886",930.000079533935,1144.22935064073,840.724426834421,1052.45335286219,793.018600704668,899.059774074625
"NM_001130501",66.9230826463626,33.8883257158404,45.3954874100659,68.3306249073031,59.3183747921334,47.3500868505399
"NM_198751",3106.15411179324,4078.55967144762,3811.40512294913,2404.51021493332,2559.44200742451,2701.91433090893
"NM_001134837",16.1538475353289,27.9080329424568,12.7107364748185,21.4291308880891,12.6416208573399,23.6750434252699
"NM_001130556",10405.3855052569,5942.41758581884,4986.24033712164,13607.9024371609,14913.7090983533,17223.5940918839
"NM_001079895",297.692333151061,245.192003708728,337.74242633089,338.82286196639,258.180795201826,245.036699451544
"NM_013196",593.076973797076,1154.19650526304,392.21701122297,1024.95937360955,703.554822329647,668.819976763875
"NM_001271239",20.7692325454229,17.9408783201508,21.7898339568316,23.8550702339105,20.4210798464721,29.5938042815874
"NM_001108750",396.923110868082,635.904464903123,437.612498633036,530.472070286282,667.574824504911,706.108170158676
"NM_001172063",39.2307725857988,21.9277401690732,43.5796679136633,27.4939792526427,35.4937816379159,44.9825825080129
"NM_138832",16.1538475353289,21.9277401690732,18.1581949640264,21.0248076637856,7.29324280231148,21.8994151683747
"NM_001013047",1066.15393733171,1132.26876509396,1212.96742359696,927.517476552386,1010.35723621355,1058.8663171952
"NM_001025403",496.153888585102,414.63363228793,464.849791079075,407.153486873693,477.464295457992,494.808407588141
"NM_001011905",2656.15407330908,2713.0594881917,2701.93941064712,3590.79455503999,4502.36188996029,4165.62389067624
"NM_001163063",53.0769276160807,51.8292040359912,36.3163899280527,51.3490494865532,65.1529690339826,52.0850955355938
"NM_133283",3883.84648599408,3321.05592015236,3008.81290553917,3560.47031321722,3309.18736750213,3668.44797874557
"NM_001014200",1043.07701228124,823.286971802476,766.275827481913,1000.29565692703,917.003728343963,1027.49688465671
"NM_001109605",133.846165292725,301.008069593641,268.74128546759,87.3338164495708,87.5189136277378,110.680828013137
"NM_001014082",9256.15463774346,8920.60338696388,8036.81709107807,4807.80746019373,4739.63538912882,4800.70693055911
"NM_001108068",994.615469675251,1068.4789755112,1118.54480978402,1188.30595622819,1342.44289181213,1150.01523438249
"NM_001108066",20.7692325454229,21.9277401690732,10.8949169784158,33.5588276171962,28.2005388356044,19.5319108258477
"NM_001108071",32.3076950706578,17.9408783201508,19.974014460429,19.4075147665713,26.2556740883213,24.8587955965334
"NM_130829",159.230782848242,159.474473956896,148.897198705016,219.143187572534,352.506735445055,185.257214802737
"NM_031725",1647.69244860355,1674.48197654741,1819.45113539544,899.214850851136,910.682917915294,999.678708632023
"NM_001100903",2049.23094448172,2202.74117152963,2113.61389381267,3240.2463195688,2983.42252233222,2912.62221739383
"NM_001271352",30.0000025656108,35.8817566403016,36.3163899280527,48.9231101407318,6.80702661549071,29.5938042815874
"NM_020087",136.153857797772,55.8160658849137,127.107364748185,154.04714845966,194.972690915127,200.054116943531
"NM_001191986",500.769273595196,285.060622197952,473.928888561088,367.12548766764,325.764845169913,373.473810033633
"NM_001126281",152.307705333101,119.605855467672,176.134491151056,122.509936963981,133.22323518889,230.23979731075
"NM_001108076",186.923092908806,153.494181183513,239.688173525148,226.825328834302,198.862420409693,265.752362448655
"NM_207614",1486.15397325026,1883.79222361584,1832.16187187026,1694.51863305626,1657.51098087199,1417.54322508804
"NM_001108740",283.846178120779,372.771582874245,212.450881079109,145.556360749285,166.772152079523,168.092808319416
"NM_001191878",542.307738686042,643.878188600968,666.405755179768,496.913242669086,462.877809853369,393.597596945113
"NM_001106774",136.153857797772,71.7635132806033,65.3695018704949,177.093572244963,209.55917651975,149.744649664832
"NM_001108079",9.23077002018795,7.97372369784481,7.26327798561055,8.08646448607137,7.77945898913225,10.0618934557397
"NM_001108741",846.923149352244,881.096468611851,635.536823740923,661.877118184942,813.43968055114,680.065622390879
"NM_001191778",2665.38484332927,3285.17416351206,3125.02535330894,8432.16084285092,6083.0507133146,9017.23216459968
"NM_031553",660.000056443438,613.97672473405,588.325516834454,950.563900337689,792.046168331027,599.570474744961
"NM_001134887",473.076963534632,731.589149277261,655.510838201352,420.496153275711,627.218880998787,346.247510094573
"NM_001246357",1924.61554920919,1231.94031131702,1085.86005884878,1517.02073758699,1944.86474728306,1605.1679442333
"NM_001106776",777.692374200834,865.149021216162,768.091646978315,578.99085720271,737.589955407101,684.800631075933
"NM_001173427",80.7692376766445,87.7109606762929,123.475725755379,97.8462202814636,70.9875632758317,113.048332355664
"NM_001191779",708.461599049425,1054.52495903998,1131.25554625884,576.969241081192,627.705097185608,417.864516456014
"NM_001191780",1211.53856514967,1385.43449250054,1165.75611669049,1315.66777188381,1401.76126660427,1175.46590606465
"NM_001106780",4.61538501009397,1.9934309244612,3.63163899280527,10.5124038318928,6.80702661549071,4.73500868505398
"NM_017159",2268.46173246119,1684.44913116972,1603.36861532353,5838.02303571922,4850.97889591078,7085.94049718329
"NM_145780",692.307751514096,689.727099863576,691.827228129405,478.314374351121,395.779976072103,367.555049177316
"NM_001137645",173.076937878524,145.520457485668,248.767271007161,144.747714300678,108.426209661031,133.763995352775
"NM_001108084",1359.23088547268,502.344592964223,1069.51768338115,1880.5073162359,2210.3387852872,1970.35548906809
"NM_001014266",886.153921938043,1020.63663332414,857.066802302045,640.447987296852,529.975643634634,625.613022512758
"NM_053598",7532.30833647336,9111.97275571215,6266.3930820855,6295.31260240656,9152.04728452727,6176.22695356729
"NM_053311",992.307777170204,1166.1570908098,1045.91202992792,1134.93529062012,983.129129751588,988.433063005019
"NM_001135755",108.461547737208,125.586148241056,196.108505611485,141.108805281945,107.93999347421,99.4351823861337
"NM_001108089",186.923092908806,187.382506899353,176.134491151056,213.482662432284,217.338635508882,195.910984344109
"NM_001108091",1901.53862415872,1457.19800578114,1292.86348143868,2134.82662432284,2201.58689392443,2957.01292381621
"NM_001108745",55.3846201211277,35.8817566403016,54.4745848920791,86.5251700009636,141.002694178022,108.905199756242
"NM_053514",76.1538526665505,39.868618489224,29.0531119424422,265.236035143141,346.672141203206,301.26492758656
"NM_033485",1029.23085725096,835.247557349244,1325.54823237392,758.914692017798,769.194007550451,599.570474744961
"NM_053890",1130.76932747302,1204.03227837457,1263.81036949624,752.041197204637,754.121305759007,641.001800739183
"NM_001191782",66.9230826463626,59.8029277338361,52.6587653956765,197.714056684445,116.691884836984,160.398419206204
"NM_001039340",383.0769558378,440.548234305926,310.505133884851,402.705931406354,340.351330774536,369.922553519843
"NM_001309455",1059.23085981657,1387.427923425,1016.85891798548,1209.33076389197,1233.53046596428,1017.43499120097
"NM_001108991",263.076945575356,69.7700823561421,63.5536823740923,505.404030379461,452.667269930133,418.456392541646
"NM_001106784",11.5384625252349,5.98029277338361,3.63163899280527,12.9383431777142,7.77945898913225,17.7562825689524
"NM_001011988",830.769301816915,956.846843741377,862.514260791252,832.097195616744,849.905894562698,861.179704594193
"NM_017313",1149.2308675134,1138.24905786735,1060.43858589914,1151.91686604087,1226.23722316197,1147.05585395433
"NM_001108099",1283.07703280612,2198.75430968071,2088.19242086303,844.226892345851,636.456988548382,665.860596335717
"NM_001011989",2563.8463731072,2093.10247068426,2082.74496237382,1903.5537400212,2098.99527850524,2145.55081041509
"NM_001191784",66.9230826463626,25.9146020179956,39.948028920858,30.7285650470712,64.6667528471618,34.3288129666414
"NM_001040176",2381.53866520849,2742.96095205861,2398.69755474788,2563.40924208462,2310.01310358546,2169.81772992599
"NM_001271079",491.538503575008,606.003001036205,695.45886712221,473.866818883782,461.419161292906,472.317116334135
"NM_017302",1278.46164779603,1277.78922257963,1105.83407330921,1056.90090832953,999.174263916673,1107.99203230263
"NM_001044250",1093.84624739227,1305.69725552209,1459.91887510772,1008.3821214131,963.194266091936,868.874093707406
"NM_001170566",1502.30782078559,1542.91553553297,1134.88718525165,1871.61220530122,1544.70882552957,1941.94543695777
"NM_001130557",3394.61567492412,2729.00693558739,2602.06933834498,4505.77801163897,5434.43832009569,4508.32014425703
"NM_199208",2003.07709438078,1479.12574595021,1492.60362604297,7836.99705667607,4530.07621260907,1509.87589444659
"NM_001012113",1128.46163496798,1068.4789755112,1203.88832611495,997.0610711326,959.30453659737,1005.59746948834
"NM_031640",3872.30802346884,2192.77401690732,1899.34719323716,6047.86678913278,6325.67259053816,6465.65435944122
"NM_001130559",484.615426059867,552.180366075753,535.666751438778,337.60989229348,303.398900576158,332.634360125042
"NM_031735",376.153878322659,434.567941532542,433.98085964023,370.360073462069,329.168358477658,349.798766608363
"NM_001282325",528.46158365576,584.075260867132,599.22043381287,485.996515612889,495.45429437036,474.09274459103
"NM_001024371",131.538472787678,418.620494136852,394.032830719372,456.480920238729,593.669964108154,414.313259942224
"NM_001134527",57.6923126261747,27.9080329424568,23.6056534532343,38.0063830845354,35.0075654510951,27.8181760246922
"NM_001130536",263.076945575356,368.784721025322,384.953733237359,282.621933788194,268.877551311883,250.955460307861
"NM_057153",16.1538475353289,5.98029277338361,3.63163899280527,16.1729289721427,13.6140532309814,12.4293977982667
"NM_053546",20.7692325454229,27.9080329424568,18.1581949640264,50.9447262622496,32.5764845169913,67.4738737620193
"NM_001113785",1361.53857797772,1309.68411737101,1045.91202992792,1200.8399761816,1351.68099936173,1195.58969297613
"NM_001011990",3062.30795419735,3835.36109866335,3604.40170035923,1847.352811843,2065.44636161461,1812.32457420441
"NM_001034931",48.4615426059867,51.8292040359912,70.8169603597028,115.636442150821,79.7394546386055,63.3307411625971
"NM_001130539",189.230785413853,219.277401690732,172.502852158251,189.627592198374,182.817286244608,163.949675719994
"NM_001130540",1377.69242551305,1162.17022896088,1530.73583546742,821.180468560548,968.542644146965,734.518222268999
"NM_198786",7336.15447354437,4676.58894878598,4982.60869812884,5114.28446421584,4387.61486987059,4150.23511244982
"NM_001130541",1352.30780795753,613.97672473405,768.091646978315,2331.73203455868,2579.37687108416,2643.31859843139
"NM_001130548",1273.84626278594,912.99136340323,1076.78096136676,2582.00811040259,2599.31173474381,3429.33004015035
"NM_057104",3537.69261023703,1975.49004614105,809.855495395576,5007.5431329997,4286.48190301187,4305.30664688534
"NM_001130717",18.4615400403759,47.8423421870688,47.2113069064686,33.5588276171962,25.2832417146798,39.6556977373271
"NM_133620",1276.15395529098,1309.68411737101,1087.67587834518,1481.03597062397,1446.00693960496,1424.05386202999
"NM_001271056",295.384640646014,239.211710935344,335.926606834488,322.649932994248,414.742407358113,291.20303413082
"NM_001127578",3754.61570571145,3823.40051311659,3057.84003194204,4113.98880728881,3968.98273301791,3532.9083551359
"NM_001134842",454.615423494256,277.086898500107,521.140195467557,786.408671270441,486.216186820765,585.365448689799
"NM_001100995",376.153878322659,402.673046741163,481.192166546699,316.989407853998,345.699708829564,333.226236210674
"NM_001130563",5600.76970974904,6010.19423725052,3546.29547647435,3355.88276171962,3650.99734683713,3059.40748663051
"NM_001024876",392.307725857988,390.712461194396,446.691596115049,350.14391224689,317.49916999396,378.208818718687
"NM_001044245",643.846208908109,496.364300190839,668.22157467617,636.404755053817,620.898070570117,659.941835479399
"NM_001126267",383.0769558378,462.475974474999,512.061097985544,509.8515858468,492.050781062615,432.661418596808
"NM_001130564",1887.69246912843,1897.74624008706,1710.50196561128,2176.87623965041,2143.72716769275,2037.23748674448
"NM_178097",57.6923126261747,57.8094968093749,90.7909748201318,76.821412617678,77.3083737045017,90.5570411016575
"NM_001011991",207.692325454229,338.883257158404,985.989986546632,166.176845188767,203.23836609108,171.644064833207
"NM_001134957",212.307710464323,163.461335805819,234.24071503594,239.359348787713,336.94781746679,297.713671072769
"NM_022249",62.3076976362686,43.8554803381464,47.2113069064686,77.2257358419816,100.646750671898,62.1469889913336
"NM_001034156",807.692376766445,653.845343223274,769.907466474718,952.181193234904,970.973725081068,877.160358906251
"NM_013081",1853.07708155273,1788.1075392417,1814.00367690623,1860.29115502072,1801.43097217094,1877.43094362391
"NM_001134865",276.923100605638,310.975224215947,359.532260287722,360.656316078783,372.927815291527,353.941899207785
"NM_001011993",904.615461978419,669.792790618964,608.299531294883,821.584791784851,682.161310109534,871.241598049933
"NM_053437",1458.4616631897,1243.90089686379,1354.60134431637,1136.95690674163,1040.01642360962,1019.8024955435
"NM_001130572",32.3076950706578,55.8160658849137,99.870072302145,90.9727254683029,30.6316197697082,49.7175911930668
"NM_173122",191.5384779189,223.264263539655,225.161617553927,194.479470890016,205.183230838363,238.526062509594
"NM_139108",863.076996887573,928.93881079892,670.037394172573,596.376755847763,594.642396481796,620.878013827704
"NM_001025066",606.923128827357,1349.55273586023,1708.68614611488,1592.62918053176,1307.43532636104,3052.30497360293
"NM_001191787",25.3846175555169,27.9080329424568,38.1322094244554,27.4939792526427,59.3183747921334,52.0850955355938
"NM_133555",131.538472787678,117.612424543211,308.689314388448,240.572318460623,228.035391618939,263.97673419176
"NM_001305877",253.846175555169,193.362799672737,217.898339568316,86.1208467766601,141.975126551663,102.986438899924
"NM_001008384",313.84618068639,269.113174802262,388.585372230164,376.424921826622,361.258626807829,424.375153397963
"NM_138845",2118.46171963313,2178.82000043609,1910.24211021557,2204.37021890306,1833.03502431429,2097.60884747892
"NM_198787",394.615418363035,416.627063212391,424.901762158217,511.06455551971,546.993210173361,464.622727220922
"NM_001244855",3034.61564413679,3590.16909495462,3849.53733237359,3481.22296125372,2803.52253320853,2668.17739402792
"NM_001034135",1885.38477662339,2182.80686228502,1792.2138429494,1523.89423240015,1371.12964683456,1245.89916025483
"NM_001126269",1211.53856514967,1327.62499569116,946.041957625774,795.303782205119,807.605086309291,862.955332851089
"NM_001008323",417.692343413505,562.147520698059,617.378628776897,175.071956123445,171.63431394773,142.642136637251
"NM_130740",1984.61555434041,1985.45720076336,2193.50995165439,1405.4275276792,1550.54341977142,1357.76374043923
"NM_001191788",710.769291554472,737.569442050645,715.432881582639,547.453645707032,612.632395394164,619.102385570809
"NM_001130574",1149.2308675134,1078.44613013351,1163.94029719409,1153.12983571378,1188.79857677677,1024.53750422856
"NM_001134780",641.538516403062,512.311747586529,711.801242589834,516.72508065996,335.002952719507,401.883862143957
"NM_001282324",782.307759210928,199.34309244612,466.665610575478,383.702739864086,2452.47444632394,1690.39810056427
"NM_001130680",9.23077002018795,7.97372369784481,16.3423754676237,11.7253735048035,11.1829722968776,19.5319108258477
"NM_133313",2162.30787722903,2645.28283676002,2407.7766522299,2024.44638408797,1902.07772284283,2093.46571487949
"NM_001173336",120.000010262443,167.448197654741,237.872354028745,72.3738571503388,64.180536660341,73.3926346183368
"NM_001130500",80.7692376766445,115.61899361875,277.820382949603,262.001449348712,78.767022264964,188.808471316528
"NM_001108103",916.153924503654,1046.55123534213,882.488275251681,1261.48845982713,1276.31749040451,1154.75024306754
"NM_001085485",1700.76937621963,1421.31624914084,1178.46685316531,1855.03495310477,1811.15529590735,2023.03246068932
"NM_001106789",1601.53859850261,1415.33595636745,1211.15160410056,2039.4063433872,1762.04746103845,1796.93579597799
"NM_001024877",888.46161444309,930.932241723381,922.43630417254,738.294207578316,626.732664811967,758.785141779901
"NM_133611",30.0000025656108,25.9146020179956,21.7898339568316,25.8766863554284,29.1729712092459,43.7988303367494
"NM_001191789",64.6153901413156,47.8423421870688,65.3695018704949,94.2073112627315,94.8121564300492,92.9245454441845
"NM_001100887",798.461606746257,960.833705590299,798.96057841716,1056.90090832953,990.90858874072,1051.76380416762
"NM_001034940",339.230798241907,324.929240687176,303.24185589924,276.961408647944,285.408901663789,228.464169053855
"NM_001271170",1513.84628331082,1744.25205890355,1697.79122913647,1754.35847025318,1731.41584126875,1471.99582496616
"NM_001108108",890.769306948137,755.510320370796,826.1978708632,905.684022439993,1013.27453333447,983.106178234334
"NM_001039454",186.923092908806,127.579579165517,170.687032661848,184.371390282427,222.20079737709,205.972877799848
"NM_031715",122.30770276749,73.7569442050645,99.870072302145,122.105613739678,142.461342738484,171.644064833207
"NM_019381",19504.6170526571,17482.3892075247,16022.7912362569,18380.1294536159,19500.1863886336,18312.6460894463
"NM_001191615",1802.3078464417,1754.21921352586,1211.15160410056,2174.45030030459,3034.96143813522,3120.96259953621
"NM_001105746",87.6923151917855,109.638700845366,112.580808776963,106.337007991839,97.2432373641531,81.0870237315495
"NM_019266",11.5384625252349,15.9474473956896,7.26327798561055,13.7469896263213,18.9624312860098,14.7969021407937
"NM_001126282",680.769288988861,602.016139187283,668.22157467617,614.166977717121,554.286452975673,530.320972726046
"NM_012655",1991.53863185555,1843.92360512661,1737.73925805732,2160.70331067827,2234.64959462824,2475.22579011197
"NM_001108115",392.307725857988,362.804428251939,410.375206186996,375.211952153712,396.266192258924,372.881933948001
"NM_153728",4091.53881144831,4477.24585633986,3876.77462481963,2535.91526283198,1901.10529046919,1997.58178900715
"NM_001191909",117.692317757396,159.474473956896,161.607935179835,169.007107758892,144.892423672588,95.8839258723432
"NM_001135003",440.769268463974,490.384007417456,401.296108704983,475.079788556693,508.582131414521,437.988303367494
"NM_173305",1045.38470478628,1499.06005519482,1625.15844928036,1869.994912404,2115.04041267033,3641.81355489215
"NM_001198580",258.461560565262,275.093467575646,332.294967841683,239.359348787713,301.454035828875,193.543480001582
"NM_001105939",13.8461550302819,19.934309244612,21.7898339568316,4.04323224303568,4.86216186820765,4.14313259942224
"NM_134364",43458.4652550448,33340.1322116136,30509.3991785571,45740.6820422384,46138.5126159829,53039.1997856322
"NM_001130989",6401.53900900034,6117.83950717143,6500.63379712144,5161.18595823505,5072.69347710104,3857.84832614773
"NM_001198562",274.615408100591,15.9474473956896,12.7107364748185,3.23458579442855,3.40351330774536,1.1837521712635
"NM_001107158",1290.00011032127,1546.90239738189,1545.26239143864,1551.38821165279,1430.93423781351,1454.23954239721
"NM_001037765",844.615456847197,831.260695500321,731.775257050263,891.532709589368,921.37967402535,868.282217621775
"NM_138904",4.61538501009397,3.9868618489224,3.63163899280527,5.66052514024996,16.0451341650853,9.47001737010797
"NM_031340",228.461557999652,279.080329424568,343.189884820098,315.776438181087,370.010518170602,455.744585936446
"NM_001024351",5469.23123696136,1074.45926828459,430.349220647425,14332.8539783372,15036.2355774322,2740.38627647499
"NM_001009385",4804.61579550783,1219.97972577026,1053.17530791353,6154.60812034892,7042.84146609879,4468.07257043407
"NM_001108727",316.153873191437,213.297108917349,148.897198705016,452.842011219997,395.779976072103,539.199114010523
"NM_001244819",48.4615426059867,31.8948947913792,32.6847509352475,10.9167270561963,11.6691884836984,10.6537695413715
"NM_001077585",1871.53862159311,2244.60322094331,1863.03080330911,1577.66922123252,1580.20260716749,1839.55087414347
"NM_130755",2229.23095987539,2027.31925017704,2139.03536676231,1978.75785974166,1924.44366743659,2066.23941494043
"NM_130410",27.6923100605638,23.9211710935344,352.268982302112,6.06484836455353,6.32081042866995,11.837521712635
"NM_001108728",293.076948140967,328.916102536098,417.638484172606,186.797329628249,198.862420409693,359.268783978471
"NM_001191875",482.30773355482,536.232918680063,553.824946402804,647.725805334317,535.324021689663,659.349959393767
"NM_001034939",87.6923151917855,65.7832205072197,49.0271264028712,54.5836352809817,42.7870244402273,62.7388650769653
"NM_001008862",1061.53855232161,968.807429288144,904.278109208513,1411.89669926806,1321.53559577884,1556.04222912587
"NM_017249",1532.3078233512,1740.26519705463,2144.48282525151,1342.75742791215,1392.52315905467,1284.96298190653
"NM_001109486",43.8461575958927,43.8554803381464,54.4745848920791,43.6669082247854,52.0251319898219,37.8800694804319
"NM_001012195",403.846188383223,420.613925061314,381.322094244554,391.384881125854,471.143485029322,372.881933948001
"NM_139083",5831.53896025373,10884.1328475582,10130.4569704303,5601.49394950164,5314.34292195097,6170.30819271097
"NM_017218",3408.4618299544,3612.0968351237,2870.81062381257,4200.91830051408,3568.82681126442,5215.02019050133
"NM_013224",221.538480484511,139.540164712284,197.924325107887,120.08399761816,105.022696353285,83.4545280740765
"NM_001191090",166.153860363383,143.527026561207,134.370642733795,171.837370329017,203.23836609108,175.787197432629
"NM_001004206",2312.30789005708,2796.78358701907,3243.05362057511,1675.91976473829,1407.59586084612,1363.09062520992
"NM_199501",295.384640646014,342.870119007327,308.689314388448,555.944433417407,417.659704479037,404.251366486484
"NM_080787",789.230836726069,948.873120043532,704.537964604223,939.647173281493,827.539949968943,1055.31506068141
"NM_001079936",4225.38497674103,3554.28733831432,3490.00507208587,5125.20119127203,4879.6656509332,5035.68173655491
"NM_031127",2706.92330842012,1560.85641385312,1380.022817266,3343.34874176621,3703.99491120059,4120.64130816823
"NM_001108986",417.692343413505,416.627063212391,432.165040143828,319.819670424123,324.792412796271,308.959316699773
"NM_001105941",563.076971231465,364.7978591764,319.584231366864,683.306249073031,774.542385605479,691.311268017882
"NM_001033070",1003.84623969544,1008.67604777737,995.069084028645,835.331781411172,827.539949968943,641.001800739183
"NM_017203",30.0000025656108,25.9146020179956,29.0531119424422,43.2625850004818,43.7594568138689,41.4313259942224
"NM_017125",1991.53863185555,1417.32938729191,1674.18557568323,1095.71593786267,1791.70664843452,958.2473826378
"NM_001109281",94.6153927069264,93.6912534496765,101.685891798548,103.10242219741,89.9499945618416,89.373288930394
"NM_053690",750.000064140271,833.254126424782,777.170744460329,768.21412617678,804.687789188367,904.978534930943
"NM_001105940",1631.53860106822,1469.15859132791,1207.51996510775,1195.58377426565,1228.66830409607,1140.54521701238
"NM_001024276",21297.6941290786,13078.9002953899,12380.2573264732,18938.9041496034,18535.5334739812,13613.1499695302
"NM_030842",1116.92317244274,743.549734824028,744.485993525081,842.609599448637,810.522383430216,952.328621781483
"NM_133390",396.923110868082,444.535096154848,339.558245827293,367.12548766764,308.747278631186,343.288129666414
"NM_001106771",267.69233058545,245.192003708728,283.267841438811,168.198461310284,135.654316122994,170.460312661943
"NM_001139487",272.307715595544,133.559871938901,99.870072302145,223.590743039873,187.679448112815,109.497075841873
"NM_001031649",293.076948140967,338.883257158404,314.136772877656,202.565935376088,304.85754913662,274.038627647499
"NM_001039013",408.461573393317,225.257694464116,263.293826978382,470.22790986505,426.411595841811,477.644001104821
"NM_001108075",13.8461550302819,3.9868618489224,21.7898339568316,8.89511093467851,10.6967561100568,24.2669195109017
"NM_019220",4993.84658092168,3831.37423681443,4307.12384546705,4811.44636921246,4838.33727505344,5252.90025998176
"NM_031033",722.307754079707,867.142452140623,813.487134388381,618.210209960156,564.983209085729,629.75615511218
"NM_053542",16.1538475353289,27.9080329424568,54.4745848920791,63.8830694399638,35.9799978247366,66.8819976763875
"NM_001108074",480.000041049773,410.646770439008,637.352643237326,593.950816501942,507.123482854058,597.202970402434
"NM_031567",1525.38474583606,1315.66441014439,1556.15730841706,2242.37660198759,1876.79448112815,1718.8081526746
"NM_001025006",1153.84625252349,1299.7169627487,1236.5730770502,955.415779029332,846.988597441773,859.99595242293
"NM_001106770",1045.38470478628,1094.3935775292,1062.25440539554,864.038730336726,851.850759309981,957.655506552169
"NM_001108731",1121.53855745284,994.72203130614,956.93687460419,978.866526038939,951.038861421417,1063.00944979462
"NM_031781",2127.69248965332,1831.96301957984,1470.81379208614,1721.20396586029,2277.92283525529,1942.5373130434
"NM_001081447",516.923121130525,534.239487755602,513.876917481946,482.357606594157,492.536997249435,477.052125019189
"NM_001108073",1017.69239472572,711.654840032649,1060.43858589914,782.769762251708,983.129129751588,808.502732972968
"NM_001108730",200.769247939088,368.784721025322,372.242996762541,121.701290515374,124.957560012937,153.887782264255
"NM_017054",96.9230852119734,57.8094968093749,39.948028920858,117.253735048035,154.616747409003,157.439038778045
"NM_001009967",13.8461550302819,9.96715462230601,12.7107364748185,11.7253735048035,7.77945898913225,7.69438911321273
"NM_021859",48.4615426059867,31.8948947913792,36.3163899280527,29.5155953741605,53.969996737105,30.1856803672192
"NM_017245",72618.4677488186,78539.1849928469,69892.7082360339,46935.0528468311,42775.8414679305,56789.326664195
"NM_022546",1179.23087007901,1576.80386124881,1608.81607381274,876.97707351444,1053.14426065378,867.690341536143
"NM_054002",609.230821332404,731.589149277261,815.302953884784,901.640790196958,949.093996674134,925.102321842422
"NM_001100757",514.615428625478,420.613925061314,553.824946402804,497.317565893389,456.070783237878,524.402211869729
"NM_022703",1497.69243577549,1610.69218696465,1412.70756820125,1330.22340795874,1295.27992169052,1360.72312086739
"NM_172075",699.230829029237,996.715462230601,1002.33236201426,421.304799724318,337.434033653611,440.355807710021
"NM_001012115",10779.2316910745,14534.1048702466,9327.86475302035,12216.221899108,10763.3677276513,12003.2470166119
"NM_001008356",530.769276160807,544.206642377908,399.48028920858,524.407221921728,547.965642547003,520.850955355938
"NM_001305235",249.230790545075,181.402214125969,252.398909999967,370.764396686372,301.454035828875,271.671123304972
"NM_145781",2226.92326737034,2242.60979001885,2171.72011769755,1415.13128506249,1377.45045726323,1679.7443310229
"NM_001008321",108.461547737208,769.464336842024,274.188743956798,26.6853328040355,52.5113481766427,63.3307411625971
"NM_001108732",364.615415797424,301.008069593641,341.374065323696,244.615550703659,256.235930454543,246.220451622807
"NM_001108733",1033.84624226105,986.748307608295,1414.52338769765,1380.76381099669,1415.37531983525,1212.16222337382
"NM_001108072",620.769283857639,580.08839901821,532.035112445973,420.900476500015,393.83511132482,452.193329422656
"NM_001011986",496.153888585102,673.779652467886,595.588794820065,580.608150099924,513.930509469549,485.930266303665
"NM_001033870",133.846165292725,67.7766514316809,50.8429458992738,27.4939792526427,22.3659445937552,29.5938042815874
"NM_001108734",276.923100605638,219.277401690732,401.296108704983,265.640358367444,266.9326865646,292.386786302084
"NM_001011985",8104.61607772502,5938.43072396992,5118.79516035903,3702.79208817208,6011.09071766512,5654.78412212572
"NM_001012114",856.153919372432,918.971656176614,966.015972086203,880.211659308869,940.34210531136,935.164215298162
"NM_001127604",276.923100605638,320.942378838253,310.505133884851,204.587551497606,211.017825080212,160.990295291835
"NM_001103361",110.769240242255,133.559871938901,118.028267266171,107.145654440446,100.646750671898,98.8433063005019
"NM_001006983",1723.8463012701,1471.15202225237,1496.23526503577,1576.45625155961,1816.9898901492,1703.41937444817
"NM_133524",27.6923100605638,23.9211710935344,19.974014460429,19.0031915422677,17.5037827255476,13.6131499695302
"NM_001170557",6.92307751514096,9.96715462230601,10.8949169784158,9.29943415898207,4.86216186820765,10.0618934557397
"NM_001108735",1340.7693454323,1042.56437349321,1427.23412417247,1329.81908473444,1154.2772275125,994.351823861337
"NM_001035237",92.3077002018795,55.8160658849137,65.3695018704949,40.4323224303568,43.7594568138689,41.4313259942224
"NM_001106769",43.8461575958927,25.9146020179956,34.5005704316501,69.5435945802138,55.914861484388,63.3307411625971
"NM_001013218",16206.924462945,14510.1836991531,12803.343269135,7413.67064083023,9162.74404063732,8434.82609633804
"NM_017151",3549.23107276227,4114.44142808792,4163.67410525125,2944.68604260289,2665.43713615144,3306.81169042458
"NM_001025742",756.923141655412,1233.93374224148,951.489416114982,1082.77759468496,1094.47263653354,1202.69220600371
"NM_133559",230.769250504699,221.270832615193,192.47686661868,146.365007197892,89.4637783750208,132.580243181512
"NM_012793",6540.00055930316,4427.41008322833,3143.18354827296,7311.37686508143,9584.77969079775,8147.17431872101
"NM_001108736",256.153868060215,217.283970766271,237.872354028745,254.723631311248,184.762150991891,249.771708136598
"NM_001008525",1405.38473557361,1305.69725552209,1056.80694690633,1457.58522361436,1623.47584779454,1923.00540221755
"NM_001007657",530.769276160807,558.160658849137,562.904043884817,342.866094209426,477.464295457992,399.51635780143
"NM_139106",3886.15417849913,3749.64356891152,3397.39827776933,3159.78599793239,3355.86412143692,4020.02237361083
"NM_031147",470.769271029585,480.41685279515,522.956014963959,537.749888323746,493.995645809898,681.841250647774
"NM_001108069",1878.46169910825,1618.6659106625,1690.52795115085,2087.52080707932,1927.36096455751,2038.42123891574
"NM_001108070",23.0769250504699,13.9540164712284,12.7107364748185,22.6421005609998,21.8797284069344,14.205026055162
"NM_001109283",302.307718161155,320.942378838253,321.400050863267,159.303350375606,146.35107223305,187.032843059632
"NM_001191577",426.923113433692,556.167227924675,528.403473453167,567.265483697907,619.439422009655,674.146861534561
"NM_001039027",657.692363938391,717.635132806033,719.064520575444,498.126212341996,503.233753359492,600.754226916224
"NM_001109614",1968.46170680508,2374.17623103329,2086.37660136663,1224.29072319121,1168.3774969303,1338.23182961338
"NM_001108067",420.000035918552,348.85041178071,368.611357769735,466.184677622014,461.419161292906,311.3268210423
"NM_133308",23.0769250504699,17.9408783201508,10.8949169784158,24.2593934582141,27.7143226487836,11.837521712635
"NM_017165",276.923100605638,21.9277401690732,21.7898339568316,5.66052514024996,6.32081042866995,7.69438911321273
"NM_001039849",34.6153875757048,35.8817566403016,18.1581949640264,40.8366456546604,27.2281064619629,31.3694325384827
"NM_001100886",3131.53872934876,2818.71132718814,2888.9688187766,3171.91569466149,2446.15363589527,2675.87178314113
"NM_207598",129.230780282631,123.592717316595,127.107364748185,124.531553085499,137.599180870277,130.212738838985
"NM_001106768",1133.07701997807,1227.9534494681,1136.70300474805,1157.57739118112,941.800753871823,1186.71155169165
"NM_001077642",140.769242807866,131.566441014439,136.186462230198,219.143187572534,291.243495905638,243.85294728028
"NM_001271057",71.5384676564566,27.9080329424568,30.8689314388448,8.89511093467851,14.1002694178022,10.6537695413715
"NM_001173974",1331.53857541211,1570.82356847543,1541.63075244584,1911.64020450727,1378.90910582369,1527.63217701554
"NM_001106766",879.230844422902,922.958518025536,817.118773381187,925.900183655172,998.201831543031,1038.15065419809
"NM_057183",23.0769250504699,7.97372369784481,14.5265559712211,26.6853328040355,13.6140532309814,22.4912912540064
"NM_130751",30.0000025656108,29.901463866918,30.8689314388448,38.410706308839,25.2832417146798,36.1044412235366
"NM_001109882",110.769240242255,85.7175297518317,76.2644188489108,62.6700997670531,59.3183747921334,77.535767217759
"NM_001033702",1082.30778486704,1349.55273586023,1143.96628273366,864.443053561029,815.384545298424,757.009513523006
"NM_001109621",392.307725857988,476.429990946227,439.428318129438,359.847669630176,337.920249840432,379.984446975582
"NM_001108065",20.7692325454229,17.9408783201508,10.8949169784158,10.5124038318928,42.7870244402273,41.4313259942224
"NM_001013103",1460.76935569474,1522.98122628836,1588.84205935231,929.1347694496,811.981031990678,764.703902636219
"NM_139252",1350.00011545249,871.129313989545,1100.38661482,705.544026409727,490.105916315331,480.011505447348
"NM_001108737",500.769273595196,358.817566403016,394.032830719372,329.523427807408,384.597003775225,369.330677434211
"NM_001108738",1451.53858567455,1020.63663332414,1209.33578460416,1601.92861469074,1508.24261151801,1425.23761420125
"NM_001191876",115.384625252349,103.658408071982,139.818101223003,98.2505435057671,114.26080390288,113.048332355664
"NM_053855",1398.46165805847,1712.35716411217,1645.13246374079,1237.22906636892,1304.51802924011,1279.04422105021
"NM_001108064",879.230844422902,835.247557349244,906.093928704916,983.718404730582,918.462376904426,1019.8024955435
"NM_001013946",1384.61550302819,1058.5118208889,1138.51882424445,2399.65833624168,1903.5363714033,2841.59708711802
"NM_001134562",150.000012828054,107.645269920905,138.0022817266,189.627592198374,144.892423672588,192.95160391595
"NM_173124",69.2307751514096,21.9277401690732,23.6056534532343,41.6452921032676,35.9799978247366,62.7388650769653
"NM_173123",5284.6158365576,3018.05441963426,1961.08505611485,7384.55936868037,4836.87862649297,6259.08960555574
"NM_001009537",230.769250504699,247.185434633189,226.97743705033,248.254459722391,197.889988036052,263.97673419176
"NM_019623",13961.5396555343,6939.13304804944,8336.42730798451,36795.4350277462,36008.6845797591,35189.9926712356
"NM_001163062",76.1538526665505,91.6978225252153,87.1593358273266,93.8029880384279,45.7043215611519,101.802686728661
"NM_182823",83.0769301816915,99.6715462230601,70.8169603597028,110.784563459178,67.0978337812656,102.394562814292
"NM_001108063",66.9230826463626,61.7963586582973,25.4214729496369,68.3306249073031,62.7218880998787,98.8433063005019
"NM_001134561",136.153857797772,71.7635132806033,67.1853213668976,107.145654440446,104.536480166465,127.845234496458
"NM_001271445",648.461593918203,536.232918680063,613.746989784091,741.528793372745,738.076171593922,919.775437071737
"NM_032617",2116.15402712809,1823.989295882,1768.60818949617,2085.49919095781,2232.21851369413,2675.87178314113
"NM_001034108",3355.38490233832,2804.75731071691,2400.51337424429,2732.41634984352,3186.6608884233,3948.99724333502
"NM_001009664",323.076950706578,295.027776820258,305.057675395643,266.044681591748,185.248367178712,281.14114067508
"NM_199115",1599.23090599756,1985.45720076336,2316.98567740976,2552.89683825273,3351.00195956871,5972.02970402434
"NM_001105730",27.6923100605638,45.8489112626076,43.5796679136633,18.5988683179641,40.8421596929443,27.8181760246922
"NM_001108989",260.769253070309,235.224849086422,230.609076043135,176.284925796356,187.193231925995,136.131499695302
"NM_001014201",357.692338282283,356.824135478555,232.424895539538,239.359348787713,220.255932629807,300.673051500928
"NM_001106772",1211.53856514967,1062.49868273782,1114.91317079122,959.863334496672,1089.12425847851,1086.09261713426
"NM_012886",313.84618068639,442.541665230387,364.97971877693,264.427388694534,252.346200959977,327.899351439988
"NM_001012222",1239.23087521023,1076.45269920905,1071.33350287756,1153.93848216238,1163.51533506209,1230.5103820284
"NM_133312",332.307720726766,382.738737496551,450.323235107854,425.348031967354,466.767539347935,439.763931624389
"NM_001191877",646.153901413156,833.254126424782,806.223856402771,409.175102995211,483.298889699841,414.313259942224
"NM_198750",309.230795676296,193.362799672737,335.926606834488,616.997240287245,1058.97885489563,677.698118048352
"NM_001014265",120.000010262443,73.7569442050645,81.7118773381187,38.0063830845354,23.3383769673967,47.3500868505399
"NM_001108739",131.538472787678,193.362799672737,181.581949640264,230.464237853034,188.165664299636,233.791053824541
"NM_001013172",6.92307751514096,9.96715462230601,18.1581949640264,4.85187869164282,3.40351330774536,8.28626519884447
"NM_175598",233.076943009746,209.310247068426,226.97743705033,228.442621731516,271.308632245987,205.381001714217
"NM_001017458",740.769294120083,580.08839901821,515.692736978349,726.164510849209,744.883198209413,1057.68256502393
"NR_037343",2.30769250504699,5.98029277338361,14.5265559712211,6.87349481316066,6.80702661549071,8.28626519884447
"NM_001271340",235.384635514793,293.034345895797,310.505133884851,104.315391870321,141.002694178022,132.580243181512
"NM_001108742",10308.4624200449,11011.7124267237,8512.56179913556,12134.5486077987,10903.8842056425,9432.13730062754
"NM_001044304",13.8461550302819,39.868618489224,12.7107364748185,27.0896560283391,6.32081042866995,3.55125651379049
"NM_053729",1008.46162470553,1349.55273586023,1369.12790028759,844.226892345851,1290.41775982231,1074.84697150725
"NM_001135566",170.769245373477,219.277401690732,159.792115683432,135.448280141695,167.744584453164,148.560897493569
"NM_001008357",327.692335716672,366.791290100861,406.743567194191,307.689973695016,282.977820729685,295.938042815874
"NM_001170605",18.4615400403759,33.8883257158404,32.6847509352475,23.8550702339105,17.0175665387268,29.0019281959557
"NM_001012197",28525.3870548858,28727.3330524104,31765.9462700677,36542.3286893322,28791.2915025916,27861.3829789433
"NM_012619",15593.0782566025,13421.7704143973,8665.09063683338,27681.9895519438,36455.0310392605,28968.7831351603
"NM_001106775",300.000025656108,336.889826233943,281.452021942409,233.698823647463,246.025390531307,269.895495048077
"NM_001166676",32.3076950706578,17.9408783201508,61.7378628776897,165.772521964463,90.9224269354831,150.336525750464
"NM_001007750",3473.07722009571,2703.09233356939,2226.19470258963,4767.77946098768,4230.56704152748,3489.70140088479
"NM_022385",1758.4616888458,2447.93317523836,1959.26923661845,1292.62134809851,1477.61099174831,1364.27437738118
"NM_001108080",9.23077002018795,15.9474473956896,19.974014460429,10.9167270561963,16.0451341650853,24.2669195109017
"NM_153725",60.0000051312216,25.9146020179956,52.6587653956765,97.0375738328564,105.022696353285,51.4932194499621
"NM_001108081",147.692320323007,197.349661521659,217.898339568316,168.602784534588,163.368638771777,160.398419206204
"NM_023979",270.000023090497,418.620494136852,751.749271510692,316.989407853998,309.233494818007,299.489299329665
"NM_001009430",140.769242807866,219.277401690732,208.819242086303,204.183228273302,181.358637684145,193.543480001582
"NM_139100",1197.69241011939,532.246056831141,510.245278489141,272.109529956302,244.566741970845,285.284273274503
"NM_001270788",11.5384625252349,27.9080329424568,18.1581949640264,15.7686057478392,16.0451341650853,11.2456456270032
"NM_012887",1610.7693685228,1363.50675233146,1467.18215309333,1897.89321488095,1740.16773263152,1659.02866802579
"NM_001106779",510.000043615384,378.751875647628,457.586513093464,526.83316126755,444.887810941,411.353879514065
"NM_001108082",233.076943009746,237.218280010883,281.452021942409,230.464237853034,269.849983685525,211.299762570534
"NM_001108743",489.230811069961,332.902964385021,288.715299928019,502.169444585032,548.938074920644,564.057909607056
"NM_001030031",890.769306948137,647.865050449891,1044.09621043152,1200.03132973299,1260.27235623942,1190.26280820545
"NM_001126091",170.769245373477,277.086898500107,281.452021942409,182.754097385213,201.779717530618,228.464169053855
"NM_001191781",1993.8463243606,1499.06005519482,1031.3854739567,2599.39400904764,719.113740307912,1601.61668771951
"NM_022539",678.461596483814,958.840274665838,966.015972086203,720.503985708959,670.978337812656,558.73102483637
"NM_001006984",459.23080850435,420.613925061314,559.272404892012,363.082255424604,304.371332949799,279.957388503817
"NM_001106781",775.384681695787,861.162159367239,771.723285971121,902.045113421261,965.62534702604,1014.47561077282
"NR_132625",99.2307777170204,105.651838996444,69.0011408633002,57.0095746268032,45.2181053743312,62.7388650769653
"NM_058208",1825.38477149217,825.280402726938,853.435163309239,3196.17508811971,2115.04041267033,4687.06672211781
"NM_001106782",526.153891150713,621.950448431895,477.560527553894,622.253442203192,612.632395394164,604.305483430015
"NM_053928",219.230787979464,259.146020179956,257.846368489174,216.312925002409,276.657010301015,162.174047463099
"NM_001108086",489.230811069961,466.462836323921,375.874635755346,566.861160473603,476.978079271171,509.605309728935
"NM_017258",4368.46191205395,3454.61579209126,3121.39371431613,3794.16913686469,6234.26394741585,3730.59496773691
"NM_024129",302.307718161155,528.259194982219,225.161617553927,228.442621731516,215.87998694842,280.549264589449
"NM_031050",6.92307751514096,33.8883257158404,3.63163899280527,46.9014940192139,10.6967561100568,42.6150781654859
"NM_001025053",304.615410666202,466.462836323921,243.319812517953,409.579426219515,490.105916315331,437.988303367494
"NM_053883",526.153891150713,271.106605726723,513.876917481946,1990.07891002216,2773.37712962565,1563.73661823908
"NM_001135858",489.230811069961,544.206642377908,535.666751438778,619.018856408763,635.48455617474,574.711679148427
"NM_001014083",101.538470222067,121.599286392133,85.3435163309239,114.019149253606,121.067830518371,134.355871438407
"NM_022959",6.92307751514096,5.98029277338361,5.44745848920791,13.7469896263213,14.586485604623,9.47001737010797
"NM_001108090",279.230793110685,283.067191273491,272.372924460395,244.211227479355,321.875115675347,246.220451622807
"NM_177425",514.615428625478,520.285471284374,737.222715539471,437.073405472158,238.732147728996,380.576323061214
"NM_001109286",182.307707898712,241.205141859805,112.580808776963,266.044681591748,222.687013563911,303.040555843455
"NM_017180",76.1538526665505,83.7240988273705,181.581949640264,133.830987244481,385.083219962046,102.986438899924
"NM_053561",2469.23098040028,3235.33839040053,3408.29319474775,1380.76381099669,1044.87858547782,993.759947775705
"NM_001108094",936.923157049077,837.240988273705,956.93687460419,504.595383930853,588.807802239947,443.907064223811
"NM_001011987",143.076935312913,161.467904881357,167.055393669043,141.108805281945,136.626748496635,123.702101897035
"NM_001108990",30.0000025656108,57.8094968093749,58.1062238848844,49.3274333650353,47.1629701216142,65.698245505124
"NM_001136261",3251.5387396112,2850.60622197952,2387.80263776947,4006.03450639976,3921.81976289629,3883.89087391553
"NM_199098",863.076996887573,600.022708262822,702.72214510782,1423.62207277286,1239.36506020613,1367.23375780934
"NM_001004238",819.23083929168,907.011070629847,873.409177769668,780.748146130191,776.001034165942,674.146861534561
"NM_133526",53.0769276160807,39.868618489224,59.922043381287,54.5836352809817,47.1629701216142,30.7775564528509
"NM_001191783",4.61538501009397,13.9540164712284,14.5265559712211,12.9383431777142,6.80702661549071,10.6537695413715
"NM_001108097",611.538513837451,912.99136340323,709.985423093431,767.809802952477,839.209138452641,813.237741658022
"NM_001005905",4643.07732015454,5753.04164799503,6246.41906762507,2879.99432671432,2731.07632137224,2518.43274436309
"NM_001127527",1696.15399120953,825.280402726938,960.568513596995,850.291740710404,1164.97398362255,1034.00752159866
"NM_001128494",1262.3078002607,998.708893155062,869.777538776863,717.673723138834,620.898070570117,1061.82569762336
"NM_001106785",1260.00010775565,1361.513321407,1381.83863676241,1331.03205440735,1191.22965771088,1203.28408208934
"NM_001108098",48.4615426059867,33.8883257158404,27.2372924460396,63.0744229913567,70.9875632758317,69.8413781045463
"NM_001134687",1200.00010262443,1532.94838091066,1360.04880280557,940.051496505797,604.852936405032,535.647857496732
"NM_053830",186.923092908806,271.106605726723,245.135632014356,206.20484439482,182.817286244608,170.460312661943
"NM_134346",1024.61547224086,1217.98629484579,1240.204716043,1045.57985804903,973.891022201993,928.061702270581
"NM_001017459",133.846165292725,181.402214125969,230.609076043135,281.813287339587,218.797284069344,287.65177761703
"NM_001108100",604.61543632231,500.351162039762,513.876917481946,897.193234729618,1147.95641708383,1091.41950190494
"NM_054004",2773.84639106648,3179.52232451562,2965.23323762551,3245.09819826044,3152.62575534584,2697.77119830951
"NM_001108101",445.384653474068,687.733668939115,655.510838201352,295.560276965909,290.271063531997,223.729160368801
"NM_199116",1163.07702254368,972.794291137067,1389.10191474802,1113.10183650772,1127.04912105053,1152.38273872501
"NM_001134464",18.4615400403759,25.9146020179956,25.4214729496369,17.790221869357,13.1278370441607,8.28626519884447
"NM_001191000",385.384648342847,350.843842705172,370.427177266138,486.805162061496,698.69266046144,448.642072908865
"NM_001108747",5826.92357524364,3428.70119007327,4592.20750640227,5692.06235174564,5740.26830160596,4274.52909043248
"NM_001106786",816.923146786633,771.457767766485,740.854354532276,883.041921878993,905.820756047086,878.344111077514
"NM_001108102",3470.76952759067,3986.8618489224,4472.36341963969,2415.02261876521,1996.88987927288,1732.42130264413
"NM_001109287",13.8461550302819,11.9605855467672,12.7107364748185,4.44755546733925,4.86216186820765,6.51063694194923
"NM_053019",2314.61558256213,791.392077011097,748.117632517886,3739.5855015837,3758.45112412452,3553.03214204738
"NM_001007265",6443.07747409119,6476.65707357445,6101.15350791286,7158.13836307038,6586.28446667409,6834.3931607898
"NM_053593",1098.46163240237,1074.45926828459,1191.17758964013,798.538367999548,796.422114012414,864.139085022352
"NM_023026",18.4615400403759,19.934309244612,30.8689314388448,116.445088599428,80.711887012247,72.2088824470733
"NM_001008378",4066.15419389279,2912.40258063782,3386.50336079092,5001.07396141084,4728.93863301876,4280.4478512888
"NM_001191989",281.538485615732,416.627063212391,428.533401151022,177.093572244963,237.273499168533,258.057973335442
"NM_199395",50.7692351110337,23.9211710935344,36.3163899280527,64.2873926642674,71.4737794626525,82.270775902813
"NM_080480",897.692384463278,901.030777856463,978.726708561021,918.218042393404,941.800753871823,901.427278417152
"NM_022860",565.384663736512,669.792790618964,455.770693597062,1500.44348539054,1156.22209225978,1519.93778790233
"NM_001134595",6.92307751514096,5.98029277338361,10.8949169784158,19.4075147665713,14.1002694178022,17.7562825689524
"NM_212523",11.5384625252349,19.934309244612,29.0531119424422,22.2377773366963,11.6691884836984,10.6537695413715
"NM_001004239",4257.69267181169,4188.19837229299,4301.67638697785,3520.03799078687,3594.1100529791,3526.39771819396
"NM_031815",1513.84628331082,916.978225252153,1541.63075244584,4165.33785677536,3540.14005624199,3218.03027757981
"NM_001109986",27.6923100605638,17.9408783201508,61.7378628776897,9.29943415898207,13.6140532309814,7.69438911321273
"NM_001080789",6.92307751514096,7.97372369784481,9.07909748201318,8.49078771037494,6.80702661549071,9.47001737010797
"NM_001127659",4400.7696071246,3837.35452958781,4673.91938374039,3376.5032461591,2533.67254952301,2574.06909641247
"NM_022614",1133.07701997807,384.732168421012,499.350361510725,7814.35495611507,5280.79400506033,6460.91935075616
"NM_001130558",18.4615400403759,11.9605855467672,12.7107364748185,3023.93339456639,4910.78348688973,2272.80416882591
"NM_001271272",9.23077002018795,3.9868618489224,3.63163899280527,9.70375738328564,14.1002694178022,10.0618934557397
"NM_001008322",9237.69309770309,9532.58668077347,8145.76626086223,8734.99893785429,9606.65941920468,9326.19148129945
"NM_001130490",12152.3087315774,11219.0292428676,7272.35708309256,38827.1592298717,35346.944349496,30312.93372563
"NM_001134874",371.538493312565,404.666477665624,530.21929294957,458.502536360247,493.509429623077,429.702038168649
"NM_053302",1020.00008723077,839.234419198166,798.96057841716,1007.9777981888,1167.40506455666,1089.64387364805
"NM_001130537",560.769278726418,510.318316662068,473.928888561088,540.175827669567,873.244271530095,601.937979087488
"NM_133543",13654.616552363,5151.02550880775,4278.07073352461,19335.5452326453,28688.6998871724,30541.3978946838
"NM_001127553",888.46161444309,1098.38043937812,984.174167050229,1079.13868566622,1228.66830409607,1242.93977982667
"NM_199387",528.46158365576,484.403714644072,477.560527553894,427.369648088872,609.71509827324,424.967029483595
"NM_013082",12092.3087264462,8952.49828175526,5772.49017906398,20182.1980643369,19665.4998921527,19754.4562340452
"NM_133398",2215.38480484511,2511.72296482111,2217.11560510762,2307.47264110046,1853.45610416076,1690.39810056427
"NM_001013174",456.923115999303,695.707392636959,708.169603597028,556.34875664171,588.321586053126,594.835466059907
"NM_001130550",330.000028221719,257.152589255495,345.005704316501,196.501087011534,225.604310684835,294.754290644611
"NM_031714",18311.5400275478,9351.1844666475,8572.48384251685,29550.7714946749,34652.6276347159,31616.2448661911
"NM_022699",512.307736120431,909.004501554308,170.687032661848,104.315391870321,807.118870122471,825.667139456289
"NM_019360",3166.15411692447,2368.19593825991,2395.06591575508,3046.57549512739,3380.17493077796,3972.08041067466
"NM_001012116",85.3846226867385,53.8226349604525,70.8169603597028,147.982300095106,132.250802815248,166.317180062521
"NM_001130560",1913.07708668395,1588.76444679558,1714.13360460409,2563.81356530893,3318.91169123854,3532.31647905027
"NM_001013948",618.461591352592,787.405215162175,599.22043381287,960.671980945279,1231.585601217,1204.46783426061
"NM_134353",15840.0013546425,19412.0303424032,20348.0732766879,9907.94061155894,8213.16382777637,9739.32098907041
"NM_013011",4617.69270259902,4624.75974474999,5861.46533438771,4530.84605154579,5017.26483180348,3951.36474767755
"NM_001126087",2229.23095987539,1700.39657856541,1863.03080330911,1518.6380304842,1578.74395860702,1398.60319034782
"NM_001130543",334.615413231813,301.008069593641,265.109646474785,228.84694495582,194.972690915127,197.094736515372
"NM_031135",295.384640646014,550.186935151292,368.611357769735,360.656316078783,610.201314460061,435.620799024967
"NM_001011992",1105.38470991751,1277.78922257963,1312.83749589911,999.487010478421,1075.02398906071,1036.37502594119
"NM_001173334",627.69236137278,619.957017507434,428.533401151022,443.946900285318,616.52212488873,427.334533826122
"NM_001173558",853.846226867385,1291.74323905086,960.568513596995,820.776145336244,915.545079783501,866.506589364879
"NM_031705",6643.84672203027,4040.68448388286,3524.50564251752,12060.5574577511,11814.080907371,13230.7980182121
"NM_001130561",390.000033352941,592.048984564977,621.010267769702,227.229652058605,286.381334037431,246.812327708439
"NM_001130580",990.000084665157,1132.26876509396,933.331221150955,1079.94733211483,1059.46507108245,971.268656521699
"NM_001009665",960.000082099546,998.708893155062,953.305235611384,1035.87610066574,756.06617050629,725.048204898891
"NM_001126266",140.769242807866,161.467904881357,165.23957417264,119.679674393856,128.361073320682,111.272704098769
"NM_001025701",2995.38487155099,2772.86241592553,2829.04677539531,3523.6768998056,2709.1965929653,3034.54869103397
"NM_012870",168.46155286843,101.664977147521,156.160476690627,289.495428601355,263.529173256855,262.201105934864
"NM_030868",11.5384625252349,27.9080329424568,29.0531119424422,16.1729289721427,28.2005388356044,20.1237869114794
"NM_001305236",25.3846175555169,25.9146020179956,61.7378628776897,70.3522410288209,41.3283758797651,48.5338390218033
"NM_133319",496.153888585102,679.75994524127,579.246419352441,596.781079072067,729.810496417969,542.750370524313
"NM_001006985",627.69236137278,606.003001036205,584.693877841649,479.931667248336,524.141049392785,552.812263980053
"NM_001014202",4230.00036175113,4273.91590204482,3509.9790865463,3580.6864744324,3890.21571075294,3445.31069446241
"NM_001025007",90.0000076968325,107.645269920905,87.1593358273266,101.485129300196,108.912425847851,111.272704098769
"NM_001134879",330.000028221719,314.96208606487,392.21701122297,587.885968137389,287.353766411072,465.214603306554
"NM_001025024",170.769245373477,157.481043032435,174.318671654653,150.003916216624,182.817286244608,137.907127952197
"NM_133521",83.0769301816915,85.7175297518317,428.533401151022,43.2625850004818,31.6040521433497,34.3288129666414
"NM_001134910",78.4615451715975,63.7897895827585,76.2644188489108,69.1392713559102,86.5464812540962,69.2495020189145
"NM_001122976",163.846167858336,155.487612107974,123.475725755379,175.880602572052,214.907554574778,212.483514741798
"NM_001127545",1712.30783874486,1511.02064074159,1249.28381352501,1623.35774557883,1654.10746756424,1359.53936869613
"NM_001127294",3510.00030017647,3446.64206839342,3121.39371431613,2848.05279199434,3332.0395282827,3362.44804247396
"NM_017136",2466.92328789523,871.129313989545,1118.54480978402,4274.50512733733,2907.57279718818,1144.09647352617
"NR_131067",16.1538475353289,3.9868618489224,9.07909748201318,11.3210502804999,12.6416208573399,8.28626519884447
"NM_023985",660.000056443438,440.548234305926,399.48028920858,1166.8768253401,2349.88283090476,514.340318413989
"NM_001047963",343.846183252001,346.856980856249,443.059957122243,301.625125330462,249.428903839053,362.820040492262
"NM_022258",34.6153875757048,77.7438060539869,123.475725755379,70.7565642531245,2.91729712092459,834.545280740765
"NM_012603",2704.61561591507,2792.79672517014,3473.66269661824,876.572750290136,1360.4328907245,310.734944956668
"NM_001271215",11.5384625252349,13.9540164712284,12.7107364748185,11.7253735048035,9.72432373641531,13.0212738838985
"NM_001271439",1437.69243064427,1206.02570929903,1031.3854739567,1428.0696282402,1582.14747191477,1301.53551230421
"NM_001013219",590.769281292028,637.897895827585,450.323235107854,1062.96575669408,1316.67343391063,1092.01137799058
"NM_021597",166.153860363383,235.224849086422,234.24071503594,188.818945749766,121.554046705191,133.763995352775
"NM_001134880",447.692345979115,404.666477665624,414.006845179801,313.754822059569,316.526737620318,375.249438290528
"NM_001114405",85.3846226867385,55.8160658849137,96.2384333093398,67.5219784586959,87.032697440917,76.9438911321273
"NM_001104612",309.230795676296,352.837273629633,368.611357769735,255.532277759855,322.847548048988,325.531847097461
"NM_001007658",923.077002018795,512.311747586529,708.169603597028,333.970983274748,373.414031478348,270.487371133709
"NM_001130546",286.153870625826,155.487612107974,103.50171129495,248.658782946695,253.80484952044,172.82781700447
"NM_020103",50.7692351110337,19.934309244612,105.317530791353,38.0063830845354,25.2832417146798,72.2088824470733
"NM_001017467",805.384684261398,883.089899536312,1416.33920719406,903.258083094172,654.933203647571,1467.2608162811
"NM_001029926",186.923092908806,205.323385219504,239.688173525148,145.556360749285,144.406207485767,186.440966974001
"NM_001002798",916.153924503654,827.273833651399,802.592217409965,638.830694399638,666.602392131269,648.104313766764
"NM_001305237",27.6923100605638,53.8226349604525,67.1853213668976,69.1392713559102,47.649186308435,72.2088824470733
"NM_207609",1220.76933516986,932.925672647842,833.46114884881,2257.74088451113,1893.32583148006,2287.60107096671
"NM_001130553",609.230821332404,406.659908590085,428.533401151022,758.106045569191,933.048862509049,1000.86246080329
"NM_001126268",30.0000025656108,29.901463866918,18.1581949640264,29.9199185984641,22.852160780576,30.7775564528509
"NM_001013104",2501.53867547093,2778.84270869892,3095.9722413665,1673.49382539247,1509.21504389166,1721.76753310276
"NM_001135897",106.153855232161,55.8160658849137,81.7118773381187,84.9078771037494,134.681883749352,108.31332367061
"NM_001135903",46.1538501009397,55.8160658849137,65.3695018704949,62.2657765427495,83.6291841331716,77.535767217759
"NM_001191880",2533.84637054159,2513.71639574558,2462.25123712198,2302.21643918452,2302.23364459632,2356.85057298562
"NM_001191879",1377.69242551305,1299.7169627487,1567.05222539548,1641.95661389679,1341.95667562531,1502.18150533338
"NM_001135007",1772.30784387609,1784.12067739278,1105.83407330921,1407.44914380072,2075.65690153785,1436.48325982825
"NM_001130565",803.076991756351,1192.0716928278,1076.78096136676,631.957199586477,668.547256878552,667.636224592612
"NM_153308",7195.3852307365,6919.19873880483,6462.50158769698,5972.25834618801,5485.00480352505,5303.8016033461
"NM_001014085",620.769283857639,540.219780528986,568.351502374025,621.444795754585,596.587261229079,770.030787406904
"NM_001277194",5049.23120104281,4676.58894878598,4100.12042287715,4186.76698766345,4691.98620282039,5978.54034096629
"NM_031153",408.461573393317,512.311747586529,421.270123165412,426.156678415961,421.063217786783,409.57825125717
"NM_053904",2478.46175042046,1518.99436443944,1278.33692546746,3716.5390777984,4043.37380960148,2804.90076980885
"NM_001134860",574.6154337567,522.278902208835,586.509697338052,354.995790938533,360.286194434187,362.22816440663
"NM_001115026",55.3846201211277,35.8817566403016,56.2904043884817,4.44755546733925,10.6967561100568,4.73500868505398
"NM_001007707",666.923133958579,793.385507935558,708.169603597028,406.344840425086,429.815109149557,394.189473030744
"NM_001004240",1236.92318270518,1146.22278156519,1078.59678086317,1288.98243907978,1115.37993256684,1356.57998826797
"NM_001024250",1652.30783361364,1999.41121723459,2086.37660136663,1130.08341192847,1008.89858765309,826.850891627552
"NM_024393",611.538513837451,602.016139187283,682.748130647391,459.311182808854,518.792671337757,468.173983734713
"NM_001103364",159.230782848242,223.264263539655,230.609076043135,193.266501217106,181.358637684145,204.197249542953
"NM_001135798",1550.76936339157,1313.67097921993,1163.94029719409,1536.42825235356,1476.63855937466,1985.74426729451
"NM_001109670",246.923098040028,340.876688082866,315.952592374059,186.797329628249,172.606746321372,169.27656049068
"NM_001077669",2457.69251787504,1782.12724646831,2689.22867417231,1044.36688837612,1904.50880377694,2139.63204955877
"NM_001130492",1218.46164266481,1124.29504139612,1062.25440539554,950.159577113386,1072.59290812661,1107.400156217
"NM_001130571",1869.23092908806,1905.71996378491,1875.74153978392,1802.47293394531,1693.49097869673,1748.40195695618
"NM_001005563",606.923128827357,448.52195800377,470.297249568283,416.452921032675,376.331328599272,487.70589456056
"NM_001135896",20.7692325454229,17.9408783201508,12.7107364748185,18.1945450936606,17.9899989123683,19.5319108258477
"NM_001024908",613.846206342498,683.746807090192,542.930029424388,483.570576267068,551.369155854748,602.52985517312
"NM_031039",3401.53875243926,1704.38344041433,1256.54709151062,931.965032019725,2688.77551311883,1709.33813530449
"NM_001024354",336.92310573686,350.843842705172,383.137913740956,335.588276171962,270.336199872346,365.77942092042
"NM_198752",276.923100605638,183.395645050431,141.633920719406,192.862177992802,283.950253103327,200.645993029163
"NM_001130494",39.2307725857988,67.7766514316809,88.9751553237292,78.4387055148923,34.5213492642743,49.7175911930668
"NM_001130566",480.000041049773,458.489112626076,508.429458992738,547.857968931335,629.16374574607,598.978598659329
"NM_001025122",78.4615451715975,101.664977147521,56.2904043884817,84.0992306551422,84.1154003199924,95.2920497867114
"NM_001007751",1463.07704819979,1235.92717316595,1165.75611669049,1217.01290515374,1376.96424107641,1187.30342777729
"NM_001142757",25.3846175555169,27.9080329424568,29.0531119424422,34.7717972901069,28.2005388356044,44.3907064223811
"NM_001191911",184.615400403759,215.29053984181,167.055393669043,209.439430189248,182.331070057787,218.402275598115
"NM_001034916",57.6923126261747,99.6715462230601,65.3695018704949,43.2625850004818,61.2632395394164,50.3094672786986
"NM_001134801",30.0000025656108,39.868618489224,76.2644188489108,57.0095746268032,53.969996737105,66.8819976763875
"NM_053331",4802.30810300278,4016.76331278932,3506.34744755349,4168.57244256979,4594.74296545623,4483.46134866049
"NM_001004283",2462.30790288513,3436.67491377111,3197.65813316504,1718.37370329017,1800.94475598411,1608.71920074709
"NM_001130495",166.153860363383,165.45476673028,225.161617553927,187.605976076856,188.651880486457,177.562825689524
"NM_001127304",99.2307777170204,59.8029277338361,78.0802383453134,83.2905842065351,99.1881021114361,123.110225811404
"NM_012808",9235.38540519804,7110.56810755311,5850.5704174093,10116.5713952996,11124.1401382723,12688.6395237734
"NM_138843",2649.23099579394,1969.50975336767,1710.50196561128,2906.67965951835,3523.12248970327,3658.38608528984
"NM_001134529",39.2307725857988,15.9474473956896,43.5796679136633,33.9631508414997,37.9248625720197,81.6788998171812
"NM_001034932",46.1538501009397,27.9080329424568,32.6847509352475,92.9943415898207,65.1529690339826,100.027058471765
"NM_133522",18.4615400403759,77.7438060539869,45.3954874100659,50.9447262622496,36.4662140115574,43.2069542511176
"NM_001130577",177.692322888618,145.520457485668,210.635061582706,227.633975282909,256.722146641364,341.512501409519
"NM_199110",46.1538501009397,15.9474473956896,39.948028920858,34.3674740658033,55.914861484388,59.7794846488066
"NM_001130554",717.692369069613,649.858481374352,916.988845683332,534.919625753621,576.166181382607,490.665274988719
"NM_133599",85.3846226867385,59.8029277338361,114.396628273366,100.676482851589,112.315939155597,123.110225811404
"NM_001171981",226.153865494605,183.395645050431,254.214729496369,345.696356779551,277.629442674657,420.823896884173
"NM_001135819",6.92307751514096,17.9408783201508,12.7107364748185,55.3922817295889,47.1629701216142,50.3094672786986
"NM_019904",73.8461601615036,25.9146020179956,101.685891798548,83.2905842065351,54.4562129239257,111.272704098769
"NM_001079700",1142.30778999826,1182.10453820549,1167.5719361869,971.184384777171,1187.82614440313,1140.54521701238
"NM_001012747",253.846175555169,303.001500518103,319.584231366864,143.130421403463,147.809720793513,121.92647364014
"NM_001011994",1486.15397325026,1933.62799672737,1588.84205935231,1207.71347099476,1205.32992712868,1211.57034728819
"NM_001025285",186.923092908806,163.461335805819,145.265559712211,185.988683179641,170.661881574089,185.257214802737
"NM_001024277",1532.3078233512,851.195004744933,993.253264532242,1164.04656276997,1524.2877456831,1766.75011561077
"NM_012578",1290.00011032127,751.523458521873,931.515401654553,2011.91236413456,2402.3941790814,1971.53924123935
"NM_001013220",904.615461978419,875.116175838468,1025.93801546749,690.179743886191,620.898070570117,628.572402940917
"NM_001034134",3048.46179916707,3610.10340419924,3439.16212618659,2403.29724526041,2286.67472661806,2304.1736013644
"NM_031335",461.538501009397,442.541665230387,484.823805539504,313.754822059569,293.674576839742,314.87807755609
"NM_001007708",173.076937878524,211.303677992887,230.609076043135,170.624400656106,186.707015739174,160.990295291835
"NM_053460",523.846198645666,623.943879356356,552.009126906402,424.539385518747,452.667269930133,455.744585936446
"NM_001270796",23.0769250504699,27.9080329424568,7.26327798561055,9.29943415898207,2.43108093410383,3.55125651379049
"NM_001271220",90.0000076968325,131.566441014439,136.186462230198,8.89511093467851,11.1829722968776,5.32688477068573
"NM_001005560",13.8461550302819,25.9146020179956,16.3423754676237,5.25620191594639,7.77945898913225,4.14313259942224
"NM_001173370",1056.92316731152,1044.55780441767,1234.75725755379,681.284632951513,716.682659373808,718.537567956942
"NM_001130573",103.846162727114,526.265764057757,768.091646978315,35.1761205144105,146.837288419871,16.5725303976889
"NM_031617",401.538495878176,426.594217834697,508.429458992738,315.776438181087,270.336199872346,261.609229849233
"NM_001127546",78.4615451715975,105.651838996444,152.528837697822,79.651675187803,74.8772927703979,97.0676780436067
"NM_001015018",2686.15407587469,2230.64920447208,1990.13816805729,3135.93092769848,3044.68576187163,3419.26814669461
"NM_145676",101.538470222067,159.474473956896,90.7909748201318,71.9695339260352,116.691884836984,92.9245454441845
"NM_001025009",1287.69241781622,1391.41478527392,1454.47141661851,1207.71347099476,1193.66073864498,1147.64773003996
"NM_001199315",616.153898847545,705.674547259266,655.510838201352,656.620916268995,566.928073833012,651.063694194923
"NM_212514",1622.30783104803,1622.65277251142,1507.13018201419,1201.2442994059,1319.10451484474,1128.70769529974
"NM_001012119",161.538475353289,161.467904881357,128.923184244587,178.710865142177,174.551611068655,205.972877799848
"NM_030841",20.7692325454229,11.9605855467672,39.948028920858,36.3890901873212,15.5589179782645,18.9400347402159
"NM_001009666",193.846170423947,259.146020179956,252.398909999967,128.574785328535,171.148097760909,149.152773579201
"NM_001033703",20.7692325454229,13.9540164712284,19.974014460429,15.3642825235356,14.1002694178022,27.2262999390604
"NM_199117",168.46155286843,173.428490428125,121.659906258977,108.358624113356,115.233236276521,101.210810643029
"NM_031524",11.5384625252349,31.8948947913792,36.3163899280527,28.3026257012498,9.23810754959454,20.7156629971112
"NM_019166",390.000033352941,273.100036651185,330.47914834528,197.309733460141,248.942687652232,269.303618962445
"NM_198753",17275.3860927817,23781.6309288221,20803.843970285,10254.8499380114,10643.2723295066,12371.9858179604
"NM_019239",6.92307751514096,9.96715462230601,12.7107364748185,14.1513128506249,13.1278370441607,21.3075390827429
"NM_001109976",694.615444019143,607.996431960667,613.746989784091,443.542577061015,509.068347601341,613.183624714491
"NM_024403",8974.61615212773,7160.40388066464,8076.76511999893,4746.35033009959,4680.80323052351,6367.99480531198
"NM_001007709",837.692379332056,897.043916007541,695.45886712221,657.025239493299,676.326715867685,707.291922329939
"NM_001130578",369.230800807518,346.856980856249,390.401191726567,245.82852037657,262.556740883213,234.382929910172
"NM_001130503",1405.38473557361,1580.79072309773,1659.65901971201,1100.56781655431,1107.6004735777,1078.99010410668
"NM_001130582",290.76925563592,450.515388928232,310.505133884851,249.467429395302,240.190796289458,240.30169076649
"NM_031122",1066.15393733171,1261.84177518394,1369.12790028759,1278.06571202358,1305.97667780058,1064.19320196588
"NM_001130510",6.92307751514096,1.9934309244612,1.81581949640264,25.0680399068212,9.72432373641531,9.47001737010797
"NM_001033695",1384.61550302819,1851.89732882446,1743.18671654653,1230.75989478006,964.166698465578,947.001737010797
"NM_019194",609.230821332404,1808.04184848631,522.956014963959,714.034814120102,693.344282406411,849.93405896719
"NM_001130695",1596.92321349251,2005.39151000797,1732.29179956812,1952.47685016193,1770.31313621441,1975.68237383878
"NM_138888",902.307769473372,1098.38043937812,964.2001525898,677.241400708477,675.354283494043,604.897359515647
"NM_001127295",604.61543632231,530.25262590668,555.640765899207,290.708398274266,282.491604542865,362.820040492262
"NM_024398",5854.6158853042,8791.0303768739,5296.74547100649,3588.36861569417,4303.49946955059,3822.33576100983
"NM_001007146",482.30773355482,637.897895827585,352.268982302112,647.321482110013,983.615345938408,516.707822756516
"NM_139080",696.92313652419,721.621994654955,720.880340071847,671.985198792531,676.812932054505,693.678772360409
"NM_212515",235.384635514793,310.975224215947,341.374065323696,210.248076637856,193.514042354665,156.255286606782
"NM_001025703",1017.69239472572,932.925672647842,1136.70300474805,627.509644119138,565.955641459371,509.013433643303
"NM_001024355",270.000023090497,358.817566403016,350.453162805709,226.016682385695,241.64944484992,269.303618962445
"NM_001033694",3964.61572367072,2260.550668339,2676.51793769749,5304.31637963851,4003.990298469,3331.67048602111
"NM_001130504",191.5384779189,167.448197654741,172.502852158251,207.417814067731,180.872421497325,246.220451622807
"NM_001012120",1414.6155055938,984.754876683834,909.725567697721,1408.66211347363,1293.82127313006,1538.87782264255
"NM_173093",9270.00079277374,3586.1822331057,2415.03993021551,13272.3141609889,16362.1471188924,13643.3356498974
"NM_012730",28375.3870420577,17259.1249439851,13102.9534860414,38728.9086863659,49108.3210850841,47414.6013438737
"NM_173304",6413.07747152557,3849.31511513458,4708.41995417204,7680.92829209489,11985.2290051319,12592.1637218154
"NM_153313",4506.92346235676,2491.7886555765,3352.00279035927,7136.30490895798,9092.24269354831,9084.7060383617
"NM_138515",750.000064140271,454.502250777154,355.900621294917,1045.57985804903,1254.43776199757,801.400219945387
"NM_001130505",2764.61562104629,2356.23535271314,2021.00709949613,2607.88479675802,2782.61523717524,2841.00521103239
"NM_001130579",150.000012828054,67.7766514316809,79.896057841716,164.963875515856,165.31350351906,223.137284283169
"NM_001130568",244.615405534981,195.356230597198,181.581949640264,132.213694347267,152.1856664749,159.21466703494
"NM_138877",6237.692841142,3998.82243446917,3667.95538273333,5550.95354646369,10328.6904566335,12148.8485336773
"NM_001130506",1204.61548763453,1377.46076880269,1311.0216764027,1127.65747258265,1366.26748496635,1321.65929921569
"NM_001012200",50.7692351110337,49.83577311153,56.2904043884817,46.4971707949104,41.8145920665858,49.7175911930668
"NM_001135922",293.076948140967,314.96208606487,424.901762158217,289.495428601355,226.090526871656,232.607301653277
"NM_012515",108.461547737208,344.863549931788,177.950310647458,88.1424628981779,69.5289147153694,91.1489171872892
"NM_001004241",2413.84636027915,2645.28283676002,2574.83204589894,1684.81487567297,2083.9225767138,2200.59528637884
"NM_001130583",73.8461601615036,73.7569442050645,145.265559712211,114.42347247791,125.443776199757,150.336525750464
"NM_001012121",276.923100605638,243.198572784267,185.213588633069,153.642825235356,168.230800639985,172.82781700447
"NM_001004242",604.61543632231,582.081829942671,737.222715539471,390.171911452944,510.040779974983,501.910920615722
"NM_001271047",1451.53858567455,1644.58051268049,1111.28153179841,1053.2619993108,1041.9612883569,997.311204289496
"NM_012991",897.692384463278,1012.66290962629,938.778679640163,945.307698421743,974.377238388814,788.378946061488
"NM_001127547",101.538470222067,41.8620494136852,130.73900374099,162.942259394338,51.0526996161804,96.475801957975
"NM_001130696",154.615397838148,145.520457485668,192.47686661868,78.8430287391958,101.61918304554,100.618934557397
"NM_001130499",450.000038484162,633.911033978662,414.006845179801,389.76758822864,372.927815291527,449.233948994497
"NM_001135876",378.461570827706,478.423421870688,370.427177266138,240.16799523632,269.363767498704,242.669195109017
"NM_001134861",595.384666302122,388.719030269934,495.71872251792,646.91715888571,659.309149328958,613.183624714491
"NM_001037208",1149.2308675134,1313.67097921993,1347.33806633076,1662.98142156058,1377.93667345005,1453.05579022594
"NM_001134800",364.615415797424,458.489112626076,381.322094244554,414.026981686854,366.607004862857,362.820040492262
"NM_001108104",948.461619574311,1253.8680514861,1178.46685316531,650.960391128745,587.835369866305,658.166207222504
"NM_022602",789.230836726069,916.978225252153,831.645329352408,593.546493277638,660.281581702599,588.324829117958
"NM_001106788",3166.15411692447,4612.79915920322,3248.50107906432,2318.38936815666,2628.48470595306,2117.14075830476
"NM_199409",618.461591352592,562.147520698059,501.166181007128,482.761929818461,367.093221049678,216.034771255588
"NM_001035000",540.000046180995,524.272333133296,524.771834460362,382.085446966872,434.191054830943,449.233948994497
"NM_021746",191.5384779189,101.664977147521,141.633920719406,138.682865936124,167.258368266343,166.909056148153
"NM_001109532",66.9230826463626,47.8423421870688,49.0271264028712,45.6885243463032,35.0075654510951,47.3500868505399
"NM_001108106",14300.7704537762,10353.8802216515,10795.0469061137,16173.7376185913,15938.6528201715,15523.1340978639
"NM_001108749",445.384653474068,418.620494136852,428.533401151022,367.529810891944,380.221058093839,354.533775293417
"NM_001108748",360.00003078733,384.732168421012,375.874635755346,453.2463344443,436.135919578226,487.114018474929
"NM_145771",235.384635514793,326.922671611637,314.136772877656,519.555343230085,482.81267351302,752.866380923584
"NM_201426",332.307720726766,283.067191273491,314.136772877656,70.3522410288209,29.1729712092459,88.1895367591305
"NM_001271173",2312.30789005708,2738.97409020969,2533.06819748168,2262.99708642707,2287.16094280488,2364.54496209883
"NM_001079939",1546.15397838148,1351.54616678469,1534.36747446023,1522.68126272724,1281.17965227272,1628.25111157294
"NM_001034933",1031.538549756,795.37893886002,1002.33236201426,1240.86797538765,939.855889124539,1147.05585395433
"NM_013200",152.307705333101,203.329954295043,243.319812517953,124.935876309803,190.59674523374,87.005784587867
"NM_017177",1414.6155055938,1323.63813384224,1541.63075244584,1441.00797141792,1499.49072015524,1324.61867964385
"NM_001012122",2575.38483563244,1108.34759400043,1064.07022489195,17312.7161414545,18295.8288938786,16567.2035129183
"NM_001191992",20.7692325454229,1.9934309244612,16.3423754676237,220.760480469748,132.737019002069,259.833601592337
"NM_021676",1190.76933260424,1158.18336711196,1191.17758964013,1346.80066015519,1019.10912757632,1143.50459744054
"NM_001013221",279.230793110685,279.080329424568,259.662187985577,185.584359955338,199.834852783335,205.381001714217
"NM_139101",470.769271029585,799.365800708942,397.664469712177,480.335990472639,423.980514907707,428.518285997386
"NM_033352",168.46155286843,129.573010089978,69.0011408633002,62.2657765427495,26.2556740883213,42.6150781654859
"NM_001134871",468.461578524538,446.528527079309,419.454303669009,417.665890705586,455.098350864236,355.717527464681
"NM_199396",251.538483050122,223.264263539655,357.716440791319,148.38662331941,166.285935892702,142.642136637251
"NM_001108992",1112.30778743265,1204.03227837457,1058.62276640274,1003.93456594576,1065.78588151112,960.614886980327
"NM_001106791",263.076945575356,310.975224215947,283.267841438811,248.658782946695,290.757279718818,236.158558167067
"NM_001008521",973.846237129828,1698.40314764094,1361.86462230198,1248.14579342512,1177.61560447989,1063.60132588025
"NM_181090",3955.38495365053,3548.30704554094,3490.00507208587,3328.79310569128,5434.43832009569,2772.93946118474
"NM_130748",14390.770461473,14145.3858399767,10677.0186388475,15037.185035074,16577.0546734672,15703.0644278959
"NM_182816",110.769240242255,113.625562694289,87.1593358273266,152.025532338142,152.1856664749,155.66341052115
"NM_001004243",636.923131392968,639.891326752046,679.116491654586,686.945158091763,805.660221562008,725.048204898891
"NM_021690",55.3846201211277,29.901463866918,45.3954874100659,65.9046855614817,65.1529690339826,48.5338390218033
"NM_001127456",1061.53855232161,1084.42642290689,1465.36633359693,655.812269820388,691.399417659128,775.35767217759
"NM_001008358",235.384635514793,201.336523370581,226.97743705033,166.176845188767,207.614311772467,204.197249542953
"NM_001108109",1172.30779256387,1124.29504139612,978.726708561021,1179.81516851781,1256.86884293168,1379.6631556076
"NM_001106792",272.307715595544,235.224849086422,288.715299928019,207.822137292034,239.704580102637,249.179832050966
"NM_001108110",166.153860363383,209.310247068426,154.344657194224,211.056723086463,256.722146641364,216.034771255588
"NM_001134528",20.7692325454229,15.9474473956896,9.07909748201318,9.70375738328564,12.6416208573399,4.73500868505398
"NM_001004244",874.615459412808,994.72203130614,1174.83521417251,1046.38850449764,1152.33236276521,1057.0906889383
"NM_001106793",2028.4617119363,2418.03171137144,2267.95855100689,2255.3149451653,2192.83500256165,2178.10399512483
"NM_012828",39.2307725857988,23.9211710935344,34.5005704316501,52.1576959351603,54.9424291107465,66.2901215907558
"NM_001014203",6.92307751514096,19.934309244612,18.1581949640264,8.08646448607137,16.531350351906,15.3887782264255
"NM_001013105",1624.61552355308,2794.79015609461,2465.88287611478,592.737846829031,617.008341075551,607.856739943805
"NM_001013222",311.538488181343,584.075260867132,1770.42400899257,57.0095746268032,77.7945898913225,75.168262875232
"NM_013010",1135.38471248312,1096.38700845366,1016.85891798548,1072.66951407737,1074.53777287389,1219.85661248703
"NM_080904",2273.07711747128,2320.35359607284,2600.25351884858,2566.23950465475,2422.32904274105,2495.94145310908
"NM_022298",383.0769558378,239.211710935344,562.904043884817,693.010006456316,547.965642547003,757.009513523006
"NM_001044270",1091.53855488722,805.346093482326,1806.74039892062,1838.05337768402,1214.56803467827,1577.34976820861
"NM_182825",16.1538475353289,9.96715462230601,34.5005704316501,8.08646448607137,4.37594568138689,11.2456456270032
"NM_001013950",83.0769301816915,117.612424543211,116.212447769769,92.5900183655172,84.1154003199924,126.069606239562
"NM_001271243",41.5384650908458,15.9474473956896,85.3435163309239,260.788479675802,143.433775112126,157.439038778045
"NM_012633",13.8461550302819,27.9080329424568,12.7107364748185,22.2377773366963,17.5037827255476,3.55125651379049
"NM_001014204",2822.30793367246,2224.6689116987,1928.4003051796,2910.31856853709,3189.57818554422,3007.32239109491
"NM_001011995",3664.61569801461,3315.07562737898,4530.46964352458,3700.77047205056,2948.90117306794,2703.09808308019
"NM_001013106",498.461581090149,400.679615816702,517.508556474751,389.76758822864,463.364026040189,481.787133704243
"NM_001191614",251.538483050122,185.389075974892,295.97857791363,308.094296919319,299.995387268412,250.363584222229
"NM_001134583",163.846167858336,117.612424543211,141.633920719406,167.794138085981,171.148097760909,159.806543120572
"NM_001271369",78.4615451715975,67.7766514316809,52.6587653956765,109.167270561963,89.9499945618416,94.108297615448
"NM_001108751",43.8461575958927,109.638700845366,83.5276968345213,88.9511093467851,67.5840499680864,75.7601389608638
"NM_012779",94.6153927069264,45.8489112626076,118.028267266171,97.8462202814636,69.0426985285487,71.6170063614415
"NM_001108112",106.153855232161,63.7897895827585,252.398909999967,443.946900285318,183.789718618249,328.49122752562
"NM_001108993",274.615408100591,303.001500518103,335.926606834488,195.692440562927,176.010259629117,202.421621286058
"NM_022215",16841.5399018329,17687.7125927442,10052.376732085,19111.5501663811,25065.4168629841,23915.936992122
"NM_001108752",378.461570827706,420.613925061314,390.401191726567,284.239226685409,329.168358477658,311.918697127931
"NM_001037355",724.615446584754,526.265764057757,370.427177266138,316.989407853998,474.546998337067,417.864516456014
"NM_001100895",1396.15396555343,1425.30311098976,1380.022817266,1372.67734651061,1374.04694395548,1174.87402997902
"NM_001122781",1285.38472531117,1319.65127199332,1323.73241287752,1074.69113019888,1123.15939155597,1303.31114056111
"NM_001108113",83.0769301816915,55.8160658849137,78.0802383453134,102.293775748803,116.691884836984,130.212738838985
"NM_013173",1336.15396042221,1602.71846326681,1452.65559712211,1348.4179530524,1270.96911234948,1078.39822802105
"NM_001134714",650.76928642325,534.239487755602,522.956014963959,698.670531596566,1125.10425630325,724.45632881326
"NM_001012223",133.846165292725,105.651838996444,127.107364748185,198.118379908749,235.814850608071,186.440966974001
"NM_182817",669.230826463626,420.613925061314,624.641906762507,780.343822905887,1007.43993909263,833.953404655133
"NM_001013107",4232.30805425617,4273.91590204482,3480.92597460385,4757.67138038009,4939.95645809898,4804.85006315853
"NM_012552",205.384632949182,87.7109606762929,150.713018201419,685.732188418852,942.286970058643,796.073335174701
"NM_138894",41.5384650908458,27.9080329424568,36.3163899280527,60.6484836455353,93.8397240564077,59.1876085631748
"NM_022441",152.307705333101,95.6846843741377,121.659906258977,188.010299301159,178.927556750042,214.259142998693
"NR_132098",16.1538475353289,5.98029277338361,3.63163899280527,14.1513128506249,7.29324280231148,13.6131499695302
"NM_199230",263.076945575356,253.165727406573,263.293826978382,416.048597808372,384.597003775225,343.880005752046
"NM_024388",43.8461575958927,29.901463866918,203.371783597095,61.861453318446,621.384286756938,41.4313259942224
"NM_001007659",55.3846201211277,51.8292040359912,65.3695018704949,22.2377773366963,20.4210798464721,18.9400347402159
"NM_001008828",13.8461550302819,25.9146020179956,9.07909748201318,8.49078771037494,2.91729712092459,8.87814128447622
"NM_001008825",6.92307751514096,11.9605855467672,7.26327798561055,2.02161612151784,3.40351330774536,4.73500868505398
"NM_001008899",170.769245373477,71.7635132806033,54.4745848920791,46.0928475706068,120.58161433155,26.6344238534287
"NM_001008802",23.0769250504699,17.9408783201508,7.26327798561055,14.1513128506249,17.0175665387268,15.9806543120572
"NM_001008806",71.5384676564566,93.6912534496765,38.1322094244554,40.8366456546604,23.3383769673967,33.1450607953779
"NM_199370",7624.61603667524,12965.2747326957,15597.8894740987,4597.55938355588,6895.03174530527,4295.83662951523
"NM_013104",39.2307725857988,23.9211710935344,23.6056534532343,32.3458579442855,21.3935122201137,71.6170063614415
"NM_001191790",650.76928642325,749.530027597412,864.330080287655,471.440879537961,451.694837556491,508.421557557672
"NM_001008324",7933.84683235154,8858.80702830558,8913.85790784054,5087.1948081875,4705.60025605137,5348.78418585411
"NM_013171",36.9230800807518,37.8751875647628,76.2644188489108,42.8582617761783,44.7318891875104,57.4119803062796
"NM_021750",410.769265898364,89.7043916007541,34.5005704316501,92.1856951412136,111.829722968776,87.5976606734987
"NM_001134454",76.1538526665505,25.9146020179956,19.974014460429,84.0992306551422,115.233236276521,52.0850955355938
"NM_001135250",13.8461550302819,5.98029277338361,12.7107364748185,13.7469896263213,9.72432373641531,15.9806543120572
"NM_001106795",295.384640646014,326.922671611637,372.242996762541,335.992599396265,233.869985860788,354.533775293417
"NM_001106794",1211.53856514967,1377.46076880269,1231.12561856099,911.748870804547,948.607780487313,991.392443433178
"NM_001170602",80.7692376766445,29.901463866918,167.055393669043,257.553893881373,105.508912540106,188.808471316528
"NM_001005545",498.461581090149,615.970155658511,479.376347050296,368.742780564854,352.992951631876,406.026994743379
"NM_013055",482.30773355482,552.180366075753,524.771834460362,439.499344817979,406.47673218216,444.498940309443
"NM_001013223",2658.46176581413,3558.27420016325,3682.48193870455,3320.70664120521,3026.69576295926,3106.16569739541
"NM_030998",48.4615426059867,29.901463866918,47.2113069064686,23.8550702339105,17.5037827255476,40.8394499085906
"NM_001034941",330.000028221719,348.85041178071,359.532260287722,275.34411575073,258.667011388647,277.58988416129
"NM_001008379",604.61543632231,474.436560021766,673.669033165378,611.741038371299,566.441857646192,540.382866181786
"NM_133556",4458.46191975078,4646.68748491906,4105.56788136636,4274.10080411302,4807.70565528373,5093.68559294682
"NM_139190",726.923139089801,791.392077011097,744.485993525081,758.106045569191,759.955900000856,1021.5781238004
"NM_001013245",1744.61553381552,1931.6345658029,1837.60933035947,1535.61960590495,1615.21017261858,1563.73661823908
"NM_177934",50.7692351110337,57.8094968093749,49.0271264028712,42.8582617761783,37.9248625720197,36.1044412235366
"NM_001012224",46.1538501009397,13.9540164712284,23.6056534532343,212.269692759373,327.709709917196,91.1489171872892
"NM_001108117",4684.61578524538,4535.05535314923,3878.59044431603,4881.79861024129,5038.17212783677,4726.13054376951
"NM_001106797",276.923100605638,293.034345895797,368.611357769735,375.616275378015,305.829981510261,317.245581898617
"NM_017248",1216.15395015976,2140.94481287133,2307.90657992775,1793.57782301063,1885.54637249093,1770.89324821019
"NM_001108118",1647.69244860355,1030.60378794644,1410.89174870485,2845.22252942421,3068.02413883903,2777.08259378416
"NM_001108119",306.923103171249,241.205141859805,283.267841438811,375.211952153712,362.717275368291,426.150781654859
"NM_001106829",380.769263332753,318.948947913792,301.426036402838,504.999707155157,469.684836468859,455.744585936446
"NM_001047965",90.0000076968325,15.9474473956896,14.5265559712211,853.526326504833,361.258626807829,950.552993524587
"NM_130422",540.000046180995,314.96208606487,423.085942661814,54.5836352809817,319.930250928064,314.87807755609
"NM_001191791",1167.69240755378,857.175297518317,942.410318632968,1381.16813422099,1461.56585758322,1417.54322508804
"NM_001135799",66.9230826463626,83.7240988273705,69.0011408633002,33.5588276171962,36.9524301983782,22.4912912540064
"NM_017297",2.30769250504699,5.98029277338361,16.3423754676237,6.46917158885709,9.72432373641531,7.10251302758098
"NM_012555",1936.15401173442,1564.84327570204,1788.5822039566,2351.13954932525,2628.48470595306,2242.02661237306
"NM_024140",18.4615400403759,15.9474473956896,16.3423754676237,29.1112721498569,27.2281064619629,42.6150781654859
"NM_001191792",99.2307777170204,97.6781152985989,74.4485993525081,154.855794908267,127.874857133861,154.479658349886
"NM_053519",636.923131392968,500.351162039762,286.899480431617,1192.34918847122,1250.54803250301,439.763931624389
"NM_001106820",588.461588786982,657.832205072197,887.935733740889,465.376031173407,567.414290019833,418.456392541646
"NM_001195564",318.461565696484,324.929240687176,323.215870359669,407.153486873693,398.211057006207,364.003792663525
"NM_001013040",860.769304382526,606.003001036205,808.039675899173,760.936308139316,842.612651760386,738.661354868422
"NM_001108155",48.4615426059867,25.9146020179956,94.4226138129371,214.291308880891,106.967561100568,169.27656049068
"NM_053345",237.69232801984,398.68618489224,312.320953381254,263.214419021623,254.777281894081,234.974805995804
"NM_001109002",113.076932747302,105.651838996444,110.764989280561,159.303350375606,190.59674523374,193.543480001582
"NM_022288",71.5384676564566,101.664977147521,118.028267266171,77.6300590662851,71.9599956494733,68.6576259332828
"NM_019267",2792.30793110685,2254.57037556562,1378.2069977696,2146.55199782764,1315.70100153699,2516.06524002056
"NM_001108179",733.846216604942,735.576011126184,608.299531294883,932.773678468332,1037.09912648869,800.216467774123
"NM_001105724",46.1538501009397,139.540164712284,163.423754676237,48.5187869164282,57.3735100448503,65.1063694194923
"NM_001106856",426.923113433692,372.771582874245,815.302953884784,848.67444781319,515.875374216832,1080.76573236357
"NM_001109003",11.5384625252349,3.9868618489224,5.44745848920791,23.8550702339105,10.6967561100568,7.69438911321273
"NM_053722",660.000056443438,679.75994524127,579.246419352441,697.861885147959,705.985903263751,584.181696518535
"NM_001024357",851.538534362338,817.306679029093,713.617062086236,1115.52777585355,1158.16695700706,1165.99588869454
"NM_023024",226.153865494605,380.74530657209,241.503993021551,238.955025563409,151.213234101258,255.098592907283
"NM_001108124",281.538485615732,334.896395309482,259.662187985577,284.643549909712,281.032955982402,326.123723183093
"NM_001135018",1260.00010775565,1429.28997283868,1143.96628273366,1644.38255324261,2122.33365547264,2092.87383879386
"NM_021760",34.6153875757048,51.8292040359912,156.160476690627,48.5187869164282,39.383511132482,60.3713607344383
"NM_001025700",212.307710464323,245.192003708728,214.266700575511,185.988683179641,192.541609981023,230.831673396382
"NM_001134715",445.384653474068,348.85041178071,439.428318129438,593.950816501942,545.534561612899,617.326757313913
"NM_175762",7287.69293093838,8954.49171267972,5347.58841690577,5974.68428553383,7090.97686859404,4889.48834340387
"NM_013199",2206.15403482492,2398.09740212683,2267.95855100689,2304.64237853034,2286.18851043124,2088.73070619444
"NM_001108132",32.3076950706578,33.8883257158404,50.8429458992738,35.9847669630176,37.9248625720197,43.7988303367494
"NM_001004269",528.46158365576,492.377438341917,326.847509352475,324.267225891462,362.717275368291,200.054116943531
"NM_017354",11.5384625252349,5.98029277338361,7.26327798561055,18.1945450936606,23.3383769673967,16.5725303976889
"NM_001017381",90.0000076968325,101.664977147521,96.2384333093398,133.426664020178,116.691884836984,158.030914863677
"NM_001034150",10952.308628953,13758.6602406312,11886.3544234517,8878.12935925776,9259.98727800148,9215.51065328632
"NM_203337",650.76928642325,635.904464903123,539.298390431583,728.59045019503,1007.92615527945,815.013369914917
"NM_017358",392.307725857988,506.331454813145,243.319812517953,517.129403884264,399.669705566669,397.148853458903
"NM_001134749",10613.0778307111,13118.7689138792,12303.9929076243,7896.02824742439,7829.05304018796,7994.47028862802
"NM_001305215",71.5384676564566,47.8423421870688,41.7638484172606,50.5404030379461,62.7218880998787,79.903271560286
"NM_001191616",55.3846201211277,33.8883257158404,58.1062238848844,71.9695339260352,57.3735100448503,77.535767217759
"NR_126581",9.23077002018795,7.97372369784481,9.07909748201318,21.8334541123927,15.5589179782645,21.3075390827429
"NM_001013246",3055.38487668221,3568.24135478555,3097.7880608629,3348.60494368215,3194.92656359925,3048.75371708913
"NM_001100476",1423.84627561399,859.168728442778,864.330080287655,2006.65616221861,2043.08041702086,1996.98991292152
"NM_053774",66.9230826463626,466.462836323921,78.0802383453134,127.361815655624,450.236188996029,134.355871438407
"NM_001109292",399.230803373129,699.694254485882,611.931170287689,834.927458186869,817.815626232527,816.788998171812
"NM_013168",1444.61550815941,1285.76294627748,1031.3854739567,1132.10502804999,1043.90615310418,1064.19320196588
"NM_001007662",7772.30835699825,10196.399178619,8263.7945281284,6850.04406615106,7461.95981913829,6680.50537852554
"NM_019246",1003.84623969544,1072.46583736013,980.542528057424,1039.51500968447,1001.60534485078,944.63423266827
"NM_022005",129.230780282631,73.7569442050645,96.2384333093398,169.815754207499,142.947558925305,142.05026055162
"NM_001012201",724.615446584754,454.502250777154,490.271264028712,646.512835661406,686.537255790921,629.75615511218
"NM_001013181",244.615405534981,101.664977147521,185.213588633069,130.596401450053,75.3635089572186,112.456456270032
"NM_001108144",440.769268463974,328.916102536098,577.430599856038,677.241400708477,731.755361165252,711.435054929361
"NM_001108143",844.615456847197,759.497182219718,688.195589136599,576.969241081192,793.018600704668,607.856739943805
"NM_031521",2.30769250504699,3.9868618489224,12.7107364748185,19.8118379908749,12.6416208573399,11.837521712635
"NM_001191997",32.3076950706578,25.9146020179956,23.6056534532343,32.3458579442855,29.6591873960667,66.2901215907558
"NM_001109000",720.00006157466,779.43149146433,746.301813021484,651.769037577352,617.494557262372,574.711679148427
"NM_031025",676.153903978767,1018.64320239967,795.328939424355,816.732913093208,686.0510396041,710.251302758098
"NM_001005889",6041.53897821301,4842.04371551626,4401.54645927999,8369.08641985956,7567.95494786521,7580.74890477143
"NM_001108147",445.384653474068,576.101537169287,483.007986043101,484.783545939979,475.519430710708,465.806479392186
"NM_001024265",295.384640646014,420.613925061314,214.266700575511,339.631508414997,325.278628983092,301.856803672192
"NM_022863",3145.38488437904,2792.79672517014,2961.6015986327,2840.77497395687,2685.85821599791,2543.29153995962
"NM_134389",50.7692351110337,31.8948947913792,79.896057841716,80.0559984121065,48.1354024952558,64.5144933338605
"NM_001108149",394.615418363035,490.384007417456,463.033971582672,354.187144489926,341.809979334998,352.758147036522
"NM_001108150",394.615418363035,420.613925061314,310.505133884851,365.103871546122,397.238624632565,381.168199146846
"NM_001108153",6.92307751514096,13.9540164712284,18.1581949640264,10.5124038318928,15.0727017914437,10.6537695413715
"NM_023955",1100.76932490741,1168.15052173426,1027.75383496389,1139.78716931176,1150.87371420475,1242.34790374104
"NM_001109001",145.38462781796,201.336523370581,176.134491151056,169.007107758892,119.609181957908,149.744649664832
"NM_031726",76.1538526665505,111.632131769827,123.475725755379,119.679674393856,108.426209661031,143.825888808515
"NM_019380",2143.84633718865,1925.65427302952,1981.05907057528,1817.02857002024,1588.46828234344,1648.96677457005
"NM_134335",500.769273595196,502.344592964223,575.614780359636,301.625125330462,288.326198784714,315.469953641722
"NM_001106826",440.769268463974,348.85041178071,408.559386690593,341.248801312212,413.769974984471,454.560833765183
"NM_001012355",20.7692325454229,13.9540164712284,41.7638484172606,16.9815754207499,25.7694579015006,42.6150781654859
"NM_001134469",57.6923126261747,27.9080329424568,45.3954874100659,45.6885243463032,49.5940510557181,50.9013433643303
"NM_013095",560.769278726418,512.311747586529,662.774116186962,587.481644913085,730.29671260479,625.613022512758
"NM_031152",2912.3079413693,2734.98722836077,2607.51679683419,2185.77135058509,2511.79282111607,2169.22585384036
"NM_031643",1744.61553381552,1744.25205890355,2462.25123712198,1268.7662778646,1258.32749149214,1224.59162117209
"NM_001108768",468.461578524538,450.515388928232,381.322094244554,625.48802799762,523.654833205964,575.303555234059
"NM_001134981",309.230795676296,436.561372457003,461.21815208627,340.440154863605,396.266192258924,310.734944956668
"NM_001014093",1296.92318783641,1108.34759400043,1334.62732985594,881.424628981779,1260.75857242624,1130.48332355664
"NM_001173371",228.461557999652,231.237987237499,274.188743956798,286.260842806926,235.32863442125,248.587955965334
"NM_001006987",2003.07709438078,1804.05498663739,1966.53251460406,1768.91410632811,1790.24799987406,2002.3167976922
"NM_053411",193.846170423947,233.231418161961,265.109646474785,217.121571451016,215.87998694842,240.30169076649
"NM_153317",198.461555434041,227.251125388577,246.951451510759,209.035106964945,242.135661036741,210.116010399271
"NM_019905",510.000043615384,1084.42642290689,2433.19812517953,437.882051920765,354.937816379159,513.748442328357
"NM_173101",996.923162180298,1140.24248879181,1049.54366892072,1311.62453964078,1469.83153275917,1126.34019095722
"NM_019254",939.230849554123,1050.53809719105,955.121055107787,1065.79601926421,1001.60534485078,965.941771751013
"NM_001106836",860.769304382526,845.21471197155,887.935733740889,933.58232491694,1093.01398797308,904.978534930943
"NM_012597",4391.53883710442,2174.83313858717,2449.54050064716,11534.1286197079,11886.0409030204,13897.8423667191
"NM_013176",560.769278726418,725.608856503878,644.615921222936,601.63295776371,473.574565963425,487.114018474929
"NM_001014211",53.0769276160807,27.9080329424568,27.2372924460396,39.2193527574461,56.4010776712088,67.4738737620193
"NM_053896",18.4615400403759,25.9146020179956,27.2372924460396,31.1328882713748,25.2832417146798,18.9400347402159
"NM_001108164",6159.23129597041,5599.54746681152,5474.69578165395,7196.95339260352,7126.47065023196,5967.29469533928
"NM_022960",1650.0001411086,1361.513321407,1272.88946697825,4247.41547130899,4026.84245924958,5609.80153961771
"NM_001108165",551.53850870623,663.81249784558,708.169603597028,519.151020005782,609.71509827324,534.464105325469
"NM_012986",8981.53922964287,10591.0985016624,10016.0603421569,9502.80874080677,9314.4434909254,8673.94403493327
"NM_001127490",941.53854205917,972.794291137067,680.932311150989,1085.60785725508,1146.01155233654,1124.56456270032
"NM_017317",122.30770276749,69.7700823561421,116.212447769769,228.84694495582,216.852419322061,242.669195109017
"NM_001108770",1276.15395529098,1453.21114393222,1276.52110597105,1282.10894426662,1111.97641925909,1121.60518227216
"NM_031622",3000.00025656108,3239.32525224945,3589.87514438801,4089.72941383059,4297.17865912192,3436.43255317793
"NM_001108168",332.307720726766,259.146020179956,254.214729496369,439.095021593675,476.005646897529,462.847098964027
"NM_022178",133.846165292725,211.303677992887,232.424895539538,107.145654440446,68.0702661549071,87.5976606734987
"NM_001011997",754.615449150364,745.54316574849,898.830650719305,650.151744680138,601.449423097287,622.653642084599
"NM_001276472",4.61538501009397,15.9474473956896,14.5265559712211,14.5556360749285,14.1002694178022,15.3887782264255
"NM_001014268",6.92307751514096,7.97372369784481,34.5005704316501,21.0248076637856,10.6967561100568,17.1644064833207
"NM_138886",1008.46162470553,1054.52495903998,789.881480935147,728.994773419334,762.873197121781,738.661354868422
"NM_001013954",20.7692325454229,25.9146020179956,27.2372924460396,36.7934134116247,46.1905377479727,33.1450607953779
"NM_001039610",205.384632949182,157.481043032435,152.528837697822,112.806179580696,106.481344913748,134.947747524039
"NM_012600",10654.6162958019,4126.40201363469,5122.42679935184,4694.19263416443,5391.65129565547,5191.93702316169
"NM_001134531",346.153875757048,299.01463866918,179.766130143861,363.890901873212,429.328892962736,417.272640370382
"NM_001011999",4647.69270516463,6319.17603054201,5944.99303122223,5267.52296622689,5472.84939885454,5342.27354891216
"NM_001108175",867.692381897667,751.523458521873,704.537964604223,1041.53662580599,1214.56803467827,1273.71733627952
"NM_001014094",50.7692351110337,39.868618489224,58.1062238848844,46.0928475706068,36.9524301983782,72.800758532705
"NM_001271438",203.076940444135,103.658408071982,161.607935179835,272.918176404909,326.251061356734,368.738801348579
"NM_053558",48.4615426059867,39.868618489224,56.2904043884817,59.8398371969281,40.3559435061235,41.4313259942224
"NM_001305240",286.153870625826,394.699323043318,328.663328848877,347.717972901069,274.712145553732,323.164342754934
"NM_001106849",34.6153875757048,27.9080329424568,49.0271264028712,50.9447262622496,43.7594568138689,23.6750434252699
"NM_001007710",353.076953272189,446.528527079309,277.820382949603,706.352672858334,726.406983110223,694.862524531672
"NM_001013224",362.307723292377,446.528527079309,308.689314388448,442.733930612407,604.852936405032,556.955396579475
"NM_053481",729.230831594848,737.569442050645,606.483711798481,843.822569121547,938.397240564077,806.135228630441
"NM_001106851",590.769281292028,715.641701881572,564.71986338122,657.833885941906,660.281581702599,602.52985517312
"NM_080402",1029.23085725096,960.833705590299,842.540246330823,928.326123000993,938.883456750898,848.158430710295
"NM_001108181",8753.07767164322,8133.1981718017,5331.24604143814,10217.6522013755,6629.07149111431,6188.06447527993
"NM_001108182",60.0000051312216,73.7569442050645,65.3695018704949,59.4355139726246,68.0702661549071,59.1876085631748
"NM_001108777",816.923146786633,986.748307608295,788.065661438744,892.745679262279,906.793188420727,896.100393646467
"NM_001134520",819.23083929168,809.332955331248,673.669033165378,2344.26605451209,1156.7083084466,1383.2144121214
"NM_001354204",1347.69242294744,1383.44106157607,1387.28609525161,1314.0504789866,1532.06720467223,1304.49489273237
"NM_001108186",953.077004584405,1010.66947870183,973.279250071813,944.903375197439,1069.18939481886,988.433063005019
"NM_175592",20.7692325454229,47.8423421870688,21.7898339568316,21.4291308880891,16.531350351906,24.2669195109017
"NM_019264",1024.61547224086,1445.23742023437,817.118773381187,932.773678468332,808.577518682933,752.866380923584
"NM_019333",73.8461601615036,23.9211710935344,39.948028920858,84.0992306551422,72.9324280231148,92.3326693585527
"NM_031320",11.5384625252349,9.96715462230601,12.7107364748185,7.6821412617678,4.86216186820765,2.36750434252699
"NM_001108783",491.538503575008,338.883257158404,386.769552733762,371.168719910676,390.431598017075,337.961244895728
"NM_001106861",1315.38472787678,1405.36880174515,1561.60476690627,1482.24894029688,1172.75344261169,1253.00167328241
"NM_001108782",348.461568262095,295.027776820258,274.188743956798,192.457854768499,204.210798464721,190.584099573423
"NM_001108189",1781.53861389627,1941.60172042521,1732.29179956812,2130.78339207981,2358.14850608071,1936.02667610145
"NM_001024278",4283.07728936721,3034.00186702995,4316.20294294907,3668.82893733058,3713.71923493701,3786.82319587192
"NM_001024761",987.69239216011,910.997932478769,1125.80808776963,865.65602323394,800.7980596938,661.717463736294
"NM_001007003",780.000066705881,1044.55780441767,940.594499136566,710.800228325673,762.38698093496,665.268720250085
"NM_212524",973.846237129828,645.871619525429,621.010267769702,1167.2811485644,1269.99667997584,1139.95334092675
"NM_001191080",3498.46183765123,4130.38887548361,3471.84687712184,3805.08586392088,4091.02299590992,3493.25265739858
"NM_031554",25.3846175555169,35.8817566403016,27.2372924460396,40.8366456546604,39.8697273193028,43.2069542511176
"NM_001108194",1008.46162470553,1319.65127199332,1459.91887510772,790.85622673778,977.780751696559,825.075263370657
"NM_133534",9.23077002018795,11.9605855467672,34.5005704316501,19.8118379908749,20.4210798464721,20.1237869114794
"NM_182844",13.8461550302819,13.9540164712284,19.974014460429,12.5340199534106,8.75189136277378,5.91876085631748
"NM_022713",83.0769301816915,51.8292040359912,81.7118773381187,149.195269768017,182.817286244608,161.582171377467
"NM_001110838",521.538506140619,386.725599345473,339.558245827293,742.741763045655,587.349153679485,696.046276702936
"NM_001012128",281.538485615732,310.975224215947,297.794397410032,289.495428601355,288.812414971535,334.409988381938
"NM_001106870",3791.5387857922,3673.893193782,3144.99936776937,2778.91352063843,2870.13415080298,3466.02635745952
"NM_001108787",736.153909109989,765.477474993102,733.591076546665,856.760912299262,697.720228087798,944.042356582638
"NM_133296",2.30769250504699,1.9934309244612,1.81581949640264,3.63890901873212,6.32081042866995,5.32688477068573
"NM_001108121",251.538483050122,285.060622197952,207.003422589901,238.955025563409,218.311067882524,230.23979731075
"NM_001106798",1033.84624226105,1054.52495903998,998.70072302145,971.184384777171,1050.71317971967,967.717400007908
"NM_012762",122.30770276749,105.651838996444,157.976296187029,142.72609817916,144.406207485767,188.216595230896
"NM_053736",731.538524099895,869.135883065084,947.857777122176,201.757288927481,321.388899488526,349.798766608363
"NM_001009696",872.307766907761,883.089899536312,996.884903525048,781.961115803101,871.785622969632,655.206826794345
"NM_021752",1142.30778999826,1052.53152811551,871.593358273266,2021.21179829354,1657.99719705881,1912.35163267618
"NM_001014205",2815.38485615732,2519.69668851896,2476.7777930932,3118.94935227773,3690.38085796961,3177.19082767122
"NM_023987",348.461568262095,318.948947913792,780.802383453134,233.294500423159,221.714581190269,304.224308014719
"NM_001034002",858.461611877479,1038.57751164429,946.041957625774,881.828952206083,944.718050992747,861.771580679825
"NM_001039174",6.92307751514096,11.9605855467672,38.1322094244554,6.87349481316066,7.77945898913225,9.47001737010797
"NM_001108122",272.307715595544,267.119743877801,248.767271007161,210.248076637856,132.250802815248,181.114082203315
"NM_001007660",92.3077002018795,113.625562694289,98.0542528057424,121.701290515374,104.050263979644,102.394562814292
"NM_001108123",1393.84627304838,1694.41628579202,1654.2115612228,1335.47960987469,1316.18721772381,1270.75795585136
"NM_001108994",336.92310573686,336.889826233943,359.532260287722,430.199910658997,320.416467114884,361.636288320998
"NM_001108125",466.153886019491,344.863549931788,430.349220647425,409.175102995211,292.702144466101,297.713671072769
"NM_001024987",680.769288988861,833.254126424782,740.854354532276,722.121278606173,758.983467627215,704.924417987412
"NM_001126283",516.923121130525,526.265764057757,526.587653956765,442.733930612407,531.434292195097,485.930266303665
"NM_022219",78.4615451715975,71.7635132806033,58.1062238848844,95.4202809356422,101.132966858719,88.7814128447622
"NM_022279",376.153878322659,462.475974474999,386.769552733762,462.950091827586,419.1183530395,395.373225202008
"NM_001014207",353.076953272189,635.904464903123,550.193307409999,240.976641684927,230.952688739864,185.257214802737
"NM_001106801",214.61540296937,237.218280010883,217.898339568316,249.467429395302,296.105657773846,291.794910216452
"NM_001271048",117.692317757396,147.513888410129,118.028267266171,225.208035937088,150.240801727616,377.025066547424
"NM_001014206",3156.92334690428,2840.63906735721,1599.73697633072,2722.71259246023,4559.24918381832,3596.2390962985
"NM_001134584",537.692353675948,442.541665230387,403.111928201385,594.759462950549,720.572388868374,561.690405264529
"NM_001108127",110.769240242255,117.612424543211,112.580808776963,108.358624113356,113.288371529238,92.3326693585527
"NM_001106802",4.61538501009397,1.9934309244612,3.63163899280527,4.04323224303568,2.91729712092459,3.55125651379049
"NM_001108128",1306.15395785659,1513.01407166605,1537.99911345303,891.128386365065,942.773186245464,690.127515846618
"NM_001134634",521.538506140619,484.403714644072,490.271264028712,624.679381549013,671.950770186298,714.986311443152
"NM_001108995",336.92310573686,380.74530657209,254.214729496369,424.135062294443,387.028084709329,356.309403550312
"NM_001079943",122.30770276749,91.6978225252153,105.317530791353,118.871027945249,159.478909277211,181.114082203315
"NM_001134585",223.846172989558,175.421921352586,272.372924460395,159.70767359991,155.102963595824,174.603445261366
"NM_001048243",1460.76935569474,1212.00600207241,1180.28267266171,1223.07775351829,1353.13964792219,1335.27244918522
"NM_001106701",729.230831594848,675.773083392347,780.802383453134,572.521685613853,620.411854383297,557.547272665107
"NM_001011980",978.461622139922,1259.84834425948,1216.59906258977,507.829969725282,785.725357902357,423.783277312332
"NM_001106702",537.692353675948,336.889826233943,352.268982302112,451.224718322782,537.268886436946,633.899287711602
"NM_001013095",2538.46175555169,3293.14788720991,3068.73494892046,1411.49237604376,1370.15721446092,1259.51231022436
"NM_001025054",2439.23097783466,1700.39657856541,2062.7709479134,1728.07746067345,1470.31774894599,1825.93772417394
"NM_012967",2298.4617350268,2874.52739307305,4612.1815208627,1427.2609817916,1123.15939155597,1677.37682668037
"NM_053354",632.307746382874,679.75994524127,897.014831222903,946.11634487035,675.840499680864,762.928274379323
"NM_001108754",1419.2308906039,1054.52495903998,1363.68044179838,1241.27229861196,1407.10964465929,1212.16222337382
"NM_017192",394.615418363035,189.375937823814,573.798960863233,460.928475706068,538.241318810587,368.146925262947
"NM_001108002",567.692356241559,773.451198690946,671.853213668976,333.970983274748,340.837546961357,352.16627095089
"NM_053743",3893.07725601427,4154.31004657714,4726.57814913606,3150.89088699771,2732.5349699327,3199.68211892523
"NM_001013939",572.307741251653,643.878188600968,541.114209927986,771.044388746905,732.241577352073,788.97082214712
"NM_001172079",39.2307725857988,27.9080329424568,9.07909748201318,46.9014940192139,22.3659445937552,61.5551129057018
"NM_001257347",1324.61549789697,1198.05198560118,1243.83635503581,1784.68271207595,1566.58855393651,1721.76753310276
"NM_013101",57.6923126261747,33.8883257158404,54.4745848920791,57.4138978511067,79.2532384517848,73.9845107039685
"NM_057152",1954.6155517748,1712.35716411217,1663.29065870482,1688.85810791601,1468.85910038553,1570.24725518103
"NM_001108996",2.30769250504699,1.9934309244612,1.81581949640264,5.66052514024996,8.75189136277378,3.55125651379049
"NM_053412",807.692376766445,877.109606762929,1111.28153179841,795.303782205119,724.46211836294,803.767724287914
"NM_022250",200.769247939088,183.395645050431,355.900621294917,107.954300889053,90.9224269354831,94.7001737010797
"NM_001014208",939.230849554123,1351.54616678469,1234.75725755379,653.386330474567,703.068606142827,620.286137742072
"NM_001108129",1430.76935312913,1206.02570929903,1138.51882424445,1299.89916613597,1393.00937524149,994.943699946969
"NM_001109624",101.538470222067,123.592717316595,208.819242086303,192.053531544195,184.762150991891,270.487371133709
"NM_001013432",406.15388088827,414.63363228793,384.953733237359,500.552151687818,425.92537965499,480.603381532979
"NM_134368",2146.1540296937,2547.60472146142,2324.24895539538,2182.13244156636,2061.07041593322,1820.61083940326
"NM_001108997",447.692345979115,360.810997327478,394.032830719372,631.957199586477,665.143743570807,628.572402940917
"NM_001270413",1742.30784131047,1303.70382459763,1263.81036949624,2527.0201518973,1721.69151753233,2024.21621286058
"NM_001271710",1576.15398094709,1082.43299198243,1245.65217453221,1616.88857398997,4284.05082207776,3476.08825091526
"NM_001106805",170.769245373477,125.586148241056,196.108505611485,277.365731872248,249.428903839053,268.119866791182
"NM_001108755",288.461563130873,434.567941532542,294.162758417227,198.927026357356,251.373768586336,248.587955965334
"NM_080580",673.84621147372,1257.85491333502,920.620484676137,192.457854768499,159.478909277211,150.928401836096
"NM_001106804",11351.5394323261,7164.39074251356,6952.7728517257,7097.48987942484,7660.33602336116,6761.00052617146
"NM_001005881",115.384625252349,87.7109606762929,101.685891798548,108.358624113356,114.26080390288,101.802686728661
"NM_001106806",4834.61579807344,5310.49998276464,5242.27088611441,3688.64077532145,3312.59088080987,3850.74581312015
"NM_001126098",870.000074402714,835.247557349244,847.987704820031,633.170169259388,598.045909789541,627.980526855285
"NM_001106807",71.5384676564566,65.7832205072197,85.3435163309239,88.9511093467851,102.591615419181,113.048332355664
"NM_001006986",1710.00014623982,1632.61992713372,1445.3923191365,1446.66849655817,1614.23774024494,1640.08863328557
"NM_001108756",50.7692351110337,57.8094968093749,39.948028920858,57.0095746268032,54.4562129239257,63.9226172482288
"NM_001033072",364.615415797424,404.666477665624,361.348079784125,301.625125330462,315.068089059856,345.655634008941
"NM_001024988",669.230826463626,681.753376165731,809.855495395576,610.123745474085,599.504558350004,642.185552910447
"NM_001014088",507.692351110337,432.574510608081,606.483711798481,598.398371969281,606.311584965494,552.220387894421
"NM_001192018",62.3076976362686,33.8883257158404,43.5796679136633,98.6548667300707,73.9048603967563,76.9438911321273
"NM_001034000",173.076937878524,193.362799672737,241.503993021551,306.881327246408,189.138096673278,231.423549482014
"NM_001108131",964.61546710964,1239.91403501487,1015.04309848907,1258.2538740327,1173.72587498533,1070.70383890783
"NM_001106810",34.6153875757048,23.9211710935344,29.0531119424422,52.9663423837675,39.8697273193028,31.9613086241144
"NM_053635",103.846162727114,55.8160658849137,92.6067943165345,73.991150047553,101.132966858719,69.8413781045463
"NM_001034942",521.538506140619,440.548234305926,464.849791079075,635.59610860521,576.166181382607,556.955396579475
"NM_001108133",630.000053877827,821.293540878015,684.563950143794,843.01392267294,929.159133014483,933.980463126899
"NM_153302",362.307723292377,424.600786910236,395.848650215775,275.34411575073,309.719711004828,350.390642693995
"NM_001025284",318.461565696484,293.034345895797,321.400050863267,290.304075049962,293.674576839742,349.798766608363
"NM_001025283",219.230787979464,251.172296482111,228.793256546732,268.066297713266,280.060523608761,253.91484073602
"NM_031630",18.4615400403759,13.9540164712284,21.7898339568316,14.959959299232,18.9624312860098,8.28626519884447
"NM_001108134",348.461568262095,412.640201363469,428.533401151022,285.856519582623,394.321327511641,251.547336393493
"NM_001257095",4338.46190948833,472.443129097305,150.713018201419,23916.1230407804,23058.8026599748,11108.3303751366
"NM_001034950",56914.6202519738,24371.6864824627,14613.7153070484,117770.864451919,103945.24128329,82957.9440382314
"NM_080400",258.461560565262,257.152589255495,234.24071503594,390.576234677247,361.258626807829,419.640144712909
"NM_031066",9.23077002018795,5.98029277338361,16.3423754676237,23.450747009607,23.8245931542175,34.3288129666414
"NM_001025660",6595.38517942429,4321.75824423189,4361.59843035913,8471.38019560837,8001.17357032251,8009.85906685445
"NM_001191994",46.1538501009397,49.83577311153,49.0271264028712,67.5219784586959,81.6843193858886,87.005784587867
"NM_001008325",396.923110868082,372.771582874245,283.267841438811,464.971707949104,554.772669162493,526.177840126624
"NM_001004245",336.92310573686,324.929240687176,364.97971877693,356.613083835747,452.181053743312,423.1914012267
"NM_001108759",1050.00008979638,912.99136340323,815.302953884784,1225.09936963981,1571.93693199153,1495.67086839143
"NM_053482",140.769242807866,157.481043032435,125.291545251782,152.834178786749,241.64944484992,202.421621286058
"NM_001009344",270.000023090497,524.272333133296,524.771834460362,224.803712712784,248.942687652232,246.220451622807
"NM_001109061",431.538498443786,584.075260867132,532.035112445973,419.687506827104,425.43916346817,326.715599268725
"NM_198755",1576.15398094709,1885.7856545403,2182.61503467597,1596.67241277479,1597.22017370621,1847.24526325669
"NM_001109290",311.538488181343,310.975224215947,399.48028920858,217.121571451016,265.474038004138,275.222379818763
"NM_173154",50.7692351110337,21.9277401690732,25.4214729496369,44.4755546733925,73.9048603967563,25.4506716821652
"NM_024351",383.0769558378,1215.99286392133,942.410318632968,367.934134116247,222.687013563911,135.53962360967
"NM_053642",14037.6935082008,6937.13961712498,6099.33768841646,12207.3267881733,10066.1337157503,9448.70983102523
"NM_001014089",999.230854685345,1028.61035702198,1194.80922863293,363.486578648908,421.549433973604,410.762003428433
"NM_001108136",6.92307751514096,5.98029277338361,1.81581949640264,6.87349481316066,2.91729712092459,9.47001737010797
"NM_001014090",1613.07706102784,1299.7169627487,1022.30637647468,3957.51571948333,7043.81389847243,4900.14211294524
"NM_012673",13.8461550302819,1.9934309244612,1.81581949640264,11.7253735048035,12.6416208573399,17.1644064833207
"NM_023983",25.3846175555169,3.9868618489224,7.26327798561055,5.25620191594639,7.29324280231148,4.73500868505398
"NM_001113748",835.384686827009,853.188435669394,808.039675899173,1230.75989478006,1037.09912648869,1179.01716257844
"NM_001012123",60.0000051312216,15.9474473956896,36.3163899280527,65.5003623371781,77.7945898913225,105.353943242451
"NM_001109291",293.076948140967,271.106605726723,326.847509352475,486.805162061496,322.847548048988,397.740729544535
"NM_001191996",6.92307751514096,1.9934309244612,5.44745848920791,8.89511093467851,16.531350351906,9.47001737010797
"NM_001025010",500.769273595196,430.58107968362,412.191025683399,592.333523604728,619.439422009655,633.899287711602
"NM_199388",1303.84626535155,1389.42135434946,1343.70642733795,1417.55722440831,1341.47045943849,1438.25888808515
"NM_001011996",844.615456847197,809.332955331248,548.377487913596,1236.82474314462,1244.22722207434,1190.26280820545
"NM_138867",57.6923126261747,59.8029277338361,63.5536823740923,63.4787462156602,48.6216186820765,52.6769716212256
"NM_031589",3673.8464680348,4228.06699078221,1607.00025431633,6015.92525441279,7050.1347089011,7998.61342122744
"NM_001108138",960.000082099546,1056.51838996444,1040.46457143871,946.520668094654,947.149131926851,972.452408692962
"NM_001005528",1363.84627048277,1664.5148219251,1574.31550338109,912.557517253154,997.71561535621,1009.74060208776
"NM_001003708",306.923103171249,356.824135478555,341.374065323696,244.211227479355,252.346200959977,286.468025445766
"NM_053303",30.0000025656108,51.8292040359912,34.5005704316501,23.450747009607,46.6767539347935,31.3694325384827
"NM_001106817",960.000082099546,920.965087101075,742.670174028679,2324.04989329691,2087.81230620837,2538.55653127457
"NM_001191578",159.230782848242,195.356230597198,265.109646474785,196.905410235838,224.631878311194,220.17790385501
"NM_001024760",413.076958403411,368.784721025322,355.900621294917,483.166253042764,428.842676775915,592.46796171738
"NM_001109528",55.3846201211277,51.8292040359912,27.2372924460396,136.661249814606,145.378639859409,128.437110582089
"NM_001005546",1218.46164266481,725.608856503878,408.559386690593,2505.18669778491,2690.72037786612,2092.87383879386
"NM_001077646",13.8461550302819,5.98029277338361,5.44745848920791,5.66052514024996,14.1002694178022,11.837521712635
"NM_001108140",9.23077002018795,9.96715462230601,16.3423754676237,8.08646448607137,12.1554046705191,11.837521712635
"NM_212516",3574.61569031778,2770.86898500107,2627.49081129462,3357.90437784114,4028.78732399686,3996.34733018556
"NM_207610",5266.15429651722,5876.63436531162,5011.66181007128,5092.04668687914,4852.92376065806,4833.85199135449
"NM_001106818",99.2307777170204,43.8554803381464,88.9751553237292,116.849411823731,116.205668650163,91.1489171872892
"NM_001108760",90.0000076968325,73.7569442050645,78.0802383453134,102.293775748803,98.2156697377946,81.6788998171812
"NM_057193",60.0000051312216,55.8160658849137,76.2644188489108,73.991150047553,79.7394546386055,100.618934557397
"NM_145717",6.92307751514096,7.97372369784481,14.5265559712211,17.790221869357,6.32081042866995,11.837521712635
"NM_019204",424.615420928646,374.765013798706,299.610216906435,694.627299353531,631.108610493353,648.104313766764
"NM_022387",1257.69241525061,1267.82206795732,1305.5742179135,887.085154122029,1017.65047901586,878.344111077514
"NM_031549",330.000028221719,205.323385219504,492.087083525115,336.396922620569,472.602133589784,475.868372847926
"NM_001108142",9131.53924247092,9098.01873924093,7019.95817309259,7896.43257064869,8270.0511216344,8929.63450392618
"NM_001137646",1866.92323658301,2172.83970766271,2269.7743705033,1239.65500571474,1279.72100371225,1163.03650826638
"NM_012737",2628.46176324852,1213.99943299687,1804.92457942422,3554.80978807697,5156.32266123422,4410.66059012779
"NM_001025277",260.769253070309,199.34309244612,274.188743956798,302.838095003373,345.213492642743,242.077319023385
"NM_080576",94.6153927069264,49.83577311153,65.3695018704949,259.979833227194,149.754585540796,168.092808319416
"NM_001008326",2208.46172732997,2499.76237927435,2814.52021942409,895.575941832404,992.853453488003,988.433063005019
"NM_001134635",6.92307751514096,9.96715462230601,7.26327798561055,9.29943415898207,16.0451341650853,7.69438911321273
"NM_001106819",1142.30778999826,751.523458521873,566.535682877623,790.85622673778,812.95346436432,594.243589974275
"NM_001109293",316.153873191437,279.080329424568,239.688173525148,227.633975282909,257.694579015006,265.160486363023
"NM_001024801",387.692340847894,550.186935151292,577.430599856038,407.962133322301,420.090785413141,365.77942092042
"NM_153311",4.61538501009397,11.9605855467672,9.07909748201318,12.9383431777142,10.2105399232361,5.91876085631748
"NM_001004246",71.5384676564566,59.8029277338361,92.6067943165345,33.5588276171962,47.1629701216142,43.7988303367494
"NM_001127503",671.538518968673,719.628563730494,829.829509856005,534.919625753621,578.11104612989,582.40606826164
"NM_022541",895.384691958231,859.168728442778,806.223856402771,612.145361595603,690.426985285487,590.100457374853
"NM_017220",306.923103171249,203.329954295043,263.293826978382,263.618742245927,342.78241170864,316.061829727353
"NM_001191793",60.0000051312216,29.901463866918,54.4745848920791,26.281009579732,38.8972949456612,39.6556977373271
"NM_001191106",16.1538475353289,17.9408783201508,23.6056534532343,44.8798778976961,70.501347089011,34.9206890522731
"NM_019165",87.6923151917855,57.8094968093749,98.0542528057424,107.145654440446,133.22323518889,129.620862753353
"NM_001127712",378.461570827706,125.586148241056,181.581949640264,944.499051973136,1643.41071145419,1554.26660086897
"NM_198788",4130.76958403411,3179.52232451562,2730.99252258957,4045.65818238151,4481.45459392699,4981.22913667679
"NM_012935",306.923103171249,358.817566403016,838.908607338018,71.160887477428,78.2808060781432,83.4545280740765
"NM_001109559",750.000064140271,809.332955331248,606.483711798481,489.231101407318,476.005646897529,323.164342754934
"NM_001108145",193.846170423947,91.6978225252153,119.844086762574,94.2073112627315,103.077831606002,100.027058471765
"NM_001037654",1389.23088803829,1212.00600207241,1171.2035751797,994.635131786778,1085.72074517077,855.852819823508
"NM_001134636",4.61538501009397,13.9540164712284,7.26327798561055,10.9167270561963,5.34837805502842,8.28626519884447
"NM_130431",16.1538475353289,3.9868618489224,23.6056534532343,10.5124038318928,12.6416208573399,18.9400347402159
"NM_001025418",683.076981493908,1010.66947870183,940.594499136566,257.958217105677,289.784847345176,400.108233887062
"NM_017126",1735.38476379533,1311.67754829547,1147.59792172647,1774.97895469267,1340.01181087803,2092.28196270823
"NM_001108146",113.076932747302,171.435059503663,147.081379208614,158.494703926999,101.61918304554,114.232084526927
"NM_001025123",872.307766907761,554.173797000214,700.906325611418,1275.63977267776,856.226704991368,1345.33434264096
"NM_001106821",530.769276160807,697.700823561421,410.375206186996,645.299865988495,416.201055918575,481.787133704243
"NM_022683",415.384650908458,414.63363228793,390.401191726567,377.233568275229,419.1183530395,395.965101287639
"NM_017075",5485.38508449669,3488.5041178071,3390.13499978372,10215.2262620297,11170.3306760203,10766.8178737271
"NM_001106822",41.5384650908458,21.9277401690732,29.0531119424422,6.87349481316066,8.75189136277378,11.2456456270032
"NM_001015010",48.4615426059867,15.9474473956896,10.8949169784158,337.205569069176,713.765362252884,56.2282281350161
"NM_053638",1504.61551329064,1576.80386124881,1459.91887510772,1103.80240234874,1297.71100262462,838.096537254555
"NM_001025411",180.000015393665,211.303677992887,203.371783597095,376.424921826622,305.343765323441,207.156629971112
"NM_001106823",489.230811069961,496.364300190839,252.398909999967,393.810820471676,330.1407908513,508.421557557672
"NM_017281",3680.76954554994,3717.74867412014,3589.87514438801,2913.55315433151,2646.47470486543,2533.82152258951
"NM_017078",11.5384625252349,9.96715462230601,9.07909748201318,39.6236759817497,49.1078348688973,36.1044412235366
"NM_001037770",1301.5385728465,1445.23742023437,1390.91773424442,869.294932252672,937.911024377256,861.771580679825
"NM_001191109",11.5384625252349,53.8226349604525,3.63163899280527,9.70375738328564,14.586485604623,8.28626519884447
"NM_001009668",9180.00078507691,6287.28113575063,6206.47103870421,7880.25964167655,8533.09407870443,8151.90932740607
"NM_017132",219.230787979464,340.876688082866,265.109646474785,217.930217899623,228.52160780576,247.404203794071
"NM_001106824",43.8461575958927,63.7897895827585,88.9751553237292,48.1144636921246,52.9975643634634,49.7175911930668
"NM_001005547",223.846172989558,157.481043032435,245.135632014356,263.618742245927,269.849983685525,349.206890522731
"NM_001127488",706.153906544378,819.300109953554,722.696159568249,849.887417486101,688.968336725025,741.62073529658
"NM_001108152",653.076978928297,566.134382546981,530.21929294957,418.878860378497,458.501864171982,336.777492724465
"NM_031022",13.8461550302819,9.96715462230601,18.1581949640264,12.9383431777142,19.4486474728306,23.6750434252699
"NM_001004270",221.538480484511,225.257694464116,250.583090503564,202.565935376088,232.897553487147,225.504788625696
"NM_139256",1689.23091369439,1736.27833520571,1572.49968388468,1426.04801211869,1594.30287658529,1979.23363035257
"NM_001025754",256.153868060215,197.349661521659,223.345798057524,221.973450142659,250.401336212694,305.408060185982
"NM_001108762",583.846203776888,518.292040359912,522.956014963959,380.872477293961,405.990515995339,488.297770646192
"NM_001108761",849.230841857291,920.965087101075,971.463430575411,1239.65500571474,1124.13182392961,1123.97268661469
"NM_001025011",683.076981493908,474.436560021766,586.509697338052,690.988390334799,586.862937492664,895.508517560835
"NM_001108763",378.461570827706,247.185434633189,279.636202446006,220.760480469748,227.062959245297,251.547336393493
"NM_001108764",78.4615451715975,75.7503751295257,78.0802383453134,81.6732913093208,75.8497251440394,97.0676780436067
"NM_001012124",16.1538475353289,3.9868618489224,16.3423754676237,40.4323224303568,39.8697273193028,65.698245505124
"NM_145783",2109.23094961295,1991.43749353674,2100.90315733785,2078.22137292034,2456.36417581851,2465.75577274186
"NM_001004081",120.000010262443,129.573010089978,179.766130143861,131.000724674356,138.571613243918,149.744649664832
"NM_001030039",1638.46167858336,1568.83013755097,1312.83749589911,1641.14796744818,1485.39045073744,1657.25303976889
"NM_001271135",173.076937878524,179.408783201508,188.845227625874,218.738864348231,185.248367178712,224.912912540064
"NM_012541",11656.1548429923,3500.46470335387,2304.27494093495,17705.7183154776,17465.3716467887,12930.1249667112
"NM_012540",708.461599049425,474.436560021766,479.376347050296,31.9415347199819,92.8672916827662,53.2688477068573
"NM_134340",996.923162180298,914.984794327692,886.119914244487,1031.4285451984,934.02129488269,1063.00944979462
"NM_001004247",909.230846988513,873.122744914006,898.830650719305,750.828227531727,689.454552911845,811.462113401127
"NM_001305238",136.153857797772,157.481043032435,174.318671654653,103.911068646017,92.3810754959454,102.986438899924
"NM_001012125",57.6923126261747,37.8751875647628,87.1593358273266,114.827795702213,99.6743182982569,165.725303976889
"NM_182824",720.00006157466,797.372369784481,1321.91659338112,484.379222715675,366.607004862857,443.315188138179
"NM_001113791",34.6153875757048,43.8554803381464,72.6327798561055,73.1825035989459,93.3535078695869,93.5164215298162
"NM_001100723",1296.92318783641,1493.07976242144,1341.89060784155,823.606407906369,857.68535355183,667.04434850698
"NM_001013108",2554.61560308701,2386.13681658006,2513.09418302125,2260.57114708125,2450.52958157666,1972.72299341062
"NM_001004443",3641.53877296414,2776.84927777445,2907.12701374062,3087.00781755775,3342.73628439276,3592.68783978471
"NM_053297",39.2307725857988,53.8226349604525,67.1853213668976,48.5187869164282,44.2456730006896,65.1063694194923
"NM_001106828",376.153878322659,303.001500518103,450.323235107854,295.964600190212,272.767280806449,240.30169076649
"NM_053400",159.230782848242,73.7569442050645,148.897198705016,473.462495659479,533.8653731292,220.769779940642
"NM_001007604",3173.07719443961,4044.67134573178,3731.50906510742,2033.34149502265,2081.4914957797,2489.43081616713
"NM_012903",2875.38486128854,2338.29447439299,2278.85346798531,2483.75756689682,3195.89899597289,3030.99743452018
"NM_001108157",505.38465860529,713.64827095711,535.666751438778,502.573767809336,528.030778887351,518.483451013411
"NM_001127575",34.6153875757048,29.901463866918,34.5005704316501,61.861453318446,63.6943204735203,63.3307411625971
"NM_001191794",233.076943009746,275.093467575646,248.767271007161,159.70767359991,209.55917651975,242.669195109017
"NM_001108766",150.000012828054,125.586148241056,101.685891798548,124.935876309803,93.8397240564077,94.7001737010797
"NM_134398",293.076948140967,299.01463866918,323.215870359669,251.084722292516,248.942687652232,267.52799070555
"NM_001109643",376.153878322659,314.96208606487,279.636202446006,251.48904551682,289.784847345176,274.630503733131
"NM_022510",20589.2325300292,27485.4255864711,25546.7644948887,14174.3592744102,14075.4723922743,15407.12638508
"NM_001108158",30.0000025656108,25.9146020179956,34.5005704316501,28.7069489255534,19.9348636596514,30.1856803672192
"NM_001025287",115.384625252349,127.579579165517,138.0022817266,122.509936963981,114.747020089701,106.537695413715
"NM_001008380",927.692387028889,924.951948949998,982.358347553827,897.597557953922,833.860760397613,1005.00559340271
"NM_001108159",2543.07714056178,2156.89226026702,2162.64102021554,2744.14172334832,2592.99092431514,2455.10200320049
"NM_001106831",3129.23103684371,2994.13324854073,2226.19470258963,2950.34656774314,3576.60627025355,2724.99749824857
"NM_001007663",440.769268463974,538.226349604525,495.71872251792,367.529810891944,370.982950544244,388.270712174427
"NM_001108161",4.61538501009397,3.9868618489224,7.26327798561055,18.1945450936606,11.6691884836984,11.837521712635
"NM_001007803",5460.00046694117,2689.13831709816,2689.22867417231,9210.07872641099,11296.7468845937,10789.3091649811
"NM_001009697",403.846188383223,356.824135478555,346.821523812904,384.915709536997,338.892682214073,445.090816395075
"NM_001173426",346.153875757048,354.830704554094,315.952592374059,255.532277759855,238.245931542175,207.156629971112
"NM_201418",50.7692351110337,17.9408783201508,70.8169603597028,99.4635131786778,47.1629701216142,75.168262875232
"NM_022536",7993.84683748276,8065.42152037002,7704.52212323639,7405.17985311986,7179.46821459542,8205.17817511292
"NM_001008327",1105.38470991751,966.813998363683,940.594499136566,1225.50369286412,1255.89641055804,1187.30342777729
"NM_001013109",383.0769558378,141.533595636745,281.452021942409,336.801245844873,449.749972809208,357.493155721576
"NM_001108769",90.0000076968325,99.6715462230601,79.896057841716,92.5900183655172,107.93999347421,68.065749847651
"NM_001025424",1116.92317244274,867.142452140623,1076.78096136676,808.242125382833,885.885892387434,845.199050282136
"NM_001047090",309.230795676296,344.863549931788,188.845227625874,160.516320048517,186.707015739174,178.746577860788
"NM_001106833",3092.30795676296,2613.38794196864,2671.07047920828,3063.15274732383,2799.14658752715,3067.69375182935
"NM_001191108",260.769253070309,265.12631295334,196.108505611485,213.482662432284,237.759715355354,249.179832050966
"NM_001106835",475.384656039679,534.239487755602,506.613639496336,510.255909071103,531.920508381917,426.74265774049
"NM_173312",39.2307725857988,37.8751875647628,16.3423754676237,33.1545043928926,38.4110787588405,16.5725303976889
"NM_001009470",4.61538501009397,9.96715462230601,30.8689314388448,57.8182210754103,34.0351330774536,47.9419629361716
"NM_183402",1548.46167088653,2176.82656951163,2044.61275294937,1575.64760511101,1921.52637031566,1693.94935707806
"NM_001007752",6.92307751514096,5.98029277338361,19.974014460429,14.1513128506249,9.23810754959454,8.28626519884447
"NM_001198796",71.5384676564566,101.664977147521,107.133350287756,54.1793120566782,49.5940510557181,69.8413781045463
"NM_001108166",78.4615451715975,79.7372369784481,105.317530791353,63.8830694399638,61.7494557262372,51.4932194499621
"NM_001308432",115.384625252349,207.316816143965,152.528837697822,109.975917010571,115.233236276521,96.475801957975
"NM_001014212",780.000066705881,972.794291137067,962.384333093397,548.262292155639,679.73022917543,544.525998781208
"NM_022671",837.692379332056,273.100036651185,392.21701122297,847.865801364583,800.31184350698,1396.82756209093
"NM_001106838",2642.3079182788,1800.06812478847,1421.78666568326,2161.51195712688,1882.62907537,1849.02089151358
"NM_031660",313.84618068639,308.981793291486,292.346938920825,142.72609817916,103.564047792823,100.618934557397
"NM_031770",55.3846201211277,47.8423421870688,85.3435163309239,73.5868268232495,70.0151309021902,63.9226172482288
"NM_001005548",673.84621147372,484.403714644072,673.669033165378,1033.04583809562,902.903458926161,759.968893951165
"NM_001106839",385.384648342847,299.01463866918,424.901762158217,197.309733460141,199.834852783335,126.069606239562
"NM_012815",8690.76997400695,5906.53582917854,7590.12549496302,8834.05812780867,8412.02624818606,6106.97745154838
"NM_134382",3648.46185047929,2481.8215009542,2226.19470258963,12135.7615774716,10831.4379938062,10862.1099235138
"NM_001011998",2640.00022577375,1871.83163806907,1499.86690402858,3658.31653349869,2906.11414862771,3000.21987806733
"NM_001010921",77386.1604642456,66807.8440023927,54174.9746751727,10539.4934879211,8440.71300320849,5281.31031209209
"NM_001106840",4077.69265641802,5131.09119956313,4012.96108704983,1616.88857398997,1741.62638119198,1614.63796160341
"NM_017013",54272.312333695,71307.0175989017,44209.757278915,28407.7497395687,56515.8246912985,22364.0378955956
"NM_001106841",180.000015393665,157.481043032435,156.160476690627,200.139996030266,165.31350351906,224.912912540064
"NM_175838",25220.7713876585,30944.0282404112,31755.0513530893,20869.547545653,17960.8259411591,21425.3224237837
"NM_001009713",883.846229432996,942.892827270148,791.69730043155,861.208467766601,779.890763660508,700.78128538799
"NM_022503",186.923092908806,139.540164712284,125.291545251782,78.8430287391958,107.93999347421,100.027058471765
"NM_145682",20.7692325454229,19.934309244612,21.7898339568316,31.9415347199819,41.8145920665858,40.2475738229589
"NM_001177825",20.7692325454229,3.9868618489224,18.1581949640264,7.6821412617678,15.0727017914437,5.32688477068573
"NM_001004248",3362.30797985346,2906.42228786443,2585.72696287735,4273.69648088872,4157.63461350436,4407.70120969963
"NM_001106842",2016.92324941107,1802.06155571293,1930.216124676,2124.71854371525,2342.58958810245,2070.38254753985
"NM_001277283",18.4615400403759,43.8554803381464,61.7378628776897,42.0496153275711,36.9524301983782,44.3907064223811
"NM_001137647",143.076935312913,121.599286392133,114.396628273366,130.596401450053,110.857290595135,97.6595541292384
"NM_001108172",30.0000025656108,37.8751875647628,127.107364748185,223.18641981557,110.857290595135,166.909056148153
"NM_001106844",253.846175555169,255.159158331034,241.503993021551,750.019581083119,435.649703391406,800.216467774123
"NM_031807",80.7692376766445,59.8029277338361,67.1853213668976,67.1176552343924,56.4010776712088,105.945819328083
"NM_001108772",336.92310573686,572.114675320365,606.483711798481,369.955750237765,299.509171081591,336.185616638833
"NM_001108773",4.61538501009397,13.9540164712284,16.3423754676237,9.70375738328564,13.1278370441607,9.47001737010797
"NM_133427",996.923162180298,901.030777856463,987.805806043034,920.239658514922,977.294535509738,820.340254685603
"NM_001277060",150.000012828054,239.211710935344,243.319812517953,172.646016777624,133.22323518889,234.382929910172
"NM_001108174",290.76925563592,386.725599345473,274.188743956798,513.086171641228,614.091043954627,635.083039882866
"NM_021576",2649.23099579394,2200.74774060517,1688.71213165445,6452.99865988495,6065.06071440223,5213.83643833007
"NM_001047916",826.153916806821,841.227850122627,846.171885323629,732.633682438066,771.625088484555,615.551129057018
"NM_133416",69.2307751514096,69.7700823561421,205.187603093498,66.3090087857852,92.8672916827662,102.986438899924
"NM_001009349",1913.07708668395,1668.50168377403,1432.68158266168,2054.36630268643,1924.92988362341,1895.18722619286
"NM_001004249",1359.23088547268,2192.77401690732,1746.81835553934,891.532709589368,418.632136852679,661.717463736294
"NM_012939",6228.46207112182,4816.12911349826,3838.64241539517,7754.91944214244,12295.9211485103,11886.6474277424
"NM_001047101",274.615408100591,113.625562694289,110.764989280561,1450.3074055769,1216.02668323873,1141.72896918364
"NM_057194",168.46155286843,346.856980856249,506.613639496336,76.4170893933744,99.1881021114361,108.905199756242
"NM_001012000",159.230782848242,217.283970766271,177.950310647458,181.136804487999,204.697014651542,197.094736515372
"NM_001134472",1059.23085981657,344.863549931788,602.852072805675,4965.89784089643,3232.36520998445,2511.33023133551
"NM_001271152",1996.15401686564,699.694254485882,755.380910503497,10309.0292500681,6324.70015816452,11783.0691127568
"NM_001108178",1059.23085981657,859.168728442778,1084.04423935237,1324.96720604279,1082.31723186302,1168.36339303707
"NM_012913",999.230854685345,1072.46583736013,1307.3900374099,1358.12171043569,1215.05425086509,1161.26088000949
"NM_001106847",106.153855232161,73.7569442050645,56.2904043884817,167.794138085981,144.406207485767,178.746577860788
"NM_001106848",927.692387028889,914.984794327692,815.302953884784,546.644999258424,543.103480678795,603.713607344383
"NM_001012471",401.538495878176,456.495681701615,323.215870359669,525.215868370335,410.366461676726,458.112090278973
"NM_012733",2353.84635514793,1584.77758494666,1859.3991643163,2615.16261479548,2540.96579232532,3043.42683231845
"NM_001017470",143.076935312913,125.586148241056,214.266700575511,228.442621731516,229.494040179401,187.032843059632
"NM_012981",219.230787979464,392.705892118857,250.583090503564,183.56274383382,357.855113500083,167.500932233785
"NM_001173354",807.692376766445,821.293540878015,746.301813021484,631.957199586477,686.0510396041,599.570474744961
"NM_001109437",323.076950706578,370.778151949784,348.637343309306,405.940517200783,407.935380742622,342.696253580782
"NM_001014095",25.3846175555169,19.934309244612,12.7107364748185,26.281009579732,52.5113481766427,26.6344238534287
"NM_017030",3883.84648599408,3986.8618489224,3497.26835007148,4107.51963569995,4490.20648528977,4291.10162083017
"NM_001012202",263.076945575356,223.264263539655,225.161617553927,292.730014395784,275.198361740553,262.792982020496
"NM_001244805",30.0000025656108,13.9540164712284,19.974014460429,20.2161612151784,16.531350351906,17.1644064833207
"NM_001173983",743.07698662513,703.681116334804,690.011408633002,433.434496453425,462.877809853369,439.172055538757
"NR_045200",57.6923126261747,33.8883257158404,27.2372924460396,33.1545043928926,29.6591873960667,37.2881933948001
"NM_031717",1047.69239729133,879.10303768739,924.252123668942,1143.8304015548,1008.89858765309,1184.93592343476
"NM_022667",37047.6954760243,18395.380570928,17206.7055479114,11150.8302030681,12661.0695048127,12354.8214114771
"NM_001013110",933918.541407505,442996.167481164,464551.996681665,1384236.54317023,1495876.18902241,1582492.57951666
"NM_001013252",1873.84631409815,2192.77401690732,1952.00595863283,2360.84330670854,2328.48931868465,2307.13298179255
"NM_001047891",25827.6945164859,16708.9380088338,16336.9280091345,27718.3786421311,29991.7592678521,34259.5634646225
"NM_001014097",849.230841857291,1148.21621248965,1403.62847071924,931.965032019725,858.171569738651,630.348031197812
"NM_001191882",161.538475353289,221.270832615193,207.003422589901,135.448280141695,165.31350351906,144.417764894147
"NM_001009669",1527.6924383411,2332.31418161961,2077.29750388462,1097.73755398419,1061.40993582973,883.6709958482
"NM_020072",18.4615400403759,7.97372369784481,3.63163899280527,26.6853328040355,42.7870244402273,42.6150781654859
"NM_001134901",50.7692351110337,23.9211710935344,16.3423754676237,33.9631508414997,47.1629701216142,42.6150781654859
"NM_001106852",1105.38470991751,1164.16365988534,966.015972086203,960.267657720975,1110.03155451181,1022.16999988603
"NM_001127554",237.69232801984,223.264263539655,207.003422589901,232.081530750248,250.887552399515,259.241725506706
"NM_131907",1980.00016933031,1654.5476673028,1754.08163352495,2601.81994839346,2401.90796289458,2421.95694240511
"NM_001040156",71.5384676564566,77.7438060539869,72.6327798561055,69.9479178045173,65.1529690339826,65.1063694194923
"NM_001109296",46.1538501009397,49.83577311153,54.4745848920791,51.7533727108568,40.3559435061235,42.0232020798541
"NM_001100547",353.076953272189,470.449698172844,379.506274748151,359.443346405872,365.148356302395,464.622727220922
"NM_001191883",551.53850870623,452.508819852693,481.192166546699,522.789929024514,605.339152591853,736.885726611526
"NM_017150",3143.077191874,5637.42265437628,5903.22918280497,3164.23355339973,3409.34790198721,3893.95276737127
"NM_001108778",399.230803373129,494.370869266378,626.45772625891,209.843753413552,253.318633333619,186.440966974001
"NM_001008328",918.461617008701,1341.57901216239,2004.66472402851,641.660956969763,691.885633845949,697.821904959831
"NM_001009670",163.846167858336,109.638700845366,143.449740215808,149.195269768017,135.168099936173,204.197249542953
"NM_001007664",7112.30830055481,4058.62536220301,3542.66383748154,6406.09716586574,7674.92250896578,7062.26545375802
"NM_001005383",2363.07712516811,2061.20757589288,2059.13930892059,1799.23834815088,1875.82204875451,2279.31480576786
"NM_001007665",2171.53864724921,1734.28490428125,1514.3934599998,1773.36166179545,1655.07989993789,1524.08092050175
"NM_053370",932.307772038983,1343.57244308685,1276.52110597105,834.118811738262,828.512382342584,712.618807100625
"NM_001108183",2900.76947884406,4371.59401734342,3406.47737525135,2725.94717825466,2697.52740448161,2384.07687292468
"NM_001106853",203.076940444135,205.323385219504,225.161617553927,139.491512384731,155.589179782645,155.66341052115
"NM_031804",962.307774604593,219.277401690732,337.74242633089,1077.52139276901,215.87998694842,507.82968147204
"NM_001012127",657.692363938391,538.226349604525,1035.0171129495,201.757288927481,267.905118938242,259.241725506706
"NM_172040",346.153875757048,398.68618489224,370.427177266138,439.499344817979,403.073218874414,418.456392541646
"NM_001079942",30.0000025656108,65.7832205072197,92.6067943165345,11.3210502804999,10.6967561100568,2.36750434252699
"NM_207599",25.3846175555169,41.8620494136852,54.4745848920791,25.8766863554284,44.2456730006896,29.0019281959557
"NM_001109297",946.153927069264,887.076761385235,962.384333093397,758.106045569191,763.359413308602,704.33254190178
"NM_001304776",1922.30785670414,635.904464903123,742.670174028679,933.58232491694,1207.76100806278,1141.13709309801
"NM_001025744",519.230813635572,478.423421870688,455.770693597062,465.780354397711,411.338894050367,480.011505447348
"NM_001108779",902.307769473372,948.873120043532,871.593358273266,742.337439821352,889.775621882001,742.212611382212
"NM_207616",1476.92320323007,374.765013798706,586.509697338052,700.692147718084,898.527513244774,1009.14872600213
"NM_001047871",1075.3847073519,1245.89432778825,1220.23070158257,429.795587434693,393.348895137999,329.674979696884
"NM_001004284",138.461550302819,103.658408071982,76.2644188489108,170.624400656106,129.819721881144,168.092808319416
"NM_001007754",237.69232801984,189.375937823814,239.688173525148,108.358624113356,166.285935892702,123.702101897035
"NM_001007753",330.000028221719,219.277401690732,299.610216906435,211.056723086463,178.927556750042,221.953532111906
"NM_031035",2526.92329302645,2334.30761254407,2968.86487661831,2607.07615030941,2581.80795201826,2914.98972173636
"NM_145776",25500.0021807692,22581.5855122965,14502.9503177679,23277.2923463807,29778.3103618378,27989.8200895254
"NM_001108780",221.538480484511,279.080329424568,176.134491151056,240.572318460623,208.100527959288,258.057973335442
"NM_001108185",87.6923151917855,75.7503751295257,90.7909748201318,124.127229861196,113.774587716059,100.618934557397
"NM_001100548",1223.0770276749,1257.85491333502,1149.41374122287,1681.58028987854,1593.33044421165,1843.6940067429
"NM_001109004",13.8461550302819,13.9540164712284,18.1581949640264,44.8798778976961,20.4210798464721,42.0232020798541
"NM_001126284",436.15388345388,450.515388928232,417.638484172606,508.234292949586,480.867808765737,377.025066547424
"NM_001106855",99.2307777170204,109.638700845366,114.396628273366,67.5219784586959,185.734583365532,78.1276433033908
"NM_024352",4128.46189152906,4917.79409064579,2698.30777165432,4734.62495659479,7529.54386910637,8321.18588789675
"NM_001108781",736.153909109989,1487.09946964806,907.909748201318,645.704189212799,800.31184350698,782.460185205171
"NM_001108187",9.23077002018795,5.98029277338361,3.63163899280527,10.5124038318928,8.75189136277378,10.6537695413715
"NM_178144",76.1538526665505,159.474473956896,103.50171129495,65.0960391128745,79.2532384517848,61.5551129057018
"NM_053316",846.923149352244,783.418353313252,766.275827481913,981.292465384761,1024.94372181817,1073.66321933599
"NM_012500",2111.53864211799,2246.59665186777,1861.2149838127,2043.44957563023,1757.67151535707,1935.43480001582
"NM_001191580",2063.07709951201,2136.95795102241,1810.37203791343,1825.92368095492,1736.76421932377,1693.94935707806
"NM_053697",3860.76956094361,3717.74867412014,3306.6073029492,5699.7444930074,4821.80592470153,4764.60248933557
"NM_001014214",477.692348544726,432.574510608081,443.059957122243,395.42811336889,482.81267351302,434.437046853703
"NM_001134532",1144.61548250331,1614.67904881357,1265.62618899264,1033.45016131992,1180.53290160082,1176.64965823592
"NM_001006988",856.153919372432,446.528527079309,513.876917481946,1375.50760908074,1034.18182936777,1168.36339303707
"NM_199099",3720.00031813574,4134.37573733253,3978.46051661818,1601.52429146643,1311.81127204242,1477.91458582248
"NM_053965",4105.38496647859,4084.539964221,2809.07276093488,3781.23079368697,3710.31572162926,3453.00508357562
"NM_001012275",1479.23089573512,1391.41478527392,1539.81493294944,1538.85419169938,1471.77639750646,1301.53551230421
"NM_001106857",180.000015393665,177.415352277047,196.108505611485,143.93906785207,179.413772936862,191.767851744686
"NM_021660",837.692379332056,695.707392636959,677.300672158183,631.957199586477,921.37967402535,608.448616029437
"NM_001106858",4.61538501009397,21.9277401690732,18.1581949640264,16.5772521964463,17.5037827255476,12.4293977982667
"NM_001143817",443.076960969021,297.021207744719,452.139054604257,315.776438181087,385.083219962046,339.736873152623
"NM_001004250",5162.30813379011,4919.78752157025,4512.31144856055,4296.74290467402,4701.7105265568,5898.637069406
"NM_001106859",258.461560565262,233.231418161961,263.293826978382,244.615550703659,286.867550224252,281.733016760712
"NM_001126048",136.153857797772,103.658408071982,130.73900374099,113.614826029303,144.892423672588,110.088951927505
"NM_001024989",212.307710464323,253.165727406573,256.030548992772,196.501087011534,200.321068970155,208.340382142375
"NM_001014098",309.230795676296,295.027776820258,323.215870359669,278.983024769462,269.849983685525,269.303618962445
"NM_001006989",729.230831594848,763.48404406864,566.535682877623,649.747421455834,687.023471977741,763.520150464955
"NM_133571",330.000028221719,472.443129097305,461.21815208627,387.341648882819,358.341329686904,364.595668749157
"NM_001191884",334.615413231813,386.725599345473,426.71758165462,194.479470890016,210.531608893391,212.483514741798
"NM_001013249",1380.0001180181,1608.69875604019,1539.81493294944,1182.64543108794,1234.98911452474,1073.66321933599
"NM_001100966",2679.23099835955,2168.85284581379,2109.98225481986,3318.28070185939,4197.01812463685,4140.17321899408
"NM_057204",793.846221736163,1130.2753341695,1338.25896884874,910.94022435594,891.234270442463,852.301563309717
"NM_001106862",11.5384625252349,15.9474473956896,5.44745848920791,12.5340199534106,2.43108093410383,5.32688477068573
"NM_001192000",9.23077002018795,19.934309244612,36.3163899280527,4.04323224303568,6.80702661549071,19.5319108258477
"NM_020073",570.000048746606,303.001500518103,350.453162805709,706.756996082638,757.524819066752,966.533647836645
"NM_001109299",57.6923126261747,5.98029277338361,19.974014460429,43.2625850004818,50.5664834293596,81.6788998171812
"NM_001108190",2981.53871652071,891.063623234157,907.909748201318,5026.54632454196,5558.42344773499,4617.22534401327
"NM_001108191",25.3846175555169,11.9605855467672,52.6587653956765,30.7285650470712,22.852160780576,31.9613086241144
"NM_001271384",1580.76936595719,1540.92210460851,955.121055107787,1976.73624362015,1884.57394011729,1991.0711520652
"NM_031053",304.615410666202,418.620494136852,524.771834460362,244.211227479355,346.185925016385,372.29005786237
"NM_001029910",3378.46182738879,3484.51725595818,3520.87400352471,3321.51528765381,3393.78898400894,2709.01684393651
"NM_001191819",1546.15397838148,1469.15859132791,1543.44657194224,1577.66922123252,1642.92449526737,1447.72890545526
"NM_001108192",763.846219170552,693.713961712498,771.723285971121,749.210934634512,899.013729431595,948.777365267692
"NM_001108785",150.000012828054,155.487612107974,214.266700575511,99.0591899543743,101.132966858719,92.9245454441845
"NM_145772",424.615420928646,404.666477665624,475.744708057491,425.752355191658,466.767539347935,396.556977373271
"NM_001109300",110.769240242255,55.8160658849137,127.107364748185,100.676482851589,121.554046705191,130.212738838985
"NM_198754",793.846221736163,899.037346932002,682.748130647391,603.654573885228,667.08860831809,675.922489791456
"NM_001007802",636.923131392968,478.423421870688,653.695018704949,1049.21876706776,1149.90128183111,1113.31891707332
"NM_001191885",249.230790545075,600.022708262822,167.055393669043,134.639633693088,115.719452463342,126.069606239562
"NM_001170539",3713.0772406206,3468.56980856249,2716.46596661834,5113.07149454293,4878.69321855956,4128.92757336707
"NM_031132",2960.76948397528,2463.88062263405,2293.38002395653,3531.76336429167,3322.31520454629,3196.72273849707
"NM_138833",657.692363938391,745.54316574849,582.878058345246,876.97707351444,774.056169418658,887.814128447622
"NM_001199225",226.153865494605,139.540164712284,161.607935179835,167.389814861677,69.0426985285487,125.477730153931
"NM_001025705",835.384686827009,749.530027597412,818.934592877589,635.191785380906,671.464553999477,704.924417987412
"NM_001106865",276.923100605638,338.883257158404,330.47914834528,397.449729490408,436.622135765047,489.481522817456
"NM_001191617",355.384645777236,273.100036651185,312.320953381254,645.299865988495,829.971030903046,760.560770036796
"NM_001040019",4608.46193257883,4451.33125432186,3092.34060237369,3253.99330919512,1269.0242476022,748.723248324161
"NM_017035",138.461550302819,83.7240988273705,72.6327798561055,119.275351169553,130.305938067965,122.518349725772
"NM_198130",807.692376766445,924.951948949998,697.274686618613,955.415779029332,1020.56777613679,932.796710955635
"NM_012489",1056.92316731152,185.389075974892,103.50171129495,139.491512384731,121.554046705191,158.622790949308
"NM_001033704",8554.61611620918,7569.05722017918,5612.69806338055,8274.87910859683,8882.19730084174,10070.7715970242
"NM_001106866",113.076932747302,135.553302863362,139.818101223003,129.787755001445,107.453777287389,124.885854068299
"NM_001135895",969.230852119734,932.925672647842,953.305235611384,821.584791784851,900.472377992057,904.978534930943
"NM_019385",606.923128827357,885.083330460774,653.695018704949,485.996515612889,629.649961932891,613.775500800123
"NM_001108786",270.000023090497,181.402214125969,297.794397410032,299.199185984641,495.940510557181,223.729160368801
"NM_001030032",1440.00012314932,1208.01914022349,1129.43972676244,1097.33323075988,1112.94885163273,1279.04422105021
"NM_017138",11464.6163650734,15026.4823085885,14012.6790537391,8633.5138085541,8654.1619092228,10738.4078216168
"NM_001106867",461.538501009397,518.292040359912,421.270123165412,617.805886735853,686.0510396041,532.688477068573
"NM_022949",5130.00043871945,7254.09513411431,7187.01356676164,4262.37543060822,4178.54190953766,4646.81914829485
"NM_053357",4560.00038997285,4086.53339514546,4510.49562906415,4966.30216412073,4664.75809635842,4740.9274459103
"NM_001134565",1961.53862928994,2017.35209555474,1374.5753587768,2396.01942722295,2582.78038439191,2192.30902117999
"NM_001009437",85.3846226867385,81.7306679029093,67.1853213668976,108.358624113356,154.616747409003,128.437110582089
"NM_080902",946.153927069264,1074.45926828459,946.041957625774,735.868268232495,862.061299233217,752.274504837952
"NM_031241",489.230811069961,49.83577311153,61.7378628776897,5767.6707946904,3812.90733704844,6019.97166696051
"NM_078621",13.8461550302819,15.9474473956896,10.8949169784158,33.5588276171962,19.4486474728306,30.7775564528509
"NM_001170577",198.461555434041,227.251125388577,208.819242086303,140.704482057642,122.526479078833,189.992223487791
"NM_001191802",1179.23087007901,1540.92210460851,1183.91431165452,1252.18902566815,1360.4328907245,1344.1505904697
"NM_181635",53.0769276160807,61.7963586582973,90.7909748201318,106.741331216142,60.2908071657749,104.762067156819
"NM_001191886",447.692345979115,442.541665230387,370.427177266138,471.440879537961,450.236188996029,514.340318413989
"NM_001008329",274.615408100591,207.316816143965,214.266700575511,204.587551497606,207.128095585646,195.319108258477
"NM_001039014",452.307730989209,494.370869266378,488.455444532309,455.267950565818,507.123482854058,524.994087955361
"NM_001100725",493.846196080055,558.160658849137,515.692736978349,367.12548766764,338.406466027253,297.121794987138
"NM_001106869",2.30769250504699,11.9605855467672,18.1581949640264,8.89511093467851,13.6140532309814,8.28626519884447
"NM_057212",36.9230800807518,119.605855467672,130.73900374099,9.29943415898207,5.83459424184918,9.47001737010797
"NM_001112737",812.307761776539,745.54316574849,938.778679640163,763.362247485137,875.675352464198,731.558841840841
"NM_001024266",237.69232801984,279.080329424568,286.899480431617,117.658058272338,126.90242476022,160.398419206204
"NM_172329",11.5384625252349,3.9868618489224,7.26327798561055,6.87349481316066,7.77945898913225,11.837521712635
"NM_001102587",11.5384625252349,7.97372369784481,7.26327798561055,13.7469896263213,20.4210798464721,20.1237869114794
"NM_001106871",16.1538475353289,7.97372369784481,10.8949169784158,31.1328882713748,27.2281064619629,50.9013433643303
"NM_020542",50.7692351110337,37.8751875647628,30.8689314388448,20.2161612151784,25.2832417146798,26.0425477677969
"NM_053960",103.846162727114,115.61899361875,103.50171129495,143.93906785207,164.341071145419,167.500932233785
"NM_021866",16.1538475353289,21.9277401690732,14.5265559712211,21.4291308880891,24.3108093410383,24.2669195109017
"NM_001271134",1599.23090599756,1738.27176613017,1579.76296187029,1948.02929469459,1892.83961529324,1879.79844796643
"NM_001013177",300.000025656108,468.456267248382,265.109646474785,963.502243515404,1361.89153928496,318.42933406988
"NM_001134762",701.538521534284,775.444629615408,782.618202949536,728.59045019503,745.855630583054,699.005657131094
"NM_001108207",108.461547737208,137.546733787823,319.584231366864,102.698098973106,86.5464812540962,95.2920497867114
"NM_031137",2337.6925076126,2623.35509659094,2458.61959812917,2275.12678315618,2609.52227466705,1854.9396523699
"NM_001106763",1008.46162470553,1140.24248879181,1271.07364748185,762.957924260834,775.514817979121,626.796774684021
"NM_001191807",378.461570827706,438.554803381464,524.771834460362,641.660956969763,655.419419834392,903.202906674048
"NM_001108220",166.153860363383,177.415352277047,167.055393669043,135.043956917392,140.03026180438,167.500932233785
"NM_001106914",784.615451715975,811.326386255709,708.169603597028,747.189318512995,696.747795714157,764.703902636219
"NM_053456",30.0000025656108,53.8226349604525,32.6847509352475,37.1977366359283,38.8972949456612,44.9825825080129
"NM_001191808",567.692356241559,400.679615816702,532.035112445973,462.545768603282,363.689707741932,484.15463804677
"NM_001191810",2016.92324941107,2406.07112582467,1735.92343856092,2402.0842755875,2223.95283851818,1995.21428466462
"NM_053449",198.461555434041,191.369368748275,174.318671654653,134.639633693088,193.514042354665,167.500932233785
"NM_001109363",863.076996887573,938.905965421226,677.300672158183,884.659214776208,906.306972233907,1109.1757844739
"NM_130407",542.307738686042,1166.1570908098,1098.5707953236,297.98621631173,256.722146641364,342.696253580782
"NM_031064",3027.69256662165,2705.08576449385,2585.72696287735,2910.31856853709,3399.62357825079,3574.93155721576
"NM_001168632",362.307723292377,261.139451104417,241.503993021551,456.480920238729,574.221316635324,538.015361839259
"NM_001106928",191.5384779189,149.50731933459,212.450881079109,246.232843600873,163.854854958598,188.216595230896
"NM_031732",9399.23157305638,2481.8215009542,1147.59792172647,11768.636089804,14823.7591037915,11925.7112493941
"NM_001106880",477.692348544726,468.456267248382,484.823805539504,855.952265850654,990.90858874072,1009.14872600213
"NM_001135011",92.3077002018795,41.8620494136852,78.0802383453134,79.2473519634994,121.554046705191,127.253358410826
"NM_001136470",145.38462781796,105.651838996444,81.7118773381187,113.210502804999,107.453777287389,119.558969297613
"NM_001108788",666.923133958579,697.700823561421,822.566231870395,697.861885147959,723.97590217612,620.286137742072
"NM_001178071",3087.69257175287,2756.91496852984,2516.72582201405,3308.5769444761,3295.08709808433,3099.06318436783
"NM_001108201",304.615410666202,424.600786910236,217.898339568316,325.480195564373,292.21592827928,313.102449299195
"NM_001108204",203.076940444135,187.382506899353,192.47686661868,273.322499629212,214.907554574778,246.220451622807
"NM_001191582",678.461596483814,839.234419198166,798.96057841716,745.57202561578,684.106174856817,868.282217621775
"NM_031684",1442.30781565437,763.48404406864,889.751553237292,1407.85346702503,1375.01937632912,1035.19127376993
"NM_181376",11.5384625252349,39.868618489224,19.974014460429,33.5588276171962,11.1829722968776,29.0019281959557
"NM_053603",30.0000025656108,63.7897895827585,119.844086762574,104.315391870321,62.235671913058,129.620862753353
"NM_001106893",6916.15443762582,4790.21451148027,3332.02877589884,7128.21844447191,7437.16279361043,6859.84383247196
"NM_139110",1442.30781565437,1602.71846326681,1147.59792172647,1170.51573435883,1394.46802380196,1207.42721468877
"NM_175578",1479.23089573512,1720.33088781002,1679.63303417244,449.607425425568,1004.03642578488,774.765796091958
"NM_031509",32953.848972071,30304.1369136592,33084.231224456,22194.1104284715,20455.6011957364,26995.468265664
"NM_139189",2033.07709694639,1997.41778631012,1812.18785740983,1877.27273044147,1786.84448656631,1773.26075255272
"NM_001108791",1500.00012828054,1722.32431873448,1710.50196561128,1620.5274830087,1675.01476359754,1278.45234496458
"NM_031579",350.769260767142,897.043916007541,555.640765899207,470.632233089354,926.241835893558,390.046340431322
"NM_001024762",170.769245373477,97.6781152985989,147.081379208614,232.890177198855,171.148097760909,207.748506056744
"NM_001108210",994.615469675251,721.621994654955,869.777538776863,906.4926688886,1216.99911561238,1028.68063682798
"NM_133596",5522.30816457744,7132.49584772218,6130.2066198553,6089.10775801174,5093.11455694752,4706.00675685803
"NM_031002",664.615441453532,667.799359694503,522.956014963959,843.01392267294,724.948334549761,757.601389608638
"NM_001191887",18.4615400403759,17.9408783201508,27.2372924460396,38.8150295331426,39.383511132482,49.1257151074351
"NM_001009714",145.38462781796,183.395645050431,259.662187985577,182.349774160909,195.458907101948,261.609229849233
"NM_001110141",99.2307777170204,422.607355985775,245.135632014356,189.22326897407,182.331070057787,201.829745200426
"NM_001108214",701.538521534284,55.8160658849137,444.875776618646,1249.35876309803,1342.44289181213,1283.77922973526
"NM_001025709",768.461604180646,922.958518025536,1053.17530791353,390.171911452944,441.970513820076,510.789061900199
"NM_001191067",973.846237129828,627.930741205279,833.46114884881,792.473519634994,1036.12669411505,845.790926367768
"NM_013123",1386.92319553324,1859.8710525223,996.884903525048,1226.31233931272,1079.3999347421,862.955332851089
"NM_001106904",1359.23088547268,1493.07976242144,2026.45455798534,1707.86129945827,1330.77370332843,1332.31306875707
"NM_031677",32.3076950706578,13.9540164712284,36.3163899280527,60.6484836455353,105.995128726927,42.6150781654859
"NM_001108216",120.000010262443,77.7438060539869,103.50171129495,121.701290515374,102.591615419181,101.210810643029
"NM_001100549",1059.23085981657,1080.43956105797,947.857777122176,989.378929870832,1173.23965879851,1260.69606239562
"NM_001013171",39.2307725857988,23.9211710935344,52.6587653956765,76.821412617678,71.4737794626525,58.5957324775431
"NM_032085",10352.3085776408,8191.00766861108,9812.68855855985,17277.1356977158,15109.1680054553,21327.0709935688
"NM_053488",565.384663736512,420.613925061314,635.536823740923,856.760912299262,697.234011900978,768.255159150009
"NM_001013112",2386.15405021858,2238.62292816993,1937.47940266161,1126.04017968544,1333.69100044936,1239.38852331288
"NM_001009535",161.538475353289,143.527026561207,134.370642733795,120.488320842463,131.764586628427,108.905199756242
"NM_012569",57.6923126261747,67.7766514316809,52.6587653956765,78.4387055148923,75.8497251440394,101.802686728661
"NM_001012226",13.8461550302819,13.9540164712284,9.07909748201318,16.5772521964463,12.6416208573399,11.837521712635
"NM_053986",2333.0771226025,2246.59665186777,2240.72125856085,3956.30274981042,3813.39355323526,4297.02038168649
"NM_001109968",131.538472787678,89.7043916007541,181.581949640264,124.935876309803,106.967561100568,134.355871438407
"NM_001108795",6.92307751514096,9.96715462230601,5.44745848920791,3.23458579442855,1.94486474728306,11.2456456270032
"NM_001108239",459.23080850435,617.963586582973,475.744708057491,461.737122154675,599.018342163183,457.520214193341
"NM_001108218",69.2307751514096,69.7700823561421,39.948028920858,70.7565642531245,61.7494557262372,46.7582107649081
"NM_001009671",782.307759210928,1343.57244308685,853.435163309239,748.806611410209,1964.79961094271,490.073398903087
"NM_001109306",32.3076950706578,101.664977147521,16.3423754676237,30.7285650470712,26.2556740883213,26.6344238534287
"NM_022277",214.61540296937,207.316816143965,277.820382949603,243.806904255052,206.155663212004,259.241725506706
"NM_019363",23049.2327404093,35088.3711323661,31310.1755764707,4923.84822556886,13904.8105107002,15488.2134088116
"NM_133560",2268.46173246119,2828.67848181045,2509.46254402844,1696.13592595347,1499.49072015524,1401.56257077598
"NM_001008522",177.692322888618,185.389075974892,197.924325107887,59.8398371969281,101.61918304554,71.6170063614415
"NM_001012003",429.230805938739,560.154089773598,461.21815208627,363.890901873212,360.286194434187,306.591812357246
"NM_001013413",1629.23090856317,1345.56587401131,1358.23298330917,3070.026242137,2923.61793135326,3112.08445825173
"NM_001271185",253.846175555169,277.086898500107,315.952592374059,271.705206731998,201.779717530618,198.870364772267
"NM_001108798",3366.92336486355,1760.19950629924,2796.36202446006,2036.57608081707,1663.34557511384,1647.19114631316
"NM_001191809",124.615395272537,173.428490428125,76.2644188489108,127.766138879928,81.6843193858886,94.7001737010797
"NM_001029899",274.615408100591,161.467904881357,290.531119424422,439.903668042282,394.807543698461,421.415772969805
"NM_001108221",16.1538475353289,27.9080329424568,27.2372924460396,9.29943415898207,12.6416208573399,24.2669195109017
"NM_031017",20.7692325454229,11.9605855467672,16.3423754676237,4.85187869164282,6.32081042866995,14.7969021407937
"NM_017072",28322.3101144417,37960.9050945147,17815.0050792063,63053.3981836929,86715.6844871099,83616.7021215396
"NM_022622",30.0000025656108,13.9540164712284,67.1853213668976,99.8678364029814,37.4386463851989,65.1063694194923
"NM_001108222",383.0769558378,476.429990946227,483.007986043101,365.912517994729,423.008082534066,461.071470707132
"NM_133299",10714.6163009332,6727.82937005656,5554.59183949567,14837.0450390437,14864.6012634844,14661.362517184
"NM_177419",701.538521534284,889.070192309696,857.066802302045,618.61453318446,729.324280231148,717.353815785679
"NM_001134751",223.846172989558,85.7175297518317,130.73900374099,197.714056684445,210.045392706571,261.609229849233
"NM_001014217",57.6923126261747,101.664977147521,94.4226138129371,51.7533727108568,33.5489168906328,48.5338390218033
"NM_178847",7887.6929822506,6877.33668939115,4232.67524611455,6006.22149702951,6648.03392240032,6579.88644396814
"NM_001108225",1128.46163496798,1158.18336711196,1383.65445625881,902.449436645565,909.224269354831,1005.59746948834
"NM_001162411",18.4615400403759,7.97372369784481,10.8949169784158,70.3522410288209,55.4286452975673,65.698245505124
"NM_001004252",1453.8462781796,1841.93017420215,2064.5867674098,942.881759075922,931.590213948586,808.502732972968
"NM_001008331",380.769263332753,490.384007417456,437.612498633036,295.560276965909,387.028084709329,387.678836088795
"NM_001127492",18.4615400403759,5.98029277338361,1.81581949640264,14.5556360749285,25.7694579015006,18.3481586545842
"NM_001271284",198.461555434041,151.500750259051,81.7118773381187,69.5435945802138,53.4837805502842,81.0870237315495
"NM_001135596",1022.30777973581,1106.35416307597,1307.3900374099,782.769762251708,763.845629495422,722.680700556365
"NM_001135759",64.6153901413156,79.7372369784481,69.0011408633002,59.8398371969281,96.2708049905115,78.7195193890225
"NM_001031659",4910.76965073999,5374.2897723474,4931.76575222956,6127.92278754488,5983.86261120316,5696.80732420558
"NM_001034137",468.461578524538,460.482543550538,726.327798561055,521.981282575907,533.8653731292,705.516294073044
"NM_001106924",2556.92329559206,2597.44049457295,2674.70211820108,1888.59378072197,2088.29852239519,1913.53538484744
"NM_001108806",163.846167858336,155.487612107974,208.819242086303,134.639633693088,145.86485604623,166.317180062521
"NM_001109310",25.3846175555169,29.901463866918,18.1581949640264,35.1761205144105,48.6216186820765,41.4313259942224
"NM_001134885",1216.15395015976,1457.19800578114,1327.36405187033,1195.58377426565,1252.49289725029,1374.92814692255
"NM_019311",214.61540296937,201.336523370581,319.584231366864,274.535469302123,331.113223224941,329.674979696884
"NM_022693",325.384643211625,388.719030269934,611.931170287689,325.480195564373,411.338894050367,269.303618962445
"NM_001108230",461.538501009397,544.206642377908,621.010267769702,344.48338710664,364.175923928753,393.005720859481
"NM_031645",96.9230852119734,51.8292040359912,85.3435163309239,139.087189160428,130.305938067965,202.421621286058
"NM_001014269",1333.84626791716,1744.25205890355,1636.05336625878,923.47424430935,876.64778483784,693.086896274777
"NM_001167842",267.69233058545,181.402214125969,190.661047122277,414.835628135461,399.183489379848,302.448679757823
"NM_001108233",1082.30778486704,649.858481374352,1004.14818151066,1578.07354445683,1430.93423781351,1551.30722044081
"NM_001025711",743.07698662513,651.851912298813,566.535682877623,522.789929024514,598.532125976362,619.102385570809
"NM_013000",1407.69242807866,1152.20307433857,1163.94029719409,1490.33540478295,1891.8671829196,1778.5876373234
"NM_001025775",424.615420928646,619.957017507434,345.005704316501,551.901201174371,439.539432885972,451.601453337024
"NM_053903",131.538472787678,269.113174802262,145.265559712211,249.063106170998,385.569436148867,284.692397188871
"NM_001108235",726.923139089801,532.246056831141,564.71986338122,882.63759865469,946.176699553209,897.28414581773
"NM_138896",103.846162727114,97.6781152985989,72.6327798561055,37.6020598602319,51.0526996161804,54.4525998781208
"NM_012979",7059.23137293873,5976.30591153468,4840.97477740943,7763.81455307712,7559.20305650244,7755.94422611843
"NM_145094",170.769245373477,125.586148241056,159.792115683432,209.035106964945,246.025390531307,274.038627647499
"NM_001108811",156.923090343195,135.553302863362,147.081379208614,253.510661638337,199.834852783335,219.586027769379
"NM_080907",913.846231998607,653.845343223274,967.831791582605,1078.73436244192,1066.75831388476,904.386658845311
"NM_013017",83.0769301816915,43.8554803381464,98.0542528057424,40.0279992060533,36.4662140115574,46.1663346792764
"NM_001191815",32.3076950706578,21.9277401690732,38.1322094244554,33.9631508414997,35.0075654510951,39.0638216516954
"NM_053927",30.0000025656108,23.9211710935344,61.7378628776897,50.9447262622496,42.7870244402273,40.2475738229589
"NM_001191814",117.692317757396,135.553302863362,147.081379208614,90.9727254683029,92.3810754959454,102.986438899924
"NM_001191584",64.6153901413156,47.8423421870688,78.0802383453134,52.5620191594639,52.9975643634634,36.6963173091684
"NM_133547",290.76925563592,388.719030269934,188.845227625874,318.606700751212,478.436727831633,142.05026055162
"NM_022692",210.000017959276,205.323385219504,245.135632014356,135.852603365999,166.285935892702,150.336525750464
"NM_001134567",99.2307777170204,141.533595636745,150.713018201419,122.509936963981,122.040262892012,121.92647364014
"NM_001012129",34.6153875757048,31.8948947913792,23.6056534532343,40.4323224303568,43.2732406270481,30.1856803672192
"NM_001106881",1751.53861133066,1116.32131769827,1153.04538021567,1330.22340795874,1285.06938176728,1258.92043413873
"NM_001106883",4.61538501009397,19.934309244612,10.8949169784158,15.7686057478392,21.8797284069344,17.1644064833207
"NM_012865",154.615397838148,171.435059503663,172.502852158251,154.04714845966,148.295936980333,171.644064833207
"NM_001134596",302.307718161155,277.086898500107,212.450881079109,412.40968878964,352.506735445055,368.738801348579
"NM_001106885",11.5384625252349,5.98029277338361,10.8949169784158,4.85187869164282,3.88972949456612,10.6537695413715
"NM_001109301",11.5384625252349,9.96715462230601,5.44745848920791,12.1296967291071,18.4762150991891,18.3481586545842
"NM_001017382",120.000010262443,119.605855467672,148.897198705016,98.6548667300707,68.0702661549071,117.783341040718
"NM_001025707",221.538480484511,197.349661521659,210.635061582706,314.563468508176,321.875115675347,308.367440614141
"NM_001108197",371.538493312565,386.725599345473,410.375206186996,364.295225097515,396.266192258924,383.535703489373
"NM_001108199",32.3076950706578,41.8620494136852,36.3163899280527,67.9263016829995,54.4562129239257,65.1063694194923
"NM_001008859",290.76925563592,350.843842705172,288.715299928019,251.893368741123,178.441340563221,156.847162692413
"NM_001108200",387.692340847894,316.955516989331,321.400050863267,396.236759817497,371.469166731065,407.802623000274
"NM_001106888",433.846190948833,436.561372457003,366.795538273333,544.623383136907,409.394029303084,549.852883551894
"NM_001109302",535.384661170901,677.766514316809,768.091646978315,828.458286598012,1312.29748822925,763.520150464955
"NM_133525",401.538495878176,496.364300190839,419.454303669009,243.806904255052,254.29106570726,317.837457984249
"NM_053537",2598.46176068291,1600.72503234235,1439.94486064729,5370.6253884243,4709.97620173275,5995.70474744961
"NM_001044286",1973.07709181517,1841.93017420215,2073.66586489181,1318.09371122963,1393.00937524149,1646.59927022752
"NM_001034136",756.923141655412,837.240988273705,697.274686618613,720.503985708959,789.615087396923,929.245454441845
"NM_057125",1892.30785413853,1921.6674111806,1539.81493294944,2194.66646151977,2337.72742623424,2442.67260540222
"NM_001009601",927.692387028889,1028.61035702198,739.038535035873,1293.02567132281,1346.3326213067,1386.17379254955
"NM_001012203",1735.38476379533,1578.79729217327,1507.13018201419,1629.01827071908,1455.73126334137,1807.58956551936
"NM_017084",1652.30783361364,1243.90089686379,802.592217409965,3482.03160770233,6224.05340749262,5807.48815221871
"NM_001134710",950.769312079358,992.728600381679,940.594499136566,922.26127463644,915.545079783501,951.736745695851
"NM_001024360",6.92307751514096,3.9868618489224,1.81581949640264,2.42593934582141,5.83459424184918,4.14313259942224
"NM_001108789",906.923154483466,1138.24905786735,1169.3877556833,762.55360103653,887.830757134717,696.638152788568
"NM_001108203",461.538501009397,446.528527079309,624.641906762507,511.873201968318,545.534561612899,584.181696518535
"NM_001008330",680.769288988861,759.497182219718,864.330080287655,433.030173229122,479.895376392095,420.232020798541
"NM_001007801",2125.38479714827,2130.97765824902,2131.7720887767,2186.17567380939,1939.51636922803,2112.99762570534
"NM_001013225",2123.07710464323,2101.07619438211,3729.69324561102,606.889159679656,599.018342163183,667.636224592612
"NM_001108205",50.7692351110337,31.8948947913792,65.3695018704949,37.1977366359283,48.6216186820765,40.2475738229589
"NM_198756",1059.23085981657,952.859981892454,1004.14818151066,660.664148512031,791.073735957385,786.603317804593
"NM_001009699",353.076953272189,404.666477665624,390.401191726567,229.655591404427,368.55186961014,275.814255904395
"NR_105011",16.1538475353289,17.9408783201508,12.7107364748185,12.1296967291071,10.6967561100568,11.2456456270032
"NM_001106890",9.23077002018795,5.98029277338361,5.44745848920791,2.83026257012498,5.83459424184918,4.73500868505398
"NM_001106891",420.000035918552,446.528527079309,477.560527553894,478.718697575425,459.474296545623,544.525998781208
"NM_199111",126.923087777584,125.586148241056,214.266700575511,137.06557303891,124.957560012937,148.560897493569
"NM_001037215",445.384653474068,432.574510608081,446.691596115049,715.247783793013,681.675093922713,707.883798415571
"NM_001004082",34380.00294019,43805.6445650349,51534.7731274032,27471.3371520817,23277.5999440441,21546.6570213382
"NM_053527",1193.07702510929,1307.69068644655,1232.94143805739,1342.35310468785,1555.40558163963,1624.10797897352
"NM_001012744",242.307713029934,346.856980856249,352.268982302112,355.400114162837,541.644832118333,585.957324775431
"NM_001106892",378.461570827706,689.727099863576,760.828368992705,401.08863850914,447.318891875104,552.220387894421
"NM_053500",103.846162727114,203.329954295043,188.845227625874,59.4355139726246,37.9248625720197,63.3307411625971
"NM_001009353",23.0769250504699,39.868618489224,87.1593358273266,21.4291308880891,28.2005388356044,28.4100521103239
"NM_181475",2081.53863955238,2081.14188513749,3382.87172179811,1328.20179183722,1521.856664749,1186.11967560602
"NM_001191805",173.076937878524,181.402214125969,345.005704316501,383.702739864086,113.774587716059,223.729160368801
"NM_001014099",83.0769301816915,59.8029277338361,99.870072302145,57.8182210754103,50.5664834293596,62.7388650769653
"NM_001108790",13.8461550302819,11.9605855467672,12.7107364748185,7.6821412617678,16.531350351906,13.0212738838985
"NM_001024361",415.384650908458,480.41685279515,315.952592374059,351.761205144105,306.802413883903,336.185616638833
"NM_001025708",113.076932747302,123.592717316595,74.4485993525081,99.8678364029814,102.591615419181,104.170191071188
"NM_001134597",401.538495878176,482.410283719611,421.270123165412,553.518494071585,476.978079271171,434.437046853703
"NM_181383",16.1538475353289,5.98029277338361,5.44745848920791,23.450747009607,47.649186308435,24.2669195109017
"NM_001128195",115.384625252349,163.461335805819,221.529978561122,64.2873926642674,90.9224269354831,81.6788998171812
"NM_001109005",186.923092908806,185.389075974892,188.845227625874,182.349774160909,176.496475815938,185.849090888369
"NM_001033705",309.230795676296,366.791290100861,364.97971877693,354.59146771423,445.374027127821,401.883862143957
"NM_001108793",210.000017959276,215.29053984181,261.47800748198,153.238502011052,163.368638771777,171.644064833207
"NM_001013111",41.5384650908458,23.9211710935344,39.948028920858,47.3058172435175,45.2181053743312,53.2688477068573
"NM_001009700",2190.00018728959,2180.81343136055,2013.74382151052,1371.4643768377,1546.65369027685,1684.47933970796
"NM_001013226",4.61538501009397,5.98029277338361,7.26327798561055,9.70375738328564,9.72432373641531,4.73500868505398
"NM_001106899",2690.76946088479,2711.06605726723,2464.06705661838,2465.15869857886,2845.82334146194,2863.4965022864
"NM_001034934",41.5384650908458,35.8817566403016,138.0022817266,29.5155953741605,45.7043215611519,26.0425477677969
"NM_001014100",454.615423494256,452.508819852693,1603.36861532353,43.6669082247854,68.0702661549071,56.2282281350161
"NM_001034835",1137.69240498816,1044.55780441767,1234.75725755379,1334.67096342608,1528.66369136449,1500.40587707648
"NM_001106900",168.46155286843,149.50731933459,165.23957417264,139.895835609035,148.782153167154,138.499004037829
"NM_001108211",20.7692325454229,23.9211710935344,18.1581949640264,8.89511093467851,12.6416208573399,17.1644064833207
"NM_001271050",537.692353675948,320.942378838253,415.822664676204,492.87001042605,531.920508381917,367.555049177316
"NM_001106901",1003.84623969544,849.201573820472,800.776397913563,1387.63730580985,1238.87884401931,1390.31692514898
"NM_001106902",129.230780282631,65.7832205072197,121.659906258977,164.559552291552,158.020260716749,170.460312661943
"NM_001135014",66.9230826463626,109.638700845366,88.9751553237292,51.3490494865532,43.2732406270481,67.4738737620193
"NM_001039028",4188.46189666028,3847.32168421012,3549.92711546716,2709.36992605821,2624.10876027167,2407.75191634995
"NM_053586",2612.30791571319,3235.33839040053,2760.04563453201,2837.94471138675,3342.25006820594,3606.30098975424
"NM_001012002",20.7692325454229,15.9474473956896,18.1581949640264,23.450747009607,9.72432373641531,16.5725303976889
"NM_138919",826.153916806821,867.142452140623,768.091646978315,671.985198792531,595.614828855438,648.104313766764
"NM_001195488",3895.38494851931,3881.21000992596,3613.48079784125,3670.04190700349,3782.27571727873,3495.6201617411
"NM_001030022",16.1538475353289,17.9408783201508,23.6056534532343,21.4291308880891,20.9072960332929,23.6750434252699
"NM_001108212",83.0769301816915,77.7438060539869,85.3435163309239,63.8830694399638,61.2632395394164,97.0676780436067
"NM_001106903",738.461601615036,881.096468611851,771.723285971121,646.91715888571,716.196443186987,685.984383247196
"NM_172032",983.077007150016,1164.16365988534,1260.17873050343,839.375013654208,934.993727256332,787.195193890225
"NM_001108213",556.153893716324,803.352662557864,653.695018704949,676.837077484174,765.790494242705,678.289994133983
"NM_022506",593.076973797076,1315.66441014439,1301.94257892069,652.577684025959,587.349153679485,625.613022512758
"NM_001108794",540.000046180995,586.068691791593,619.194448273299,468.610616967836,505.664834293596,512.564690157094
"NM_001108215",276.923100605638,354.830704554094,341.374065323696,441.9252841638,353.479167818696,464.622727220922
"NM_001008517",703.846214039331,950.866550967993,737.222715539471,749.615257858816,709.875632758317,741.028859210949
"NM_001106907",1416.92319809885,1403.37537082069,1394.54937323723,1301.51645903319,1243.74100588752,1101.48139536068
"NM_001106909",221.538480484511,253.165727406573,290.531119424422,257.14957065707,254.777281894081,201.829745200426
"NM_001277228",445.384653474068,512.311747586529,591.95715582726,404.323224303568,396.752408445745,358.676907892839
"NM_001305447",687.692366504002,562.147520698059,550.193307409999,719.695339260352,745.369414396233,659.349959393767
"NM_001047889",613.846206342498,506.331454813145,621.010267769702,425.752355191658,479.409160205275,303.040555843455
"NM_133315",8166.92377536129,11667.5512008714,14043.547985178,4726.13416888441,4446.93324466272,5741.19803062796
"NM_001024787",205.384632949182,219.277401690732,176.134491151056,143.130421403463,158.99269309039,178.746577860788
"NM_001134704",55.3846201211277,51.8292040359912,58.1062238848844,41.240968878964,53.4837805502842,47.9419629361716
"NM_001012131",219.230787979464,223.264263539655,259.662187985577,191.244885095588,209.072960332929,218.994151683747
"NM_001134642",66.9230826463626,93.6912534496765,101.685891798548,86.9294932252672,69.5289147153694,82.270775902813
"NM_001106911",2413.84636027915,2063.20100681734,1939.29522215802,2640.63497792661,2347.45174997065,2872.37464357087
"NM_022856",2141.5386446836,1782.12724646831,2224.37888309323,2041.83228273302,1850.53880703983,1561.36911389655
"NM_001034164",50.7692351110337,73.7569442050645,92.6067943165345,42.0496153275711,37.9248625720197,101.210810643029
"NM_032612",805.384684261398,811.326386255709,949.673596618579,1021.72478781512,952.9837261687,1374.92814692255
"NM_001014216",491.538503575008,450.515388928232,470.297249568283,667.537643325192,726.406983110223,539.199114010523
"NM_001007712",512.307736120431,442.541665230387,346.821523812904,462.141445378979,447.805108061925,506.645929300776
"NM_001108796",274.615408100591,191.369368748275,257.846368489174,251.084722292516,362.23105918147,349.798766608363
"NM_133392",290.76925563592,370.778151949784,348.637343309306,329.523427807408,346.672141203206,315.469953641722
"NM_001191806",6.92307751514096,19.934309244612,9.07909748201318,17.790221869357,4.37594568138689,9.47001737010797
"NM_201990",99.2307777170204,117.612424543211,85.3435163309239,120.488320842463,70.501347089011,108.31332367061
"NM_053426",4615.38501009397,6054.04971758867,4840.97477740943,4946.08600290555,5476.25291216228,4882.38583037629
"NM_133528",586.153896281935,705.674547259266,675.484852661781,608.506452576871,739.534820154384,501.910920615722
"NM_022229",9978.46239182317,11753.2687306232,13052.1105401422,8003.98254831344,8217.05355727093,8531.30189829602
"NM_012966",5280.0004515475,4387.54146473911,4846.42223589864,2986.33133470616,3087.95900249868,2945.76727818921
"NM_001108219",1128.46163496798,855.181866593856,1143.96628273366,1298.28187323876,1245.6858706348,1071.8875910791
"NM_001004251",893.076999453184,803.352662557864,777.170744460329,872.933841271404,783.780493155074,787.195193890225
"NM_001014102",57.6923126261747,59.8029277338361,41.7638484172606,63.4787462156602,64.6667528471618,88.1895367591305
"NM_001008527",3076.15410922763,1072.46583736013,477.560527553894,5600.28097982873,4108.52677863547,3735.32997642196
"NM_001024763",512.307736120431,464.46940539946,526.587653956765,248.254459722391,289.298631158355,291.794910216452
"NM_175707",318.461565696484,316.955516989331,314.136772877656,216.717248226713,217.338635508882,204.789125628585
"NM_001106913",2430.00020781448,2384.1433856556,2113.61389381267,2437.66471932621,1912.77447895289,2914.98972173636
"NM_198789",3512.30799268151,4259.96188557359,4308.93966496346,3209.11343129742,3363.64358042605,2822.65705237781
"NM_001025710",311.538488181343,356.824135478555,148.897198705016,390.576234677247,319.444034741243,317.837457984249
"NM_001106912",593.076973797076,675.773083392347,517.508556474751,578.182210754103,763.359413308602,667.04434850698
"NM_057138",18.4615400403759,19.934309244612,16.3423754676237,14.5556360749285,35.0075654510951,23.0831673396382
"NM_001033864",1296.92318783641,1267.82206795732,1189.36177014373,1473.3538293622,1389.60586193375,1554.8584769546
"NM_001014101",55.3846201211277,43.8554803381464,50.8429458992738,103.10242219741,58.3459424184918,119.558969297613
"NM_001109307",3620.76954041872,2752.92810668092,2810.88858043128,2636.59174568357,2876.45496123165,2495.34957702345
"NM_021265",2.30769250504699,3.9868618489224,3.63163899280527,8.08646448607137,9.23810754959454,2.95938042815874
"NM_021754",1400.76935056352,1730.29804243232,2178.98339568316,876.97707351444,1158.65317319388,780.092680862644
"NM_001009672",1746.92322632057,1835.94988142877,1409.07592920845,1318.49803445394,1281.17965227272,1239.98039939851
"NM_080407",343.846183252001,414.63363228793,208.819242086303,443.946900285318,303.398900576158,349.206890522731
"NM_001108797",865.38468939262,821.293540878015,668.22157467617,1158.38603762972,1755.24043442296,1094.3788823331
"NM_199410",542.307738686042,701.687685410343,813.487134388381,333.970983274748,363.203491555112,294.162414558979
"NM_001106915",117.692317757396,177.415352277047,147.081379208614,100.272159627285,114.26080390288,115.415836698191
"NM_199401",740.769294120083,918.971656176614,1180.28267266171,481.953283369854,510.040779974983,587.141076946694
"NM_173143",163.846167858336,157.481043032435,228.793256546732,200.54431925457,151.213234101258,213.075390827429
"NM_030869",279.230793110685,183.395645050431,250.583090503564,358.230376732962,383.624571401584,385.9032078319
"NM_001108799",4176.92343413505,4955.66927821055,4893.63354280511,3485.67051672106,3220.69602150075,3318.05733605158
"NM_001005550",4804.61579550783,4345.67941532542,4074.69894992752,4366.28649925424,4692.47241900721,5304.98535551736
"NM_001009673",470.769271029585,464.46940539946,453.954874100659,319.415347199819,380.221058093839,365.77942092042
"NM_001108800",66.9230826463626,47.8423421870688,72.6327798561055,69.9479178045173,80.711887012247,73.3926346183368
"NM_173838",108.461547737208,79.7372369784481,87.1593358273266,88.9511093467851,76.3359413308602,98.2514302148702
"NM_031510",13423.8473018583,8547.83180408963,9060.93928704916,15509.8388842849,12324.1216873459,16078.3138661864
"NM_013066",16.1538475353289,3.9868618489224,10.8949169784158,9.70375738328564,12.6416208573399,17.1644064833207
"NM_001033903",1089.23086238218,928.93881079892,973.279250071813,1069.43492828294,1107.11425739088,1031.64001725614
"NM_012819",10756.154766024,8990.37346932002,9184.41501280454,17542.7760560832,13647.1159316852,15919.6910752371
"NM_053723",992.307777170204,751.523458521873,922.43630417254,552.305524398674,552.341588228389,577.079183490954
"NM_031014",1705.38476122972,1973.49661521659,2126.32463028749,1184.26272398515,1086.69317754441,984.289930405597
"NM_019143",63851.5439221451,56276.5484284642,50953.7108885544,129497.85524962,109612.577156873,117806.424208058
"NM_001192002",1370.76934799791,488.390576492994,662.774116186962,4034.33713210101,4782.42241356905,3690.93926999958
"NM_001108801",13.8461550302819,11.9605855467672,9.07909748201318,10.5124038318928,22.852160780576,4.73500868505398
"NM_013122",34.6153875757048,277.086898500107,88.9751553237292,37.1977366359283,81.1981031990678,28.4100521103239
"NM_012817",4.61538501009397,15.9474473956896,1.81581949640264,11.7253735048035,5.83459424184918,7.10251302758098
"NM_001106919",4525.38500239714,4407.47577398372,5000.76689309286,4154.82545294347,4533.47972591682,4134.25445813776
"NM_001106920",3996.92341874138,3992.84214169579,3847.72151287719,3914.65745770715,3501.72897748315,3770.84254155987
"NM_001134753",417.692343413505,322.935809762715,397.664469712177,260.384156451498,275.684577927374,320.204962326776
"NM_001007713",549.230816201183,1532.94838091066,1247.46799402861,192.862177992802,133.70945137571,149.744649664832
"NM_001031658",332.307720726766,306.988362367025,566.535682877623,365.912517994729,461.419161292906,597.202970402434
"NM_001128079",4324.61575445805,3016.0609887098,3197.65813316504,5980.74913389838,5544.32317831719,5709.82859808947
"NM_001108224",13.8461550302819,3.9868618489224,10.8949169784158,17.790221869357,15.5589179782645,21.3075390827429
"NM_080688",23.0769250504699,11.9605855467672,30.8689314388448,19.0031915422677,12.1554046705191,13.6131499695302
"NM_001009357",773.07698919074,705.674547259266,929.69958215815,753.254166877548,901.444810365699,871.241598049933
"NM_001173986",235.384635514793,219.277401690732,301.426036402838,176.284925796356,184.762150991891,221.953532111906
"NM_001012004",519.230813635572,488.390576492994,690.011408633002,441.520960939497,479.895376392095,331.450607953779
"NM_001007666",648.461593918203,735.576011126184,610.115350791286,458.098213135943,373.414031478348,446.274568566338
"NM_053384",92.3077002018795,45.8489112626076,67.1853213668976,248.658782946695,168.717016826806,410.762003428433
"NM_144753",6.92307751514096,5.98029277338361,1.81581949640264,6.87349481316066,14.586485604623,9.47001737010797
"NM_001100760",1292.30780282631,984.754876683834,975.095069568216,1676.32408796259,1513.59098957304,1572.61475952355
"NM_199112",1246.15395272537,1391.41478527392,1352.78552481996,1271.19221721042,1154.76344369932,1432.93200331446
"NM_019278",11.5384625252349,7.97372369784481,16.3423754676237,37.1977366359283,29.1729712092459,18.9400347402159
"NM_001014218",2905.38486385416,2134.96452009795,2188.06249316518,3665.99867476046,3475.47330339483,3809.90636321156
"NM_173142",1382.30781052314,1217.98629484579,1060.43858589914,1861.50412469363,2072.73960441692,2075.70943231054
"NM_001025745",341.538490746954,293.034345895797,375.874635755346,249.467429395302,215.87998694842,252.731088564756
"NM_080582",2123.07710464323,2439.95945154051,2144.48282525151,2316.36775203514,2137.89257345091,1977.45800209567
"NM_001109541",2116.15402712809,1666.50825284956,2011.92800201412,1628.61394749477,2026.54906666895,1477.91458582248
"NM_053881",101.538470222067,95.6846843741377,110.764989280561,179.923834815088,206.641879398825,242.669195109017
"NM_001014219",987.69239216011,1068.4789755112,893.383192230097,986.548667300707,924.296971146275,1119.23767792964
"NM_001127529",205.384632949182,225.257694464116,185.213588633069,191.244885095588,209.55917651975,259.833601592337
"NM_001007004",2838.46178120779,1959.54259874536,2553.04221194211,2951.55953741605,2926.04901228737,2652.19673971586
"NM_001108802",6.92307751514096,3.9868618489224,23.6056534532343,32.750181168589,38.4110787588405,36.1044412235366
"NM_022531",66.9230826463626,33.8883257158404,98.0542528057424,96.2289273842493,120.58161433155,84.0464041597082
"NM_001024879",2670.00022833936,3103.77194938609,3417.37229222976,2008.67777834013,1881.65664299636,2228.41346240353
"NM_001005906",143.076935312913,344.863549931788,546.561668417194,145.960683973588,218.311067882524,211.299762570534
"NM_001025056",1954.6155517748,2336.30104346853,2104.53479633066,1407.85346702503,1483.93180217698,1643.04801371373
"NM_001106922",369.230800807518,524.272333133296,570.167321870428,267.661974488962,294.160793026563,320.796838412408
"NM_057107",1883.07708411834,753.516889446334,1260.17873050343,2144.12605848182,1805.3207016655,1174.28215389339
"NM_212526",16.1538475353289,7.97372369784481,7.26327798561055,13.7469896263213,9.23810754959454,8.28626519884447
"NM_053446",78.4615451715975,193.362799672737,196.108505611485,223.590743039873,194.486474728306,227.872292968223
"NM_001172150",110.769240242255,185.389075974892,116.212447769769,134.639633693088,134.195667562531,109.497075841873
"NM_019197",424.615420928646,249.17886555765,257.846368489174,739.507177251227,701.123741395544,570.568546549005
"NM_001031650",641.538516403062,659.825635996658,679.116491654586,583.842735894353,651.043474153005,717.94569187131
"NM_001106923",2003.07709438078,1959.54259874536,1792.2138429494,2202.34860278154,2636.75038112901,2160.34771255588
"NM_012969",514.615428625478,657.832205072197,512.061097985544,878.594366411654,929.645349201303,922.142941414264
"NM_001024891",366.923108302471,412.640201363469,363.163899280527,228.038298507213,185.248367178712,170.460312661943
"NM_001008332",39.2307725857988,37.8751875647628,29.0531119424422,17.3858986450534,33.062700703812,20.7156629971112
"NM_001110493",1165.38471504873,1431.28340376314,762.644188489107,1698.15754207499,1375.50559251595,1295.6167514479
"NM_001012133",260.769253070309,374.765013798706,648.247560215741,310.924559489444,369.524301983782,349.206890522731
"NM_001014220",117.692317757396,129.573010089978,172.502852158251,128.979108552838,125.929992386578,163.357799634362
"NM_001009674",1151.53856001845,1267.82206795732,1009.59563999987,1223.4820767426,1340.01181087803,1493.3033640489
"NM_001108805",16.1538475353289,5.98029277338361,10.8949169784158,23.0464237853034,18.4762150991891,25.4506716821652
"NM_031978",5441.53892690079,5071.2882718293,4891.8177233087,5153.09949374898,4645.30944888559,4114.72254731191
"NM_001109663",156.923090343195,275.093467575646,196.108505611485,184.775713506731,168.717016826806,192.359727830318
"NM_012749",5074.61581859832,7746.47257245623,9215.28394424338,3987.03131485749,3138.03926974122,2968.25856944322
"NM_001012134",18.4615400403759,11.9605855467672,29.0531119424422,17.790221869357,18.4762150991891,22.4912912540064
"NM_021740",1532.3078233512,2053.23385219504,1875.74153978392,3427.04364919705,2359.60715464117,2329.03239696093
"NM_001108807",214.61540296937,277.086898500107,325.031689856072,242.998257806445,203.724582277901,267.52799070555
"NM_001108808",846.923149352244,968.807429288144,998.70072302145,801.368630569673,715.224010813346,811.462113401127
"NM_001136241",793.846221736163,881.096468611851,575.614780359636,873.742487720011,1072.59290812661,1065.96883022278
"NM_017130",39.2307725857988,63.7897895827585,32.6847509352475,28.3026257012498,52.0251319898219,42.0232020798541
"NM_001108809",821.538531796727,877.109606762929,760.828368992705,828.458286598012,834.346976584433,774.173920006327
"NM_001039549",2376.9232801984,1522.98122628836,907.909748201318,2264.61437932429,1137.74587716059,1551.89909652644
"NM_001109396",11.5384625252349,43.8554803381464,9.07909748201318,12.1296967291071,7.77945898913225,8.28626519884447
"NM_201424",18.4615400403759,85.7175297518317,14.5265559712211,14.5556360749285,8.75189136277378,9.47001737010797
"NM_201423",60.0000051312216,875.116175838468,415.822664676204,21.0248076637856,29.1729712092459,10.6537695413715
"NM_012683",11732.3086956589,11549.9387763282,6578.71403546675,3501.4391224689,3511.93951740639,1646.00739414189
"NM_001191813",454.615423494256,368.784721025322,466.665610575478,457.693889911639,246.511606718128,320.204962326776
"NM_053577",9251.53925273337,6069.99716498436,5235.0076081288,19197.2666899334,17633.1162312419,21177.3263439039
"NM_001306054",23.0769250504699,29.901463866918,36.3163899280527,54.1793120566782,48.6216186820765,41.4313259942224
"NM_053352",78.4615451715975,55.8160658849137,88.9751553237292,172.24169355332,208.100527959288,157.439038778045
"NM_001013227",1562.30782591681,1347.55930493577,1147.59792172647,1745.86768254281,1805.3207016655,1483.83334667879
"NM_001007755",4181.53881914514,2627.34195843986,2945.25922316508,4248.22411775759,4759.08403660165,3877.97211305921
"NM_001008381",1056.92316731152,1014.65634055075,1051.35948841713,919.835335290618,954.442374729162,741.028859210949
"NM_001013179",1663.84629613888,470.449698172844,533.850931942375,2655.59493722584,4169.30380198806,2487.65518791024
"NM_031678",297.692333151061,928.93881079892,299.610216906435,588.290291361692,1492.68369353975,439.172055538757
"NM_022606",780.000066705881,643.878188600968,675.484852661781,680.880309727209,682.647526296354,643.961181167342
"NM_001108232",50.7692351110337,53.8226349604525,23.6056534532343,45.6885243463032,42.7870244402273,53.2688477068573
"NM_001012204",263.076945575356,352.837273629633,346.821523812904,215.099955329498,229.494040179401,166.317180062521
"NM_001109044",1047.69239729133,910.997932478769,878.856636258876,1152.72551248947,1096.90371746765,876.568482820619
"NM_001037209",720.00006157466,548.193504226831,461.21815208627,671.580875568227,766.762926616347,638.042420311024
"NM_001009825",830.769301816915,839.234419198166,904.278109208513,629.93558346496,591.238883174051,652.839322451818
"NM_001009362",80.7692376766445,89.7043916007541,128.923184244587,127.361815655624,81.6843193858886,115.415836698191
"NM_057148",3597.69261536825,4612.79915920322,4552.25947748141,2555.32277759855,2752.95604977917,2655.15612014402
"NM_172039",19486.1555126168,25332.520188053,23030.0386728746,23906.8236066214,21008.4290001516,21288.5990480027
"NM_184049",1509.23089830073,1744.25205890355,1661.47483920841,1274.83112622915,1398.84396948334,1480.282090165
"NM_017312",32.3076950706578,21.9277401690732,49.0271264028712,54.9879585052853,46.1905377479727,40.8394499085906
"NM_001005564",295.384640646014,257.152589255495,355.900621294917,232.890177198855,233.869985860788,276.998008075658
"NM_001106925",618.461591352592,584.075260867132,695.45886712221,540.580150893871,448.777540435566,558.73102483637
"NM_001106926",625.384668867733,390.712461194396,430.349220647425,597.994048744978,607.284017339136,799.03271560286
"NM_001108810",316.153873191437,265.12631295334,315.952592374059,279.387347993766,220.742148816627,201.829745200426
"NM_001015019",2616.92330072328,2764.88869222769,2605.70097733778,2583.6254032998,2633.34686782127,2614.90854632106
"NM_001012350",198.461555434041,203.329954295043,185.213588633069,214.695632105195,205.669447025184,175.787197432629
"NM_053914",18.4615400403759,33.8883257158404,27.2372924460396,29.9199185984641,22.3659445937552,39.0638216516954
"NM_001025012",207.692325454229,271.106605726723,221.529978561122,177.497895469267,250.401336212694,190.584099573423
"NM_001109086",544.615431191089,474.436560021766,828.013690359602,404.323224303568,522.196184645502,312.510573213563
"NM_001109010",1080.00009236199,1210.01257114795,671.853213668976,1036.28042389005,1140.17695809469,1057.68256502393
"NM_031631",3572.30799781273,3510.43185797618,3624.37571481966,3268.14462204574,3433.65871132824,2851.06710448813
"NM_032067",1793.07707642151,1997.41778631012,2335.14387237379,1496.40025314751,1400.3026180438,1407.4813316323
"NM_001108238",373.846185817612,685.740238014653,532.035112445973,415.644274584068,391.404030390716,440.947683795652
"NM_001127390",537.692353675948,530.25262590668,617.378628776897,437.882051920765,429.328892962736,454.560833765183
"NM_172325",223.846172989558,308.981793291486,294.162758417227,299.603509208944,268.391335125062,294.754290644611
"NM_001015020",563.076971231465,891.063623234157,1470.81379208614,397.449729490408,1000.63291247714,375.249438290528
"NM_017343",2323.84635258232,2017.35209555474,2122.69299129468,1913.66182062879,1974.03771849231,1936.61855218708
"NM_001135017",2164.61556973407,2449.92660616282,3197.65813316504,1555.02712067152,1787.81691893995,1611.08670508962
"NM_001108236",1813.84630896693,1662.52139100064,1508.94600151059,2147.36064427625,2013.42122962479,1829.48898068773
"NM_001126270",30.0000025656108,19.934309244612,79.896057841716,103.506745421714,51.0526996161804,92.3326693585527
"NM_033298",549.230816201183,524.272333133296,519.324375971154,461.332798930372,398.697273193028,388.862588260059
"NM_019179",350.769260767142,438.554803381464,459.402332589867,418.07021392989,261.098092322751,440.355807710021
"NM_001271190",30.0000025656108,17.9408783201508,36.3163899280527,34.3674740658033,37.4386463851989,40.2475738229589
"NM_001035007",230.769250504699,314.96208606487,339.558245827293,195.288117338624,228.035391618939,207.748506056744
"NM_001025004",570.000048746606,460.482543550538,521.140195467557,858.378205196476,932.562646322228,1132.25895181353
"NM_017087",2471.53867290532,1784.12067739278,2228.01052208604,4292.29534920668,4265.57460697857,5505.63134854652
"NM_022184",401.538495878176,362.804428251939,403.111928201385,855.547942626351,603.39428784457,602.52985517312
"NM_001108253",530.769276160807,631.917603054201,552.009126906402,778.726530008673,772.111304671375,694.270648446041
"NM_012621",461.538501009397,336.889826233943,185.213588633069,99.8678364029814,164.341071145419,143.234012722883
"NM_001034998",987.69239216011,1124.29504139612,1054.99112740993,574.543301735371,686.0510396041,637.450544225393
"NM_001190994",330.000028221719,352.837273629633,256.030548992772,341.653124536515,308.261062444365,294.162414558979
"NM_001199178",330.000028221719,416.627063212391,419.454303669009,292.730014395784,325.764845169913,339.736873152623
"NM_053479",126.923087777584,131.566441014439,163.423754676237,185.180036731034,143.919991298947,160.990295291835
"NM_001305243",23.0769250504699,7.97372369784481,16.3423754676237,26.6853328040355,30.1454035828875,23.6750434252699
"NM_012502",13.8461550302819,31.8948947913792,16.3423754676237,44.4755546733925,6.80702661549071,8.28626519884447
"NM_001173339",5651.53894486007,4574.92397163846,4563.15439445983,4562.38326304147,5912.38883174051,5557.71644408212
"NM_001106939",20.7692325454229,23.9211710935344,19.974014460429,28.3026257012498,17.5037827255476,36.6963173091684
"NM_012774",32.3076950706578,33.8883257158404,47.2113069064686,84.9078771037494,37.9248625720197,35.5125651379049
"NM_022231",616.153898847545,627.930741205279,510.245278489141,1206.50050132185,864.0061639805,828.034643798816
"NM_001173507",1855.38477405778,1756.21264445032,1634.23754676237,2007.86913189152,2009.53150013022,1948.45607389971
"NM_032990",27.6923100605638,25.9146020179956,30.8689314388448,6.46917158885709,5.83459424184918,12.4293977982667
"NM_001191756",1273.84626278594,1461.18486763006,1227.49397956818,1479.01435450245,1416.83396839571,1427.01324245814
"NM_001106951",1227.692412685,1329.61842661562,1254.73127201422,1015.25561622626,1115.37993256684,996.127452118232
"NM_017068",8441.53918346188,6335.1234779377,6527.87108956748,11013.7646300292,10529.4977417905,10670.3420717692
"NM_001107950",433.846190948833,512.311747586529,430.349220647425,395.023790144586,472.602133589784,433.25329468244
"NM_001191760",357.692338282283,368.784721025322,337.74242633089,292.730014395784,414.742407358113,349.798766608363
"NM_145789",27.6923100605638,39.868618489224,27.2372924460396,16.1729289721427,15.5589179782645,39.6556977373271
"NM_152861",948.461619574311,1018.64320239967,967.831791582605,1032.64151487131,1210.67830518371,1100.88951927505
"NM_001271265",43.8461575958927,81.7306679029093,88.9751553237292,103.506745421714,90.9224269354831,74.5763867896003
"NM_001108242",50.7692351110337,43.8554803381464,32.6847509352475,127.766138879928,89.4637783750208,104.762067156819
"NM_033653",3588.46184534806,3634.02457529277,3470.03105762544,3408.04045765478,2930.91117415557,2944.58352601795
"NM_013198",4693.84655526557,2368.19593825991,2326.06477489178,5811.74202613949,7131.81902828699,6557.98702879977
"NM_001108246",8390.76994835084,8948.51141990634,7964.18431122196,9768.04477594991,11693.9855092262,8612.9807981132
"NM_001135923",496.153888585102,422.607355985775,381.322094244554,469.823586640747,528.030778887351,422.007649055436
"NM_001007091",1530.00013084615,1237.92060409041,1274.70528647465,1314.8591254352,1038.55777504915,1153.56649089628
"NM_001191727",904.615461978419,777.438060539869,702.72214510782,1004.33888917006,837.264273705358,797.257087345965
"NM_001191586",510.000043615384,470.449698172844,555.640765899207,626.700997670531,786.697790275998,637.450544225393
"NM_013078",8808.46229176435,4253.9815928002,4650.31373028715,11314.9854321354,14202.3748170346,14781.5133625673
"NM_022524",83.0769301816915,91.6978225252153,79.896057841716,114.827795702213,81.6843193858886,118.37521712635
"NM_001108815",2605.38483819805,1483.11260779913,1721.3968825897,2816.11125727435,2942.58036263927,2856.39398925882
"NM_001301646",25.3846175555169,25.9146020179956,10.8949169784158,42.0496153275711,33.062700703812,28.4100521103239
"NM_053807",890.769306948137,895.05048508308,967.831791582605,983.314081506279,1043.41993691736,916.816056643578
"NM_001014109",205.384632949182,167.448197654741,125.291545251782,198.522703133052,234.84241823443,232.607301653277
"NM_017106",117.692317757396,273.100036651185,305.057675395643,139.895835609035,79.2532384517848,80.4951476459177
"NM_001191730",62.3076976362686,41.8620494136852,43.5796679136633,48.5187869164282,58.3459424184918,27.2262999390604
"NM_031084",4386.92345209432,3313.08219645452,3618.92825633046,4937.99953841948,4379.83541088145,4602.42844187247
"NM_001109014",976.153929634875,310.975224215947,515.692736978349,386.128679209908,264.987821817317,417.272640370382
"NM_053623",15565.3859465419,16495.6408999164,11072.8672890633,9007.10846781059,9417.03510634458,13139.6491010248
"NM_001037546",73.8461601615036,59.8029277338361,74.4485993525081,191.649208319891,165.799719705881,177.562825689524
"NR_132118",11.5384625252349,3.9868618489224,1.81581949640264,8.08646448607137,6.80702661549071,8.28626519884447
"NM_001277425",25.3846175555169,27.9080329424568,29.0531119424422,36.3890901873212,21.8797284069344,30.1856803672192
"NM_001047893",650.76928642325,619.957017507434,662.774116186962,695.435945802138,533.8653731292,602.52985517312
"NM_022927",85.3846226867385,133.559871938901,61.7378628776897,71.9695339260352,91.8948593091247,50.9013433643303
"NM_138846",30.0000025656108,23.9211710935344,25.4214729496369,56.200928178196,64.6667528471618,62.7388650769653
"NM_001134588",1763.0770738559,1758.20607537478,1505.31436251779,1281.30029781801,1148.44263327065,877.752234991882
"NM_031761",25.3846175555169,15.9474473956896,32.6847509352475,21.4291308880891,23.8245931542175,27.2262999390604
"NM_001005551",90.0000076968325,71.7635132806033,78.0802383453134,61.4571300941424,78.767022264964,102.394562814292
"NM_001004253",1137.69240498816,1305.69725552209,1258.36291100703,999.891333702725,1114.40750019319,1029.86438899924
"NM_053360",78.4615451715975,37.8751875647628,61.7378628776897,87.3338164495708,94.3259402432285,67.4738737620193
"NM_001127568",117.692317757396,135.553302863362,139.818101223003,125.340199534106,153.644315035362,143.234012722883
"NM_001192004",334.615413231813,390.712461194396,406.743567194191,392.193527574461,433.218622457302,423.783277312332
"NM_001033899",90.0000076968325,81.7306679029093,96.2384333093398,52.5620191594639,46.6767539347935,37.2881933948001
"NM_001191888",76.1538526665505,137.546733787823,119.844086762574,87.7381396738744,78.767022264964,89.373288930394
"NM_001005246",92.3077002018795,95.6846843741377,69.0011408633002,78.0343822905887,57.8597262316711,43.7988303367494
"NM_024381",7391.5390936655,2934.33032080689,2705.57104963993,19152.79113526,16240.5930721872,14552.4573174278
"NM_001108021",30.0000025656108,75.7503751295257,67.1853213668976,45.6885243463032,58.3459424184918,56.8201042206478
"NM_001106581",23.0769250504699,21.9277401690732,50.8429458992738,52.9663423837675,45.7043215611519,54.4525998781208
"NM_023957",87.6923151917855,85.7175297518317,72.6327798561055,71.5652107017316,70.0151309021902,103.578314985556
"NM_030863",960.000082099546,645.871619525429,884.304094748084,805.411862812708,726.406983110223,1038.15065419809
"NM_001126374",90.0000076968325,81.7306679029093,63.5536823740923,109.571593786267,100.646750671898,143.825888808515
"NM_001107848",66.9230826463626,41.8620494136852,63.5536823740923,76.4170893933744,89.4637783750208,80.4951476459177
"NM_001190993",4.61538501009397,9.96715462230601,9.07909748201318,26.281009579732,10.2105399232361,27.2262999390604
"NM_001108245",30.0000025656108,21.9277401690732,23.6056534532343,46.4971707949104,38.4110787588405,54.4525998781208
"NM_001191723",1068.46162983675,1182.10453820549,1114.91317079122,1162.02494664846,1125.10425630325,893.141013218308
"NM_001108817",87.6923151917855,115.61899361875,143.449740215808,68.3306249073031,56.8872938580295,75.168262875232
"NM_001126373",348.461568262095,338.883257158404,259.662187985577,293.134337620087,305.829981510261,331.450607953779
"NM_022626",235.384635514793,255.159158331034,194.292686115082,220.356157245445,243.108093410383,188.216595230896
"NM_147216",953.077004584405,562.147520698059,646.431740719339,3257.63221821385,2754.41469833964,3245.84845360451
"NM_212518",756.923141655412,687.733668939115,591.95715582726,863.230083888119,896.09643231067,896.692269732098
"NM_001039101",507.692351110337,360.810997327478,314.136772877656,590.716230707514,676.326715867685,701.373161473622
"NM_053946",1638.46167858336,1921.6674111806,1503.49854302138,1846.9484886187,1553.46071689235,1575.57413995171
"NM_052803",131.538472787678,153.494181183513,168.871213165445,126.553169207017,123.012695265654,108.31332367061
"NM_001191721",16.1538475353289,25.9146020179956,23.6056534532343,14.959959299232,6.32081042866995,18.9400347402159
"NM_001014105",770.769296685693,695.707392636959,619.194448273299,723.334248279084,708.903200384676,836.912785083292
"NM_017067",452.307730989209,506.331454813145,408.559386690593,398.258375939015,441.970513820076,403.06761431522
"NM_001108244",48.4615426059867,33.8883257158404,30.8689314388448,49.3274333650353,33.5489168906328,30.7775564528509
"NM_001007798",50.7692351110337,41.8620494136852,63.5536823740923,46.9014940192139,61.2632395394164,66.8819976763875
"NM_001007714",5612.30817227427,8484.04201450687,7985.9741451788,5248.51977468462,5701.85722284711,4976.49412799174
"NM_001191889",83.0769301816915,97.6781152985989,96.2384333093398,73.1825035989459,84.1154003199924,66.8819976763875
"NM_031356",3849.23109841837,3626.05085159493,3644.34972928009,3969.24109298813,3880.97760320335,4560.99711587825
"NM_057155",1068.46162983675,402.673046741163,252.398909999967,2011.50804091025,1881.65664299636,3005.54676283802
"NM_001191736",4.61538501009397,15.9474473956896,7.26327798561055,6.87349481316066,12.1554046705191,12.4293977982667
"NM_001014108",1566.9232109269,1243.90089686379,1360.04880280557,2806.00317666676,2219.57689283679,2471.08265751255
"NM_001005565",66.9230826463626,49.83577311153,85.3435163309239,73.1825035989459,85.5740488804547,73.9845107039685
"NM_001106343",110.769240242255,133.559871938901,183.397769136666,164.559552291552,171.63431394773,173.419693090102
"NM_017088",4866.92349314409,4688.54953433275,4973.52960064682,4163.31624065384,4002.53164990854,3594.46346804161
"NM_001030033",627.69236137278,627.930741205279,515.692736978349,538.15421154805,500.802672425388,446.274568566338
"NM_001044237",699.230829029237,735.576011126184,699.090506115015,615.784270614335,735.158874472997,733.334470097736
"NM_053381",6.92307751514096,3.9868618489224,3.63163899280527,13.3426664020178,2.91729712092459,8.28626519884447
"NM_001109314",295.384640646014,314.96208606487,246.951451510759,350.548235471194,405.018083621698,390.046340431322
"NM_001108813",1077.69239985694,934.919103572304,846.171885323629,1141.00013898467,1138.23209334741,1151.79086263938
"NM_001014791",4.61538501009397,13.9540164712284,9.07909748201318,10.1080806075892,4.37594568138689,13.0212738838985
"NM_001135873",475.384656039679,582.081829942671,582.878058345246,514.703464538443,464.822674600652,382.943827403741
"NM_001024872",237.69232801984,263.132882028879,221.529978561122,334.779629723355,317.985386180781,293.570538473347
"NM_012875",78.4615451715975,175.421921352586,130.73900374099,50.9447262622496,63.2081042866995,57.4119803062796
"NM_001013933",736.153909109989,546.200073302369,619.194448273299,680.475986502906,794.963465451951,611.407996457596
"NM_001173429",20.7692325454229,23.9211710935344,23.6056534532343,35.1761205144105,41.8145920665858,43.2069542511176
"NM_057102",5413.84661684023,7888.00616809298,6731.24287316458,8266.38832088646,8297.76544428318,9190.05998160415
"NM_021766",36985.3877783881,40313.1535853789,33710.688950715,37466.6115800902,37753.7144742588,31759.478878914
"NM_001191585",50.7692351110337,23.9211710935344,58.1062238848844,192.053531544195,182.817286244608,103.578314985556
"NM_001014065",11.5384625252349,45.8489112626076,32.6847509352475,28.3026257012498,40.8421596929443,40.2475738229589
"NM_001100823",256.153868060215,269.113174802262,305.057675395643,263.618742245927,257.694579015006,218.994151683747
"NM_022532",1813.84630896693,1989.44406261228,1508.94600151059,1417.15290118401,1664.31800748748,1650.74240282695
"NM_053819",85.3846226867385,77.7438060539869,132.554823237392,102.293775748803,86.0602650672755,131.396491010248
"NM_001033663",163.846167858336,175.421921352586,125.291545251782,157.281734254088,177.468908189579,129.620862753353
"NM_001108059",343.846183252001,386.725599345473,323.215870359669,458.098213135943,425.43916346817,445.682692480706
"NM_001106757",828.461609311868,667.799359694503,717.248701079042,1373.89031618353,1285.5555979541,1618.1892181172
"NM_001006982",602.307743817263,607.996431960667,593.772975323662,447.990132528354,463.85024222701,471.133364162871
"NM_001014080",4680.00040023529,5141.05835418544,5687.14666273306,5552.97516258521,5407.69642982055,5552.38955931143
"NM_001008861",147.692320323007,107.645269920905,174.318671654653,175.476279347749,165.31350351906,168.684684405048
"NM_031077",546.923123696136,450.515388928232,428.533401151022,347.717972901069,357.855113500083,320.204962326776
"NM_031546",4059.23111637765,1363.50675233146,1031.3854739567,33016.6301734051,25372.219276868,27352.3695453
"NM_001106756",2342.30789262269,1911.70025655829,1939.29522215802,2377.82488212929,2707.73794440484,2564.59907904236
"NM_001109012",249.230790545075,213.297108917349,306.873494892046,303.242418227676,326.251061356734,305.408060185982
"NM_207600",96.9230852119734,39.868618489224,45.3954874100659,61.4571300941424,68.5564823417279,60.9632368200701
"NM_001025027",385.384648342847,330.909533460559,317.768411870461,350.952558695497,321.875115675347,346.247510094573
"NM_001024925",13.8461550302819,5.98029277338361,9.07909748201318,14.1513128506249,11.6691884836984,4.73500868505398
"NM_001126286",353.076953272189,426.594217834697,390.401191726567,263.618742245927,277.629442674657,277.58988416129
"NM_001109365",6.92307751514096,19.934309244612,9.07909748201318,8.08646448607137,1.94486474728306,4.14313259942224
"NM_206950",2810.76947114723,1995.42435538566,1476.26125057534,3752.11952153712,7768.76223302219,4366.26988370541
"NM_023965",306.923103171249,344.863549931788,339.558245827293,515.107787762746,497.885375304464,652.247446366186
"NM_001013228",1142.30778999826,719.628563730494,946.041957625774,1403.81023478199,1598.67882226668,933.388587041267
"NM_001012227",230.769250504699,235.224849086422,152.528837697822,171.028723880409,140.516477991201,176.970949603893
"NM_057137",4631.5388576293,1646.57394360495,1574.31550338109,4855.51760066155,4527.15891548815,4829.70885875506
"NM_001173355",62.3076976362686,93.6912534496765,128.923184244587,59.031190748321,93.3535078695869,76.3520150464955
"NM_001108247",468.461578524538,386.725599345473,406.743567194191,396.236759817497,345.213492642743,357.493155721576
"NM_053696",743.07698662513,2426.00543506928,1140.33464374086,648.534451782924,680.216445362251,728.00758532705
"NM_001108248",43.8461575958927,49.83577311153,54.4745848920791,79.651675187803,57.8597262316711,84.0464041597082
"NM_001106955",281.538485615732,322.935809762715,292.346938920825,323.054256218551,365.148356302395,365.187544834789
"NM_001106956",154.615397838148,191.369368748275,256.030548992772,320.223993648426,182.817286244608,298.897423244033
"NM_019279",16.1538475353289,19.934309244612,5.44745848920791,28.7069489255534,27.2281064619629,15.3887782264255
"NM_001172103",94.6153927069264,89.7043916007541,90.7909748201318,204.587551497606,206.155663212004,184.665338717105
"NM_001013957",371.538493312565,362.804428251939,325.031689856072,400.279992060533,395.779976072103,390.046340431322
"NM_001127642",715.384676564566,799.365800708942,660.95829669056,544.623383136907,542.617264491974,602.52985517312
"NM_001037496",1883.07708411834,1853.89075974892,1946.55850014363,2063.66573684541,1960.42366526133,2086.95507793754
"NM_001108249",713.076984059519,590.055553640516,595.588794820065,695.840269026441,655.419419834392,816.788998171812
"NM_001271227",1130.76932747302,990.735169457217,1418.15502669046,1155.9600982839,987.991291619795,912.081047958524
"NM_001191729",246.923098040028,332.902964385021,379.506274748151,110.784563459178,161.909990211315,118.967093211981
"NM_001109013",103.846162727114,77.7438060539869,107.133350287756,105.124038318928,138.571613243918,153.887782264255
"NM_001109381",565.384663736512,701.687685410343,708.169603597028,902.449436645565,955.901023289625,812.64586557239
"NM_001013958",1200.00010262443,1269.81549888179,1214.78324309336,787.217317719048,758.497251440394,715.578187528783
"NM_001135837",456.923115999303,382.738737496551,397.664469712177,358.634699957265,363.203491555112,364.003792663525
"NM_207601",477.692348544726,570.121244395904,800.776397913563,244.211227479355,206.155663212004,196.50286042974
"NM_001108250",4.61538501009397,9.96715462230601,7.26327798561055,5.25620191594639,3.88972949456612,4.14313259942224
"NM_001014110",456.923115999303,171.435059503663,239.688173525148,341.248801312212,288.326198784714,309.551192785404
"NM_001013951",343.846183252001,283.067191273491,286.899480431617,313.350498835266,327.709709917196,333.818112296306
"NM_199502",23.0769250504699,17.9408783201508,9.07909748201318,28.7069489255534,17.0175665387268,14.205026055162
"NM_001108120",288.461563130873,291.040914971335,216.082520071914,484.379222715675,399.183489379848,488.297770646192
"NM_001127657",18.4615400403759,19.934309244612,12.7107364748185,32.3458579442855,35.9799978247366,29.0019281959557
"NM_001108251",900.000076968325,1160.17679803642,1207.51996510775,1035.87610066574,862.547515420038,786.011441718961
"NM_001013250",198.461555434041,189.375937823814,163.423754676237,234.50747009607,183.789718618249,213.075390827429
"NM_013197",32.3076950706578,29.901463866918,18.1581949640264,207.822137292034,100.160534485078,294.754290644611
"NM_001079892",154.615397838148,179.408783201508,190.661047122277,232.485853974552,188.651880486457,181.114082203315
"NM_001081958",863.076996887573,972.794291137067,931.515401654553,766.596833279566,711.33428131878,704.33254190178
"NM_001115027",786.923144221022,795.37893886002,651.879199208547,652.173360801656,651.529690339826,558.73102483637
"NM_031683",1774.61553638113,1943.59515134967,1841.24096935227,2617.184230917,2186.02797594616,2149.69394301451
"NM_031682",5203.84659888095,3133.67341325301,2798.17784395646,5877.64671170097,7342.8368533672,6020.56354304614
"NM_001007715",177.692322888618,181.402214125969,187.029408129472,96.6332506085529,119.609181957908,94.7001737010797
"NM_001191618",572.307741251653,600.022708262822,510.245278489141,505.808353603764,705.985903263751,530.912848811678
"NM_022198",2679.23099835955,2322.3470269973,1661.47483920841,3916.27475060436,4859.73078727355,4082.7612386878
"NM_001191732",639.230823898015,881.096468611851,820.750412373992,622.253442203192,644.236447537514,599.570474744961
"NM_001014111",1098.46163240237,1241.90746593933,1153.04538021567,976.440586693118,882.482379079689,893.73288930394
"NM_012634",309.230795676296,253.165727406573,301.426036402838,332.758013601837,264.987821817317,363.411916577893
"NM_001097582",50.7692351110337,55.8160658849137,69.0011408633002,77.6300590662851,81.1981031990678,149.744649664832
"NM_001106961",394.615418363035,488.390576492994,483.007986043101,424.94370874305,408.907813116264,380.576323061214
"NM_053458",1239.23087521023,1080.43956105797,1018.67473748188,1108.65428104038,1093.98642034672,1011.51623034466
"NM_001024965",94.6153927069264,103.658408071982,88.9751553237292,114.827795702213,103.564047792823,109.497075841873
"NM_001109015",18.4615400403759,17.9408783201508,19.974014460429,15.7686057478392,10.2105399232361,19.5319108258477
"NM_001007756",283.846178120779,281.073760349029,386.769552733762,210.248076637856,211.017825080212,272.854875476236
"NM_001192003",25.3846175555169,25.9146020179956,41.7638484172606,86.9294932252672,29.1729712092459,42.6150781654859
"NM_001108816",32.3076950706578,69.7700823561421,45.3954874100659,42.8582617761783,56.4010776712088,56.2282281350161
"NM_001009474",1366.15396298782,1291.74323905086,1349.15388582716,629.93558346496,410.366461676726,408.394499085906
"NM_001012006",6.92307751514096,9.96715462230601,9.07909748201318,13.7469896263213,18.4762150991891,20.7156629971112
"NM_001127531",90.0000076968325,79.7372369784481,72.6327798561055,119.679674393856,115.233236276521,123.110225811404
"NM_001037187",260.769253070309,356.824135478555,281.452021942409,259.575510002891,271.794848432808,163.949675719994
"NM_031816",2780.76946858162,3354.9442458682,3662.50792424412,2894.95428601355,2512.76525348972,2725.5893743342
"NM_001109316",27.6923100605638,13.9540164712284,14.5265559712211,29.9199185984641,33.062700703812,39.0638216516954
"NM_001004072",2093.07710207762,2340.28790531745,1833.97769136666,2153.82981586511,2286.18851043124,2647.46173103081
"NM_001106963",2104.61556460285,2673.19086970247,2723.72924460396,1427.2609817916,1324.45289289976,1335.27244918522
"NM_053512",2956.15409896519,2788.80986332122,2315.16985791336,3328.38878246698,3438.03465700963,4037.77865617979
"NM_001013960",466.153886019491,653.845343223274,813.487134388381,151.216885889535,176.010259629117,214.851019084325
"NM_001007667",2538.46175555169,3982.87498707348,4000.25035057501,1887.78513427336,2618.27416602982,2028.35934546
"NM_001047894",579.230818766794,582.081829942671,444.875776618646,703.118087063905,720.086172681553,616.734881228282
"NM_001106964",2261.53865494605,2033.29954295043,2467.69869561118,2028.0852931067,2287.16094280488,2112.40574961971
"NM_001033963",482.30773355482,490.384007417456,630.089365251715,386.128679209908,384.110787588405,305.999936271614
"NM_012661",888.46161444309,368.784721025322,646.431740719339,2436.4517496533,1642.92449526737,1259.51231022436
"NM_001014272",348.461568262095,392.705892118857,414.006845179801,404.323224303568,327.709709917196,265.160486363023
"NM_001109317",2469.23098040028,2091.1090397598,2155.37774222993,3087.81646400635,2457.33660819215,3139.31075819079
"NM_001109318",13.8461550302819,3.9868618489224,7.26327798561055,14.959959299232,22.852160780576,27.2262999390604
"NM_001100542",2981.53871652071,3793.49904924967,2910.75865273343,2242.78092521189,1971.6066375582,1978.0498781813
"NM_053409",2476.15405791542,3149.6208606487,2774.57219050323,3418.55286148667,3039.3373838166,3523.4383377658
"NM_001109319",9.23077002018795,13.9540164712284,29.0531119424422,3.23458579442855,21.3935122201137,16.5725303976889
"NM_001109320",94.6153927069264,189.375937823814,125.291545251782,133.426664020178,100.160534485078,106.537695413715
"NM_001170590",1059.23085981657,1273.80236073071,1231.12561856099,970.375738328564,864.492380167321,911.489171872892
"NM_133304",166.153860363383,115.61899361875,61.7378628776897,68.3306249073031,79.7394546386055,79.903271560286
"NM_001025747",761.538526665506,1221.97315669472,797.144758920758,753.254166877548,740.993468714846,690.71939193225
"NM_001107849",207.692325454229,179.408783201508,165.23957417264,236.529086217588,252.346200959977,223.137284283169
"NM_017089",276.923100605638,247.185434633189,266.925465971188,346.909326452462,308.747278631186,371.106305691106
"NM_031680",30.0000025656108,23.9211710935344,23.6056534532343,6.46917158885709,3.88972949456612,9.47001737010797
"NM_031624",641.538516403062,606.003001036205,588.325516834454,429.795587434693,399.669705566669,435.620799024967
"NM_001106945",440.769268463974,418.620494136852,481.192166546699,343.27041743373,353.479167818696,350.390642693995
"NM_031639",528.46158365576,444.535096154848,368.611357769735,479.527344024032,372.441599104706,434.437046853703
"NM_001193292",1250.76933773547,1219.97972577026,1467.18215309333,1056.09226188092,964.652914652398,1048.21254765383
"NM_080889",80.7692376766445,33.8883257158404,88.9751553237292,65.9046855614817,49.5940510557181,67.4738737620193
"NM_001106943",281.538485615732,342.870119007327,375.874635755346,385.724355985604,367.093221049678,452.785205508287
"NM_001040155",846.923149352244,653.845343223274,824.382051366797,984.527051179189,916.031295970322,1053.53943242451
"NM_017251",16193.0783079147,9347.19760479858,5785.2009155388,20617.6541769119,18350.7713229893,23702.8616012946
"NM_001012356",2526.92329302645,2946.29090635366,3172.23666021541,2712.60451185264,2370.30391075123,2627.92982020496
"NM_017107",2503.84636797598,3249.29240687176,2587.54278237376,2481.331627551,2233.6771622546,2511.92210742114
"NM_053415",6.92307751514096,7.97372369784481,18.1581949640264,13.7469896263213,27.7143226487836,18.9400347402159
"NM_001098674",32.3076950706578,17.9408783201508,72.6327798561055,97.0375738328564,46.6767539347935,73.9845107039685
"NM_001007600",133.846165292725,235.224849086422,210.635061582706,57.4138978511067,76.3359413308602,77.535767217759
"NM_001047974",4.61538501009397,13.9540164712284,18.1581949640264,16.9815754207499,10.2105399232361,7.10251302758098
"NM_019203",23.0769250504699,85.7175297518317,283.267841438811,14.959959299232,10.6967561100568,15.9806543120572
"NR_132635",71.5384676564566,101.664977147521,47.2113069064686,73.5868268232495,77.3083737045017,76.3520150464955
"NR_130116",30.0000025656108,29.901463866918,45.3954874100659,42.0496153275711,26.2556740883213,43.2069542511176
"NM_001024892",466.153886019491,637.897895827585,564.71986338122,524.002898697425,560.607263404342,442.131435966916
"NM_001108818",336.92310573686,358.817566403016,493.902903021517,238.146379114802,243.108093410383,192.95160391595
"NM_001079891",276.923100605638,207.316816143965,179.766130143861,67.1176552343924,65.1529690339826,41.4313259942224
"NM_182819",2753.07715852105,2049.24699034612,1990.13816805729,1923.76990123638,2423.78769130152,2210.06530374895
"NM_001177826",11.5384625252349,9.96715462230601,3.63163899280527,2.83026257012498,12.6416208573399,7.69438911321273
"NM_053291",7315.38524099895,8541.85151131625,8581.56293999886,9133.25731379331,9584.77969079775,10198.6168315207
"NM_133615",145.38462781796,227.251125388577,201.555964100693,286.260842806926,216.366203135241,274.038627647499
"NM_001177682",23.0769250504699,25.9146020179956,30.8689314388448,34.7717972901069,21.8797284069344,31.3694325384827
"NM_001106938",4.61538501009397,3.9868618489224,9.07909748201318,12.1296967291071,9.72432373641531,10.6537695413715
"NM_001025712",20.7692325454229,9.96715462230601,16.3423754676237,50.9447262622496,34.0351330774536,29.5938042815874
"NM_031851",249.230790545075,422.607355985775,448.507415611451,366.316841219033,338.406466027253,374.065686119265
"NM_001134589",323.076950706578,442.541665230387,357.716440791319,286.66516603123,237.273499168533,234.382929910172
"NM_001109439",32.3076950706578,11.9605855467672,41.7638484172606,16.1729289721427,16.531350351906,21.3075390827429
"NR_130147",161.538475353289,281.073760349029,234.24071503594,412.814012013943,275.198361740553,313.694325384827
"NM_133402",55.3846201211277,141.533595636745,145.265559712211,59.031190748321,51.5389158030011,87.5976606734987
"NM_001108243",20.7692325454229,3.9868618489224,25.4214729496369,14.959959299232,7.77945898913225,22.4912912540064
"NM_001100672",270.000023090497,267.119743877801,330.47914834528,394.619466920283,395.293759885282,403.659490400852
"NM_080410",60.0000051312216,57.8094968093749,70.8169603597028,76.0127661690709,69.0426985285487,92.9245454441845
"NM_001012230",6.92307751514096,3.9868618489224,3.63163899280527,4.85187869164282,10.2105399232361,6.51063694194923
"NM_001024366",4.61538501009397,9.96715462230601,5.44745848920791,6.46917158885709,3.40351330774536,7.69438911321273
"NM_012955",20.7692325454229,13.9540164712284,39.948028920858,82.481937757928,29.1729712092459,62.1469889913336
"NM_001128065",57.6923126261747,59.8029277338361,65.3695018704949,56.6052514024996,46.1905377479727,41.4313259942224
"NM_001108820",761.538526665506,546.200073302369,571.983141366831,782.769762251708,825.59508522166,832.76965248387
"NM_001014019",1239.23087521023,1409.35566359407,1222.04652107897,1483.46190996979,1601.5961193876,1355.3962360967
"NM_001024367",120.000010262443,163.461335805819,217.898339568316,119.679674393856,163.368638771777,157.439038778045
"NM_001014273",590.769281292028,1078.44613013351,998.70072302145,442.733930612407,626.732664811967,517.299698842148
"NM_001014274",57.6923126261747,27.9080329424568,47.2113069064686,43.6669082247854,56.4010776712088,92.3326693585527
"NM_207611",170.769245373477,199.34309244612,279.636202446006,331.545043928926,305.829981510261,352.758147036522
"NM_001127502",323.076950706578,641.884757676507,757.1967299999,300.816478881855,320.902683301705,424.375153397963
"NM_053401",124.615395272537,151.500750259051,181.581949640264,112.401856356392,128.361073320682,122.518349725772
"NM_001014275",784.615451715975,940.899396345687,942.410318632968,760.127661690709,853.309407870443,690.127515846618
"NM_001009675",48.4615426059867,37.8751875647628,39.948028920858,47.7101404678211,43.7594568138689,67.4738737620193
"NM_030990",80.7692376766445,63.7897895827585,101.685891798548,69.1392713559102,88.0051298145585,56.8201042206478
"NM_001109321",6.92307751514096,11.9605855467672,21.7898339568316,30.3242418227676,37.9248625720197,57.4119803062796
"NM_001173349",1603.84629100766,1524.97465721282,1392.73355374082,1680.77164342993,1783.92718944539,1965.0286042974
"NM_001106846",4105.38496647859,1829.96958865538,1890.26809575514,7377.68587386721,7903.93033295836,5612.16904396024
"NM_001109420",69.2307751514096,75.7503751295257,76.2644188489108,101.080806075892,82.6567517595301,74.5763867896003
"NM_017243",706.153906544378,839.234419198166,831.645329352408,451.629041547086,426.411595841811,486.522142389297
"NM_031345",572.307741251653,438.554803381464,426.71758165462,637.213401502424,5737.83722067185,749.315124409793
"NM_053925",83.0769301816915,53.8226349604525,96.2384333093398,60.6484836455353,73.9048603967563,50.9013433643303
"NM_001108256",420.000035918552,512.311747586529,477.560527553894,477.101404678211,502.261320985851,481.195257618611
"NM_031612",46.1538501009397,67.7766514316809,38.1322094244554,26.6853328040355,39.8697273193028,100.618934557397
"NM_001134992",50.7692351110337,39.868618489224,83.5276968345213,91.78137191691,92.3810754959454,93.5164215298162
"NM_001039016",2185.3848022795,1684.44913116972,1670.55393669043,2181.32379511775,1851.9974556003,1952.59920649914
"NM_001014113",630.000053877827,799.365800708942,746.301813021484,365.508194770426,352.992951631876,324.93997101183
"NM_001191587",131.538472787678,89.7043916007541,174.318671654653,304.859711124891,222.20079737709,204.789125628585
"NM_001191735",43.8461575958927,41.8620494136852,47.2113069064686,74.3954732718566,65.1529690339826,84.0464041597082
"NM_001113786",64.6153901413156,77.7438060539869,78.0802383453134,86.5251700009636,59.3183747921334,75.168262875232
"NM_053501",53.0769276160807,89.7043916007541,76.2644188489108,69.1392713559102,68.0702661549071,62.1469889913336
"NM_175763",16.1538475353289,7.97372369784481,7.26327798561055,20.620484439482,19.9348636596514,17.1644064833207
"NM_001106950",1280.76934030108,1110.34102492489,1623.34262978396,1159.19468407833,1326.39775764705,1226.36724942898
"NM_001106949",36.9230800807518,31.8948947913792,23.6056534532343,108.358624113356,52.5113481766427,65.1063694194923
"NM_012583",2033.07709694639,2455.9068989362,2349.67042834501,1357.71738721138,1710.99476142227,1376.70377517945
"NM_001166586",55.3846201211277,87.7109606762929,69.0011408633002,110.380240234874,78.767022264964,85.8220324166035
"NM_001014107",66.9230826463626,107.645269920905,112.580808776963,103.506745421714,99.6743182982569,116.007712783823
"NM_001106970",2282.30788749147,2132.97108917349,1590.65787884871,2248.03712712784,2443.23633877435,1940.7616847865
"NM_001108259",966.923159614687,986.748307608295,1133.07136575525,1204.88320842463,1084.74831279713,1160.07712783823
"NM_001025663",514.615428625478,715.641701881572,513.876917481946,590.31190748321,535.324021689663,547.485379209367
"NM_031540",14930.770507654,10949.9160680654,7922.4204628047,24644.3091677511,27084.6726868507,22629.1983819586
"NM_017042",590.769281292028,799.365800708942,655.510838201352,681.284632951513,696.261579527336,622.061765998967
"NM_052804",1211.53856514967,1237.92060409041,1071.33350287756,1563.9222316062,1554.91936545281,1412.80821640298
"NM_001106212",205.384632949182,334.896395309482,285.083660935214,243.806904255052,257.694579015006,233.791053824541
"NM_001135712",1022.30777973581,1060.50525181336,949.673596618579,862.421437439511,880.537514332406,828.626519884447
"NM_001173341",408.461573393317,358.817566403016,364.97971877693,530.876393510585,431.273757710019,458.703966364605
"NM_001009399",9669.23159614687,4130.38887548361,4007.51362856062,16208.9137391058,16147.7257805044,13079.2777402904
"NM_001109323",701.538521534284,693.713961712498,550.193307409999,647.321482110013,580.055910877173,562.874157435792
"NM_001277272",186.923092908806,245.192003708728,214.266700575511,223.590743039873,167.744584453164,234.974805995804
"NM_017348",191.5384779189,209.310247068426,305.057675395643,308.498620143623,270.336199872346,197.094736515372
"NM_001108821",1474.61551072502,1042.56437349321,918.804665179734,1673.08950216817,2118.9301421649,2128.9782800174
"NM_001004224",4033.84649882213,3189.48947913792,3462.76777963983,3253.99330919512,3322.80142073311,3116.81946693679
"NM_031551",1583.07705846223,1309.68411737101,1149.41374122287,1285.34353006104,1368.21234971363,1453.05579022594
"NM_017199",3512.30799268151,3787.51875647628,3615.29661733765,2354.37413511968,2473.86795854405,2495.94145310908
"NM_031095",69.2307751514096,89.7043916007541,110.764989280561,76.4170893933744,68.5564823417279,78.7195193890225
"NM_001135839",980.769314644969,823.286971802476,849.803524316434,525.620191594639,461.419161292906,532.096600982942
"NM_144740",189.230785413853,111.632131769827,176.134491151056,219.951834021141,276.170794114195,251.547336393493
"NM_001139507",1896.92323914862,2290.45213220592,2231.64216107884,2122.69692759373,1980.35852892098,1877.43094362391
"NM_001127555",7029.23137037312,7020.86371595235,5963.15122618626,4417.23122551649,4280.64730877002,3855.48082180521
"NM_022673",200.769247939088,153.494181183513,174.318671654653,142.321774954856,148.782153167154,139.682756209093
"NM_001024368",281.538485615732,314.96208606487,305.057675395643,274.535469302123,283.950253103327,233.199177738909
"NM_001170573",540.000046180995,550.186935151292,581.062238848844,683.710572297334,592.697531734513,595.427342145539
"NM_001109324",1924.61554920919,1891.76594731368,1568.86804489188,1580.09516057835,1422.18234645074,1434.11575548573
"NM_001106345",1216.15395015976,1231.94031131702,1076.78096136676,854.739296177744,933.53507869587,985.473682576861
"NM_001106346",960.000082099546,1022.6300642486,918.804665179734,972.397354450082,955.414807102804,1010.33247817339
"NM_001107581",43.8461575958927,55.8160658849137,69.0011408633002,73.1825035989459,45.7043215611519,47.3500868505399
"NM_031100",9080.77000735989,11659.5774771736,11483.2424952503,8259.11050284899,8372.15652086676,9036.76407542553
"NM_199103",486.923118564914,695.707392636959,426.71758165462,510.255909071103,307.774846257544,382.351951318109
"NM_012948",355.384645777236,291.040914971335,433.98085964023,357.826053508658,457.043215611519,382.943827403741
"NM_001025748",609.230821332404,520.285471284374,566.535682877623,681.284632951513,626.732664811967,633.307411625971
"NM_031785",2868.4617837734,2441.95288246497,2740.07162007158,2576.34758526234,2344.04823666291,2471.67453359818
"NM_001134599",1610.7693685228,1004.68918592845,1933.84776366881,1898.29753810525,2232.21851369413,2104.11948442086
"NM_001014223",558.461586221371,332.902964385021,483.007986043101,531.685039959193,466.281323161114,475.868372847926
"NM_001037189",417.692343413505,428.587648759158,410.375206186996,471.845202762264,483.298889699841,430.885790339913
"NM_001134499",1204.61548763453,1349.55273586023,1180.28267266171,1215.39561225653,1147.95641708383,1108.58390838826
"NM_001108288",459.23080850435,540.219780528986,659.142477194157,481.54896014555,331.113223224941,336.777492724465
"NM_001105845",30.0000025656108,17.9408783201508,36.3163899280527,62.2657765427495,47.649186308435,30.1856803672192
"NM_020088",175.384630383571,89.7043916007541,45.3954874100659,59.4355139726246,172.120530134551,137.907127952197
"NM_001108825",16.1538475353289,7.97372369784481,14.5265559712211,17.790221869357,28.2005388356044,22.4912912540064
"NM_133565",3588.46184534806,3923.07205933965,4141.88427129441,3092.26401947369,3400.10979443761,2779.45009812669
"NM_001039017",145.38462781796,183.395645050431,219.714159064719,191.649208319891,144.892423672588,168.092808319416
"NM_031520",540.000046180995,438.554803381464,971.463430575411,601.228634539406,468.712404095218,700.189409302358
"NM_017231",1555.38474840167,1493.07976242144,1708.68614611488,1703.00942076663,1724.60881465325,1523.48904441612
"NM_001100630",330.000028221719,538.226349604525,452.139054604257,351.356881919801,430.787541523198,255.098592907283
"NM_080395",1338.46165292725,1158.18336711196,1349.15388582716,1400.57564898756,1301.60073211919,1130.48332355664
"NM_001105713",330.000028221719,398.68618489224,377.690455251748,303.242418227676,335.975385093149,319.021210155512
"NM_001009720",5480.76969948659,5244.71676225742,5699.85739920788,5249.32842113323,5656.15290128596,4845.68951306712
"NM_001107065",613.846206342498,570.121244395904,566.535682877623,1085.20353403078,891.720486629284,1063.60132588025
"NM_053347",521.538506140619,384.732168421012,490.271264028712,511.06455551971,437.594568138689,468.173983734713
"NM_001014114",16.1538475353289,11.9605855467672,7.26327798561055,29.9199185984641,31.117835956529,36.1044412235366
"NM_022281",122.30770276749,223.264263539655,283.267841438811,100.676482851589,88.4913460013793,133.763995352775
"NM_001108261",138.461550302819,235.224849086422,257.846368489174,183.56274383382,164.341071145419,212.483514741798
"NM_001270415",355.384645777236,400.679615816702,326.847509352475,205.396197946213,235.32863442125,185.849090888369
"NM_001134961",1576.15398094709,2023.33238832812,1745.00253604293,1697.34889562638,1558.32287876055,1554.8584769546
"NM_001109526",122.30770276749,137.546733787823,123.475725755379,116.445088599428,133.70945137571,128.437110582089
"NM_001013963",2323.84635258232,2292.44556313038,1503.49854302138,1662.57709833627,2278.89526762893,2163.30709298404
"NM_001127532",1444.61550815941,2045.26012849719,1305.5742179135,1738.99418772965,1959.45123288768,1668.4986853959
"NM_031003",3096.92334177306,1572.81699939989,1234.75725755379,4236.49874425279,4925.36997249435,6035.95232127257
"NM_001024790",2337.6925076126,2589.4667708751,2346.03878935221,2886.46349830318,2913.40739143003,2523.75962913377
"NM_001106977",1710.00014623982,1752.2257826014,1626.97426877676,3100.35048395976,2407.74255713643,2746.89691341694
"NM_001009676",295.384640646014,358.817566403016,321.400050863267,235.316116544677,211.504041267033,262.201105934864
"NM_133381",1213.84625765471,1387.427923425,1171.2035751797,1638.72202810236,1784.89962181903,1385.58191646392
"NM_031081",493.846196080055,534.239487755602,564.71986338122,523.194252248818,474.060782150246,469.357735905976
"NM_001100474",103.846162727114,99.6715462230601,221.529978561122,551.901201174371,336.94781746679,496.584035845037
"NM_001127548",537.692353675948,550.186935151292,602.852072805675,446.777162855443,499.830240051747,507.237805386408
"NM_053811",1673.07706615907,1158.18336711196,962.384333093397,1112.69751328342,1065.2996653243,1036.37502594119
"NM_001100673",911.53853949356,1146.22278156519,1389.10191474802,595.163786174853,597.559693602721,754.642009180479
"NM_001106992",1366.15396298782,1425.30311098976,891.567372733695,1801.6642874967,2292.99553704673,1699.27624184875
"NM_019206",521.538506140619,592.048984564977,699.090506115015,623.466411876103,549.424291107465,551.628511808789
"NM_001106993",1716.92322375496,1722.32431873448,1715.94942410049,1981.99244553609,1909.85718183197,1580.30914863677
"NM_001142652",85.3846226867385,51.8292040359912,81.7118773381187,178.306541917874,110.371074408314,146.785269236674
"NM_001106994",216.923095474417,123.592717316595,116.212447769769,396.236759817497,475.033214523888,391.821968688217
"NM_031321",46.1538501009397,39.868618489224,56.2904043884817,65.9046855614817,70.0151309021902,47.9419629361716
"NM_001191918",25.3846175555169,9.96715462230601,12.7107364748185,48.5187869164282,40.8421596929443,37.2881933948001
"NM_001014117",613.846206342498,719.628563730494,613.746989784091,547.049322482728,599.504558350004,529.137220554783
"NM_001160228",177.692322888618,157.481043032435,214.266700575511,266.853328040355,251.373768586336,258.057973335442
"NM_001106996",581.538511271841,316.955516989331,490.271264028712,1061.75278702117,1004.5226419717,947.001737010797
"NM_001100762",2.30769250504699,3.9868618489224,12.7107364748185,12.9383431777142,21.8797284069344,17.7562825689524
"NM_173149",34.6153875757048,15.9474473956896,3.63163899280527,5.66052514024996,13.1278370441607,5.32688477068573
"NM_001134737",796.15391424121,841.227850122627,873.409177769668,798.942691223851,830.943463276688,875.384730649355
"NM_001127533",3507.69260767142,3065.89676182133,3144.99936776937,5140.56547379557,6306.71015925215,6041.27920604325
"NM_001137622",406.15388088827,330.909533460559,292.346938920825,311.733205938051,338.406466027253,391.230092602586
"NM_001105780",2550.00021807692,3338.99679847251,2614.7800748198,3168.68110886707,3275.6384506115,2979.50421507022
"NM_001106998",152.307705333101,151.500750259051,143.449740215808,386.533002434211,313.123224312573,529.137220554783
"NM_053377",228.461557999652,287.054053122413,606.483711798481,116.849411823731,88.4913460013793,89.373288930394
"NM_019269",1003.84623969544,1108.34759400043,778.986563956731,478.314374351121,412.311326424009,435.028922939335
"NM_001107003",267.69233058545,336.889826233943,270.557104963993,360.656316078783,295.619441587025,350.982518779627
"NM_130415",233.076943009746,233.231418161961,250.583090503564,320.223993648426,285.89511785061,301.26492758656
"NM_001172089",602.307743817263,703.681116334804,737.222715539471,434.647466126336,445.374027127821,335.001864467569
"NM_130742",191.5384779189,141.533595636745,125.291545251782,242.593934582141,221.714581190269,218.402275598115
"NM_053814",115.384625252349,49.83577311153,49.0271264028712,14.5556360749285,21.3935122201137,16.5725303976889
"NM_199389",353.076953272189,348.85041178071,392.21701122297,298.794862760337,329.168358477658,291.20303413082
"NM_001170541",466.153886019491,350.843842705172,414.006845179801,400.684315284836,403.559435061235,766.479530893114
"NM_001108277",456.923115999303,604.009570111744,470.297249568283,335.183952947658,336.94781746679,310.734944956668
"NM_001013857",16.1538475353289,45.8489112626076,47.2113069064686,15.7686057478392,26.2556740883213,22.4912912540064
"NM_001191644",768.461604180646,1026.61692609752,1151.22956071927,658.642532390513,827.539949968943,583.589820432904
"NM_001191645",1410.00012058371,1331.61185754008,920.620484676137,2956.815739332,2456.36417581851,2379.93374032526
"NM_001271103",3376.15413488374,3207.43035745807,3077.81404640247,3982.17943616585,3640.30059072707,3716.38994168175
"NM_001030023",560.769278726418,552.180366075753,472.113069064686,450.416071874175,440.511865259613,406.618870829011
"NM_053484",39.2307725857988,47.8423421870688,99.870072302145,68.3306249073031,76.8221575176809,82.8626519884447
"NM_001009246",636.923131392968,615.970155658511,660.95829669056,379.659507621051,377.303760972914,393.005720859481
"NM_031656",348.461568262095,378.751875647628,395.848650215775,312.541852386658,291.729712092459,333.226236210674
"NM_053731",103.846162727114,73.7569442050645,112.580808776963,156.473087805481,149.754585540796,194.135356087213
"NM_001134645",46.1538501009397,41.8620494136852,59.922043381287,72.3738571503388,66.6116175944449,98.2514302148702
"NM_001013116",1038.46162727114,938.905965421226,1096.75497582719,777.513560335762,805.660221562008,671.187481106402
"NM_001105789",387.692340847894,165.45476673028,168.871213165445,287.878135704141,299.022954894771,234.382929910172
"NM_012949",92.3077002018795,111.632131769827,81.7118773381187,67.9263016829995,63.6943204735203,72.800758532705
"NM_019621",27.6923100605638,39.868618489224,50.8429458992738,56.200928178196,59.3183747921334,67.4738737620193
"NM_012911",173.076937878524,123.592717316595,199.74014460429,165.368198740159,187.679448112815,162.765923548731
"NM_001107013",840.000071837103,1016.64977147521,926.067943165345,835.736104635476,1069.67561100568,842.831545939609
"NM_033299",256.153868060215,209.310247068426,299.610216906435,198.927026357356,208.586744146108,210.116010399271
"NM_019124",1783.84630640132,966.813998363683,1196.62504812934,1855.84359955338,2235.62202700188,1892.81972185033
"NM_022690",1793.07707642151,1604.71189419127,1421.78666568326,1636.70041198085,1806.29313403914,1537.10219438565
"NM_001107018",2201.53864981483,2627.34195843986,2649.28064525145,2173.64165385598,2198.18338061668,2353.29931647183
"NM_001047843",1017.69239472572,737.569442050645,782.618202949536,1198.00971361147,1099.33479840175,1118.645801844
"NM_031763",2949.23102145005,3037.98872887887,2747.33489805719,2838.75335783535,3050.03413992666,2703.09808308019
"NM_001105808",463.846193514444,438.554803381464,392.21701122297,456.480920238729,487.188619194407,460.4795946215
"NM_181377",189.230785413853,157.481043032435,127.107364748185,587.481644913085,548.451858733823,346.247510094573
"NM_001105813",740.769294120083,701.687685410343,759.012549496302,708.778612204155,675.840499680864,662.901215907558
"NM_001109037",410.769265898364,468.456267248382,450.323235107854,428.582617761783,464.336458413831,351.574394865258
"NM_001172137",2916.92332637939,4158.29690842607,3713.35087014339,2655.19061400153,2949.38738925476,3432.28942057851
"NM_001191924",156.923090343195,211.303677992887,197.924325107887,239.763672012016,263.529173256855,242.077319023385
"NM_001024992",636.923131392968,733.582580201722,548.377487913596,512.681848416925,575.679965195786,495.400283673773
"NM_012609",616.153898847545,707.667978183727,495.71872251792,739.507177251227,567.900506206654,655.798702879977
"NM_001108284",320.769258201531,729.5957183528,394.032830719372,118.466704720946,176.496475815938,175.195321346997
"NM_012977",3620.76954041872,6727.82937005656,6438.89593424375,2838.34903461105,3351.00195956871,4748.02995893788
"NM_001107023",286.153870625826,336.889826233943,332.294967841683,633.574492483692,417.659704479037,529.137220554783
"NM_173327",646.153901413156,805.346093482326,671.853213668976,769.831419073994,675.354283494043,603.121731258751
"NM_001107024",618.461591352592,735.576011126184,550.193307409999,982.505435057671,962.708049905115,1018.61874337224
"NM_012836",1255.38472274556,1006.68261685291,927.883762661747,1506.5083337551,1394.95423998878,1298.57613187606
"NM_001105814",161.538475353289,121.599286392133,236.056534532343,239.359348787713,221.228365003448,226.096664711328
"NM_032618",549.230816201183,462.475974474999,517.508556474751,450.416071874175,395.779976072103,492.440903245614
"NM_001108285",175.384630383571,155.487612107974,208.819242086303,176.689249020659,190.110529046919,166.909056148153
"NM_012983",2016.92324941107,1654.5476673028,1717.76524359689,2191.83619894964,2604.66011279884,2395.91439463732
"NM_001105819",34.6153875757048,35.8817566403016,19.974014460429,46.4971707949104,42.7870244402273,49.7175911930668
"NM_001107027",5074.61581859832,4854.00430106303,4693.89339820082,4394.18480173118,4386.64243749694,3927.09782816665
"NM_001004068",936.923157049077,861.162159367239,844.356065827226,601.228634539406,494.481861996718,584.181696518535
"NM_001105824",1407.69242807866,1612.68561788911,1826.71441338105,1484.6748796427,1369.6709982741,1367.23375780934
"NM_080583",1361.53857797772,1913.69368748275,2022.82291899254,1631.0398868406,1605.48584888217,1714.07314398954
"NM_053720",521.538506140619,468.456267248382,611.931170287689,287.069489255534,285.408901663789,232.607301653277
"NM_022193",5226.92352393142,3988.85527984686,2747.33489805719,3694.30130046171,4804.7883581628,3935.97596945112
"NM_001107032",1068.46162983675,1080.43956105797,1015.04309848907,1453.13766814702,1498.03207159478,1293.24924710537
"NM_001004273",1832.30784900731,2079.14845421303,1686.89631215805,1993.7178190409,2167.06554466015,2092.87383879386
"NM_001173430",690.000059009049,853.188435669394,735.406896043068,731.420712765155,661.740230263062,641.593676824815
"NM_001108286",1340.7693454323,484.403714644072,1202.07250661855,1249.35876309803,1172.75344261169,1580.9010247224
"NM_001107035",1308.46165036164,1315.66441014439,897.014831222903,2364.07789250296,2125.25095259357,1821.20271548889
"NM_001013860",440.769268463974,651.851912298813,486.639625035907,259.575510002891,264.015389443676,240.893566852121
"NM_001135921",170.769245373477,191.369368748275,112.580808776963,254.723631311248,252.346200959977,231.423549482014
"NM_198773",4.61538501009397,7.97372369784481,7.26327798561055,9.29943415898207,2.43108093410383,9.47001737010797
"NM_001013971",48.4615426059867,39.868618489224,36.3163899280527,54.5836352809817,57.8597262316711,72.800758532705
"NM_001034917",106.153855232161,101.664977147521,134.370642733795,66.7133320100888,98.7018859246154,116.007712783823
"NM_001105827",2893.84640132892,2435.97258969159,2191.69413215798,3442.00360849628,3490.05978899945,3326.93547733606
"NM_031985",1165.38471504873,1074.45926828459,955.121055107787,1038.70636323587,1005.49507434534,855.852819823508
"NM_001009536",1502.30782078559,2501.75581019881,1499.86690402858,1995.73943516241,1910.34339801879,2590.04975072453
"NM_001107038",240.000020524887,249.17886555765,170.687032661848,304.859711124891,288.326198784714,246.812327708439
"NM_001108290",3895.38494851931,3837.35452958781,4310.75548445986,3860.07382242617,4255.85028324216,3708.69555256853
"NM_053304",946.153927069264,725.608856503878,1541.63075244584,1958.54169852649,1059.95128726927,2057.95314974159
"NM_001034951",3436.15414001496,2019.3455264792,2247.98453654646,2530.25473769173,3153.59818771948,4343.7785924514
"NM_012610",11.5384625252349,21.9277401690732,9.07909748201318,22.6421005609998,14.586485604623,11.837521712635
"NM_001100496",1640.76937108841,1538.92867368405,1677.81721467604,1718.37370329017,1488.30774785836,1600.43293554825
"NM_001105833",223.846172989558,197.349661521659,156.160476690627,145.152037524981,103.564047792823,136.723375780934
"NM_173311",6.92307751514096,1.9934309244612,10.8949169784158,9.70375738328564,12.1554046705191,11.837521712635
"NM_022272",265.384638080403,247.185434633189,236.056534532343,252.297691965427,198.862420409693,269.895495048077
"NM_001108295",373.846185817612,364.7978591764,310.505133884851,315.372114956783,380.221058093839,298.897423244033
"NM_001108298",34.6153875757048,59.8029277338361,72.6327798561055,60.2441604212317,15.0727017914437,37.2881933948001
"NM_001107047",6.92307751514096,23.9211710935344,19.974014460429,29.1112721498569,25.2832417146798,24.2669195109017
"NM_173128",25.3846175555169,29.901463866918,30.8689314388448,46.0928475706068,56.4010776712088,21.3075390827429
"NM_012809",895.384691958231,725.608856503878,1695.97540964006,420.091830051408,529.003211260993,700.78128538799
"NM_001105840",3048.46179916707,2633.32225121325,2925.28520870465,2757.08006652603,2523.46200959977,2878.88528051282
"NM_031604",3129.23103684371,2188.7871550584,2246.16871705006,2793.46915671335,2822.97118068136,2764.06131990026
"NM_012514",78.4615451715975,83.7240988273705,130.73900374099,242.998257806445,121.067830518371,166.317180062521
"NM_001107052",168.46155286843,205.323385219504,118.028267266171,56.200928178196,97.7294535509738,92.3326693585527
"NM_001108300",152.307705333101,67.7766514316809,87.1593358273266,450.416071874175,657.850500768496,245.628575537175
"NM_021748",523.846198645666,763.48404406864,688.195589136599,566.456837249299,539.213751184229,532.096600982942
"NM_198759",129.230780282631,97.6781152985989,119.844086762574,116.849411823731,129.333505694324,163.357799634362
"NM_017212",115.384625252349,57.8094968093749,54.4745848920791,89.3554325710886,170.175665387268,114.232084526927
"NM_001024793",717.692369069613,809.332955331248,760.828368992705,826.436670476494,747.314279143516,696.638152788568
"NM_001191653",108.461547737208,97.6781152985989,138.0022817266,170.624400656106,122.526479078833,111.8645801844
"NM_001191652",632.307746382874,775.444629615408,735.406896043068,794.899458980816,881.996162892868,735.110098354631
"NM_001191926",1202.30779512948,1369.48704510485,1374.5753587768,847.057154915976,974.863454575634,870.05784587867
"NM_001107061",1343.07703793735,1507.03377889267,1501.68272352498,1479.01435450245,1620.55855067361,1428.78887071504
"NM_001105848",565.384663736512,721.621994654955,539.298390431583,507.829969725282,404.531867434877,502.502796701354
"NM_024355",129.230780282631,115.61899361875,119.844086762574,417.665890705586,319.930250928064,333.818112296306
"NM_001105849",43.8461575958927,31.8948947913792,49.0271264028712,41.6452921032676,41.8145920665858,46.7582107649081
"NM_001013119",163.846167858336,199.34309244612,234.24071503594,199.735672805963,222.687013563911,207.156629971112
"NM_001281824",2065.38479201705,1353.53959770916,1069.51768338115,6685.4845138595,7166.34037755126,7552.33885266111
"NM_001047877",27.6923100605638,41.8620494136852,18.1581949640264,47.3058172435175,56.4010776712088,62.7388650769653
"NM_173307",210.000017959276,338.883257158404,274.188743956798,149.195269768017,123.012695265654,91.1489171872892
"NM_053703",64.6153901413156,27.9080329424568,38.1322094244554,81.6732913093208,193.514042354665,173.419693090102
"NM_001107062",696.92313652419,681.753376165731,757.1967299999,726.973157297816,737.589955407101,709.067550586834
"NM_001013042",341.538490746954,384.732168421012,345.005704316501,205.800521170516,197.403771849231,264.568610277391
"NM_021594",2028.4617119363,2593.45363272402,1832.16187187026,2910.31856853709,4247.09839187939,2516.65711610619
"NM_030846",2185.3848022795,1959.54259874536,1901.16301273356,2693.19699708607,2737.39713180091,2771.16383292784
"NM_001105853",475.384656039679,510.318316662068,468.48143007188,344.079063882337,361.744842994649,411.353879514065
"NM_176856",115.384625252349,45.8489112626076,47.2113069064686,63.8830694399638,75.8497251440394,49.7175911930668
"NM_139096",999.230854685345,970.800860212605,1828.53023287746,1124.42288678822,765.790494242705,1819.42708723199
"NM_001107069",886.153921938043,1118.31474862273,1145.78210223006,741.528793372745,1171.78101023804,678.881870219615
"NM_001168703",73.8461601615036,55.8160658849137,45.3954874100659,65.0960391128745,74.8772927703979,65.1063694194923
"NM_080577",2453.07713286495,3097.79165661271,2286.11674597092,2349.52225642804,2194.77986730893,1747.21820478492
"NM_001007005",7266.92369839296,8727.24058729114,9856.26822647351,4414.40096294636,4111.93029194321,4533.77081593919
"NM_001039207",1086.92316987713,1098.38043937812,778.986563956731,1515.80776791408,1387.66099718646,1190.26280820545
"NM_001013125",913.846231998607,1048.54466626659,971.463430575411,917.409395944797,929.159133014483,865.322837193616
"NM_001170600",205.384632949182,93.6912534496765,187.029408129472,335.992599396265,402.100786500773,188.216595230896
"NM_133421",2976.92333151061,3309.0953346056,2545.7789339565,3571.38704027342,3303.35277326028,3645.95668749157
"NM_001025124",1253.07703024051,940.899396345687,996.884903525048,940.860142954404,914.086431223039,957.655506552169
"NM_001135846",1751.53861133066,2099.08276345765,1677.81721467604,1264.72304562156,1286.04181414092,1091.41950190494
"NR_131094",235.384635514793,306.988362367025,203.371783597095,238.550702339105,220.742148816627,213.075390827429
"NM_001003978",3720.00031813574,4016.76331278932,4223.59614863253,3916.27475060436,3989.40381286438,3512.78456822443
"NM_001108262",1610.7693685228,1642.58708175603,1592.47369834511,1999.78266740545,1997.86231164652,1963.25297604051
"NM_001034083",115.384625252349,81.7306679029093,83.5276968345213,128.574785328535,109.398642034672,120.150845383245
"NM_001105735",4428.46191718517,3640.00486806615,4637.60299381233,4479.90132528354,4684.20674383125,4346.14609679393
"NM_001109026",339.230798241907,316.955516989331,334.110787338085,922.26127463644,1225.75100697515,822.115882942498
"NM_001108263",6.92307751514096,9.96715462230601,9.07909748201318,23.450747009607,27.7143226487836,23.6750434252699
"NM_001009619",1045.38470478628,930.932241723381,900.646470215708,898.810527626833,920.407241651709,1012.10810643029
"NM_001007721",94.6153927069264,73.7569442050645,143.449740215808,166.176845188767,152.67188266172,208.340382142375
"NM_001106972",1382.30781052314,1405.36880174515,1113.09735129482,1327.39314538862,1226.72343934879,1141.13709309801
"NM_001106973",1866.92323658301,2113.03677992887,2168.08847870475,1327.79746861292,1368.21234971363,1538.28594655691
"NM_152790",3773.07724575182,2392.11710935344,3148.63100676217,5243.66789599298,5040.11699258405,6501.16692457912
"NM_001025756",447.692345979115,420.613925061314,361.348079784125,376.424921826622,365.634572489216,435.028922939335
"NM_001106975",145.38462781796,165.45476673028,208.819242086303,74.3954732718566,75.3635089572186,95.2920497867114
"NM_001108264",385.384648342847,420.613925061314,343.189884820098,242.998257806445,241.1632286631,201.237869114794
"NM_001106976",537.692353675948,1062.49868273782,777.170744460329,128.979108552838,115.719452463342,83.4545280740765
"NM_001108265",415.384650908458,326.922671611637,261.47800748198,329.927751031712,291.243495905638,339.736873152623
"NM_001024864",1375.384733008,1375.46733787823,1298.31093992789,1421.60045665135,1078.42750236846,1329.94556441454
"NM_001108266",83.0769301816915,173.428490428125,154.344657194224,42.8582617761783,35.4937816379159,40.2475738229589
"NM_001007800",2328.46173759241,2475.84120818081,2249.80035604287,2080.64731226616,2268.68472770569,2223.08657763285
"NM_001013964",1370.76934799791,2101.07619438211,1774.05564798538,1079.94733211483,923.810754959454,1046.43691939693
"NM_001100782",602.307743817263,560.154089773598,414.006845179801,527.237484491853,599.504558350004,661.125587650663
"NM_001007668",401.538495878176,815.313248104632,670.037394172573,284.643549909712,477.950511644812,292.386786302084
"NM_001038596",1760.76938135085,1536.93524275959,1356.41716381277,929.539092673904,1045.85101785147,999.678708632023
"NM_001038595",117.692317757396,61.7963586582973,74.4485993525081,36.3890901873212,41.3283758797651,43.2069542511176
"NM_001277073",46.1538501009397,33.8883257158404,43.5796679136633,10.9167270561963,16.0451341650853,15.9806543120572
"NM_001191588",387.692340847894,484.403714644072,314.136772877656,316.585084629694,276.170794114195,359.268783978471
"NM_001008360",1866.92323658301,1383.44106157607,1309.2058569063,2418.25720455964,3084.55548919094,3641.22167880651
"NM_001191639",498.461581090149,554.173797000214,513.876917481946,551.092554725764,529.975643634634,517.89157492778
"NM_001100136",459.23080850435,472.443129097305,457.586513093464,396.236759817497,416.687272105396,395.965101287639
"NM_001109382",447.692345979115,536.232918680063,399.48028920858,641.660956969763,710.848065131959,668.819976763875
"NM_001106978",66.9230826463626,85.7175297518317,72.6327798561055,124.531553085499,128.847289507503,108.31332367061
"NM_001108267",163.846167858336,145.520457485668,157.976296187029,90.9727254683029,68.5564823417279,100.618934557397
"NM_013097",9.23077002018795,9.96715462230601,10.8949169784158,4.04323224303568,5.83459424184918,4.73500868505398
"NM_001039001",4045.38496134737,3771.57130908059,3936.69666820092,3855.62626695883,4668.16160966617,4911.97963465788
"NM_001014225",362.307723292377,364.7978591764,372.242996762541,244.211227479355,312.150791938931,244.444823365912
"NM_001014226",1832.30784900731,1810.03527941077,1207.51996510775,2595.75510002891,2422.32904274105,2465.16389665623
"NM_153732",110.769240242255,151.500750259051,72.6327798561055,126.148845982713,102.105399232361,121.334597554508
"NM_001105763",228.461557999652,279.080329424568,268.74128546759,280.600317666677,356.882681126442,305.408060185982
"NM_031634",23.0769250504699,11.9605855467672,36.3163899280527,17.790221869357,14.1002694178022,25.4506716821652
"NM_001105764",207.692325454229,171.435059503663,236.056534532343,316.180761405391,222.687013563911,330.858731868147
"NM_181086",623.076976362686,518.292040359912,1116.72899028762,118.466704720946,250.401336212694,71.6170063614415
"NM_024384",297.692333151061,297.021207744719,361.348079784125,212.674015983677,200.321068970155,182.297834374578
"NM_001102364",4.61538501009397,7.97372369784481,9.07909748201318,14.5556360749285,19.4486474728306,10.6537695413715
"NM_001105766",92.3077002018795,185.389075974892,254.214729496369,209.035106964945,119.122965771088,172.82781700447
"NM_001017377",66.9230826463626,65.7832205072197,65.3695018704949,97.8462202814636,82.6567517595301,103.578314985556
"NM_031129",1393.84627304838,1487.09946964806,1516.2092794962,1882.52893235741,1776.63394664308,2215.39218851963
"NM_001277154",14533.8473967859,14952.7253643835,13981.8101223003,18714.9090833393,16175.92631934,19143.6401136733
"NM_001134569",36.9230800807518,53.8226349604525,81.7118773381187,80.8646448607137,49.5940510557181,98.2514302148702
"NM_001105768",1158.46163753359,1190.07826190334,840.724426834421,941.668789403011,842.126435573566,876.568482820619
"NM_001105769",1220.76933516986,1227.9534494681,760.828368992705,1616.88857398997,1738.22286788424,1660.80429628269
"NM_130823",4876.15426316428,5376.28320327186,5320.35112445973,5660.92946347426,5459.72156181037,5781.44560445092
"NM_001127606",64.6153901413156,95.6846843741377,105.317530791353,137.469896263213,76.3359413308602,84.0464041597082
"NM_001024990",286.153870625826,408.653339514546,379.506274748151,173.454663226231,189.624312860098,215.442895169956
"NM_001031637",2.30769250504699,5.98029277338361,16.3423754676237,12.9383431777142,10.6967561100568,5.32688477068573
"NM_017306",7917.69298481621,5806.86428295548,7087.14349445949,6388.71126722068,2720.865781449,2594.78475940958
"NM_001185046",332.307720726766,356.824135478555,321.400050863267,345.696356779551,376.817544786093,348.023138351468
"NM_080690",30.0000025656108,21.9277401690732,27.2372924460396,46.9014940192139,43.7594568138689,32.5531847097461
"NM_001169152",609.230821332404,362.804428251939,519.324375971154,915.792103047582,641.80536660341,633.307411625971
"NM_022404",339.230798241907,330.909533460559,346.821523812904,293.538660844391,274.712145553732,248.587955965334
"NM_001011890",1172.30779256387,1459.1914367056,1521.65673798541,1003.93456594576,1027.37480275228,1003.22996514581
"NM_001105728",470.769271029585,534.239487755602,557.45658539561,263.214419021623,335.489168906328,317.837457984249
"NM_012680",1243.84626022033,1144.22935064073,1432.68158266168,1281.70462104231,1198.03668432637,1245.3072841692
"NM_001257352",1158.46163753359,1433.2768346876,1245.65217453221,1174.15464337756,1007.92615527945,1164.22026043765
"NM_001109443",1423.84627561399,1275.79579165517,1015.04309848907,1635.08311908363,1741.62638119198,1811.14082203315
"NM_001106987",16.1538475353289,17.9408783201508,21.7898339568316,12.9383431777142,2.91729712092459,4.14313259942224
"NM_001044285",1806.92323145179,1584.77758494666,1312.83749589911,2062.0484439482,2062.52906449369,2133.12141261682
"NM_001105770",3173.07719443961,2721.03321188954,2636.56990877663,2970.96705218262,2861.86847562702,3203.23337543902
"NM_013222",867.692381897667,671.786221543425,771.723285971121,918.218042393404,991.881021114361,954.69612612401
"NM_001008277",1031.538549756,1122.30161047166,1243.83635503581,740.720146924137,732.727793538893,635.674915968498
"NM_053507",570.000048746606,312.968655140409,325.031689856072,557.157403090317,657.850500768496,704.33254190178
"NM_001115033",46.1538501009397,21.9277401690732,12.7107364748185,140.300158833338,139.057829430739,105.945819328083
"NM_001106988",1354.61550046258,1098.38043937812,1182.09849215812,1335.88393309899,1291.87640838277,1334.68057309959
"NM_001105771",1887.69246912843,1897.74624008706,1679.63303417244,1285.34353006104,1242.28235732706,1140.54521701238
"NM_001024991",2312.30789005708,1467.16516040344,1076.78096136676,3010.99505138867,2565.27660166636,2577.62035292626
"NM_053329",4040.76957633727,2278.49154665915,3094.15642187009,10584.7776890431,9413.63159303684,13334.9682092833
"NM_033349",4929.23119078036,2499.76237927435,2440.46140316514,6807.59012759918,6414.65015272636,7269.42208372913
"NM_001011891",1107.69240242255,1056.51838996444,1131.25554625884,927.113153328082,971.94615745471,989.616815176283
"NM_001013182",1936.15401173442,2334.30761254407,2257.06363402848,1950.85955726472,1665.77665604794,1631.80236808673
"NM_031568",962.307774604593,964.820567439222,1078.59678086317,739.507177251227,760.928332374498,759.968893951165
"NM_001009620",357.692338282283,279.080329424568,274.188743956798,339.227185190694,441.970513820076,406.026994743379
"NM_013050",214.61540296937,257.152589255495,268.74128546759,307.285650470712,292.702144466101,443.315188138179
"NM_001100493",463.846193514444,514.30517851099,473.928888561088,405.131870752176,435.163487204585,467.582107649081
"NM_001109028",611.538513837451,709.661409108188,597.404614316467,490.039747855925,493.023213436256,449.233948994497
"NM_001312663",11.5384625252349,1.9934309244612,9.07909748201318,7.27781803746423,13.1278370441607,10.0618934557397
"NM_001108268",456.923115999303,617.963586582973,564.71986338122,378.44653794814,445.374027127821,397.148853458903
"NM_001127447",387.692340847894,378.751875647628,334.110787338085,417.261567481283,491.078348688973,529.729096640415
"NM_001013183",803.076991756351,833.254126424782,613.746989784091,591.524877156121,640.346718042948,609.040492115069
"NM_031658",30.0000025656108,157.481043032435,76.2644188489108,119.679674393856,153.644315035362,13.0212738838985
"NM_001105774",150.000012828054,139.540164712284,152.528837697822,125.74452275841,89.9499945618416,145.009640979778
"NM_001105773",69.2307751514096,61.7963586582973,130.73900374099,97.8462202814636,49.1078348688973,85.2301563309717
"NM_001009962",25.3846175555169,9.96715462230601,7.26327798561055,21.4291308880891,30.6316197697082,37.2881933948001
"NM_001025625",606.923128827357,619.957017507434,682.748130647391,479.527344024032,500.316456238568,488.889646731824
"NM_001014116",1239.23087521023,1172.13738358319,1029.5696544603,826.436670476494,785.725357902357,929.837330527476
"NM_181823",768.461604180646,793.385507935558,677.300672158183,703.926733512513,735.158874472997,763.520150464955
"NM_182675",103.846162727114,127.579579165517,112.580808776963,114.42347247791,128.847289507503,120.150845383245
"NM_001109475",346.153875757048,273.100036651185,241.503993021551,184.371390282427,206.641879398825,210.116010399271
"NM_001037188",228.461557999652,227.251125388577,159.792115683432,146.769330422195,188.651880486457,213.075390827429
"NM_001191084",514.615428625478,669.792790618964,530.21929294957,488.422454958711,577.624829943069,575.303555234059
"NM_001129776",41.5384650908458,33.8883257158404,36.3163899280527,44.4755546733925,40.3559435061235,53.8607237924891
"NM_001009504",16.1538475353289,1.9934309244612,14.5265559712211,31.9415347199819,29.6591873960667,24.8587955965334
"NM_001007607",514.615428625478,444.535096154848,408.559386690593,463.758738276193,443.429162380538,506.054053215145
"NM_001106990",445.384653474068,482.410283719611,417.638484172606,588.290291361692,533.8653731292,528.545344469151
"NM_171996",4943.07734581065,2657.24342230678,2062.7709479134,4481.92294140506,4587.93593884074,3376.65306852912
"NM_001106991",396.923110868082,314.96208606487,305.057675395643,432.221526780515,352.992951631876,352.16627095089
"NM_024405",819.23083929168,791.392077011097,953.305235611384,1138.97852286315,1018.6229113895,899.059774074625
"NM_019338",9.23077002018795,7.97372369784481,9.07909748201318,6.46917158885709,10.6967561100568,4.73500868505398
"NM_013096",2406.92328276401,2487.80179372758,2551.2263924457,16878.8773217768,8775.22973974117,20867.1832750329
"NM_001009701",1163.07702254368,1040.57094256875,1120.36062928043,1014.44696977765,916.031295970322,947.001737010797
"NM_001024269",429.230805938739,540.219780528986,584.693877841649,505.808353603764,585.890505119022,527.361592297888
"NM_001007722",731.538524099895,841.227850122627,871.593358273266,6404.88419619283,3629.60383461701,7207.2750947378
"NM_012601",115.384625252349,185.389075974892,148.897198705016,124.935876309803,102.591615419181,162.174047463099
"NM_001030034",316.153873191437,297.021207744719,366.795538273333,269.279267386177,254.29106570726,261.609229849233
"NM_001034936",364.615415797424,526.265764057757,352.268982302112,272.109529956302,436.135919578226,284.692397188871
"NM_001277157",703.846214039331,528.259194982219,533.850931942375,661.472794960638,444.887810941,745.171991810371
"NM_080897",440.769268463974,576.101537169287,499.350361510725,280.195994442373,309.719711004828,315.469953641722
"NM_053578",2148.46172219874,2322.3470269973,1944.74268064722,1310.41156996787,1522.82909712264,1347.70184698349
"NM_053769",616.153898847545,944.88625819461,1476.26125057534,4523.97255673263,5206.40292847676,610.816120371964
"NM_012992",3401.53875243926,5687.25842748781,6981.82596366814,2129.57042240689,2019.25582386664,1941.35356087213
"NM_031029",9.23077002018795,3.9868618489224,1.81581949640264,14.959959299232,8.26567517595301,3.55125651379049
"NM_130421",168.46155286843,117.612424543211,174.318671654653,232.081530750248,188.651880486457,208.932258228007
"NM_001034138",64.6153901413156,87.7109606762929,96.2384333093398,128.574785328535,75.3635089572186,105.945819328083
"NM_001108272",3703.84647060041,3171.54860081777,1901.16301273356,4524.37687995693,4357.4694662877,3699.22553519843
"NM_001105777",1539.23090086634,2007.38494093243,2062.7709479134,1218.22587482665,1219.9164127333,1090.82762581931
"NM_001044282",1070.7693223418,1373.47390695377,1267.44200848904,835.736104635476,795.449681638772,915.040428386683
"NM_012923",2367.69251017821,3831.37423681443,3796.87856697791,1236.42041992031,1073.56534050025,1089.64387364805
"NM_012964",83.0769301816915,63.7897895827585,207.003422589901,401.08863850914,152.67188266172,261.609229849233
"NM_001009621",766.153911675599,757.503751295257,847.987704820031,625.083704773317,592.211315547692,601.346103001856
"NM_022391",43.8461575958927,43.8554803381464,87.1593358273266,174.667632899142,80.2256708254263,122.518349725772
"NM_001100550",662.307748948485,693.713961712498,595.588794820065,670.367905895317,597.0734774159,825.667139456289
"NM_001037773",43.8461575958927,11.9605855467672,27.2372924460396,57.4138978511067,59.3183747921334,65.698245505124
"NM_001127296",216.923095474417,231.237987237499,288.715299928019,308.094296919319,309.719711004828,284.692397188871
"NM_016991",950.769312079358,625.937310280817,468.48143007188,1657.32089642033,1596.24774133257,1637.12925285742
"NM_001005529",833.076994321962,1112.33445584935,844.356065827226,735.868268232495,801.284275880621,696.046276702936
"NM_001105778",260.769253070309,175.421921352586,203.371783597095,270.492237059087,247.97025527859,285.284273274503
"NM_001002022",1036.1539347661,1590.75787772004,1305.5742179135,1294.64296422003,1476.15234318784,1303.90301664674
"NM_001013966",249.230790545075,277.086898500107,299.610216906435,136.256926590303,126.416208573399,113.640208441296
"NM_001173384",53.0769276160807,31.8948947913792,56.2904043884817,90.1640790196958,68.5564823417279,89.373288930394
"NM_001286183",272.307715595544,267.119743877801,295.97857791363,209.439430189248,301.940252015695,230.23979731075
"NM_001013855",9530.77004584405,7975.71712876927,8610.6160519413,7560.84429447673,7201.34794300236,8786.99236728893
"NM_130734",8787.69305921892,10028.9509809643,10092.3247610059,5112.66717131862,4805.27457434962,5975.58096053813
"NM_172019",330.000028221719,261.139451104417,920.620484676137,431.817203556211,360.286194434187,1460.15830325352
"NM_001012007",570.000048746606,482.410283719611,1127.62390726604,1159.19468407833,777.459682726404,1849.61276759921
"NM_030861",2120.76941213818,1806.04841756185,1843.05678884868,3544.29738424508,3438.03465700963,3593.27971587034
"NM_053652",669.230826463626,609.989862885128,557.45658539561,499.339182014907,752.662657198545,692.495020189145
"NM_001013856",696.92313652419,739.562872975106,746.301813021484,974.014647347296,936.452375816794,985.473682576861
"NM_001270544",27.6923100605638,1.9934309244612,3.63163899280527,8.08646448607137,3.40351330774536,7.10251302758098
"NM_001002819",25.3846175555169,19.934309244612,45.3954874100659,59.8398371969281,35.4937816379159,46.7582107649081
"NM_175843",25456.1560231733,30062.9317717994,44431.2872574761,10655.9385765205,13556.1935047498,10465.5529461406
"NM_181550",327.692335716672,414.63363228793,493.902903021517,141.513128506249,141.975126551663,137.315251866566
"NM_001109030",80.7692376766445,173.428490428125,110.764989280561,66.3090087857852,86.5464812540962,92.3326693585527
"NM_001108274",2083.84633205743,2398.09740212683,2142.66700575511,1810.96372165568,1810.18286353371,1721.17565701712
"NM_172008",28440.0024321991,30987.8837207494,28486.5762595646,26680.8852485682,23641.2896517861,21930.1927248275
"NM_001106997",546.923123696136,564.14095162252,473.928888561088,676.43275425987,784.266709341895,759.968893951165
"NM_080896",2656.15407330908,2834.65877458383,3112.31461683412,2978.24487022008,3190.55061791786,2884.21216528351
"NM_001100727",759.230834160458,857.175297518317,922.43630417254,831.288549168137,782.808060781432,671.779357192034
"NM_001134600",39.2307725857988,23.9211710935344,43.5796679136633,25.0680399068212,32.0902683301705,50.3094672786986
"NM_023988",16.1538475353289,11.9605855467672,23.6056534532343,18.1945450936606,16.0451341650853,29.5938042815874
"NM_001127558",90.0000076968325,69.7700823561421,88.9751553237292,103.10242219741,109.884858221493,84.63828024534
"NM_052798",498.461581090149,875.116175838468,397.664469712177,191.649208319891,1444.06207485767,208.932258228007
"NM_001017472",235.384635514793,217.283970766271,118.028267266171,174.263309674838,190.110529046919,197.094736515372
"NM_001013041",927.692387028889,1028.61035702198,813.487134388381,977.249233141725,1024.94372181817,1032.23189334177
"NM_001017473",228.461557999652,263.132882028879,257.846368489174,209.843753413552,227.549175432118,230.831673396382
"NM_001105779",1082.30778486704,1501.05348611929,1572.49968388468,609.315099025478,450.722405182849,582.40606826164
"NM_031330",6182.30822102088,6143.75410918942,6509.71289460345,4741.09412818364,4728.45241683194,3781.49631110124
"NM_001271111",6.92307751514096,11.9605855467672,14.5265559712211,8.89511093467851,6.32081042866995,6.51063694194923
"NM_001128196",826.153916806821,550.186935151292,403.111928201385,792.877842859298,913.113998849397,1101.48139536068
"NM_001033893",18.4615400403759,15.9474473956896,16.3423754676237,10.5124038318928,6.80702661549071,13.0212738838985
"NM_001009622",4176.92343413505,4158.29690842607,2669.25465971188,3559.25734354431,4465.89567594873,3411.5737575814
"NM_031138",2584.61560565262,2752.92810668092,2449.54050064716,2066.49599941554,2657.6576771623,1965.62048038304
"NM_021772",25.3846175555169,81.7306679029093,101.685891798548,31.5372114956783,38.4110787588405,40.8394499085906
"NM_001008278",676.153903978767,729.5957183528,755.380910503497,578.99085720271,391.890246577537,434.437046853703
"NM_017039",1211.53856514967,942.892827270148,1345.52224683435,994.230808562475,738.076171593922,560.506653093266
"NM_001007608",10853.077851236,9145.86108142799,8383.63861489098,11557.1750434932,8258.3819331507,6875.23261069839
"NM_031353",3000.00025656108,4186.20494136852,3653.42882676211,3209.11343129742,3817.28328272983,3143.45389079021
"NM_001106999",4613.07731758893,3789.51218740075,3364.71352683409,3715.73043134979,3241.60331753404,3361.2642903027
"NM_153629",5049.23120104281,5362.32918680063,6934.61465676167,4280.16565247758,4338.50703500169,3550.66463770486
"NM_001271026",110.769240242255,103.658408071982,119.844086762574,65.9046855614817,71.9599956494733,82.8626519884447
"NM_001126081",286.153870625826,255.159158331034,116.212447769769,451.629041547086,904.848323673444,732.742594012104
"NM_001025134",4435.38499470031,3436.67491377111,3577.16440791319,3314.64179284065,4021.49408119455,4385.80179453125
"NM_001107001",2268.46173246119,2607.40764919525,2518.54164151046,2320.41098427818,2361.55201938846,1998.17366509278
"NM_001107002",145.38462781796,113.625562694289,172.502852158251,236.933409441891,245.052958157666,268.119866791182
"NM_022246",445.384653474068,504.338023888684,610.115350791286,606.080513231049,530.461859821455,562.874157435792
"NM_012591",821.538531796727,410.646770439008,1389.10191474802,762.55360103653,501.77510479903,1025.12938031419
"NM_001108275",759.230834160458,895.05048508308,1105.83407330921,916.196426271886,882.96859526651,569.384794377742
"NM_001271163",678.461596483814,877.109606762929,768.091646978315,618.210209960156,657.850500768496,580.630440004745
"NM_001126089",784.615451715975,797.372369784481,1143.96628273366,581.012473324228,541.158615931512,439.172055538757
"NM_001109607",1386.92319553324,2318.36016514838,2115.42971330907,2012.72101058316,1874.84961638087,1867.9609262538
"NM_022525",258.461560565262,328.916102536098,775.354924963926,245.82852037657,350.075654510951,432.069542511176
"NM_001108826",1486.15397325026,1491.08633149698,1723.2127020861,1165.25953244288,1174.21209117215,1381.4387838645
"NM_001134729",182.307707898712,255.159158331034,183.397769136666,133.022340795874,176.010259629117,143.825888808515
"NR_038098",306.923103171249,504.338023888684,624.641906762507,535.323948977925,436.622135765047,494.808407588141
"NM_001109031",9.23077002018795,13.9540164712284,14.5265559712211,12.5340199534106,13.6140532309814,17.1644064833207
"NM_024156",4640.76962764949,4413.4560667571,4023.85600402824,4760.09731972591,4532.50729354317,4797.74755013095
"NM_172335",8785.38536671388,6478.65050449891,4848.23805539504,13150.6128704736,10300.0037016111,13766.4458757088
"NM_012656",6909.23136011068,4760.31304761335,5587.27659043091,8436.60839831826,8576.8535355183,10477.3904678532
"NM_053359",2076.92325454229,1387.427923425,1260.17873050343,1931.04771927384,2632.86065163444,1904.65724356297
"NM_001007609",429.230805938739,430.58107968362,410.375206186996,433.030173229122,449.263756622387,439.763931624389
"NM_001008382",627.69236137278,639.891326752046,581.062238848844,667.941966549495,667.574824504911,675.922489791456
"NM_001105781",740.769294120083,731.589149277261,722.696159568249,585.864352015871,608.256449712777,626.796774684021
"NM_001008765",1096.15393989732,793.385507935558,1668.73811719402,1693.70998660765,1302.57316449283,2492.98207268092
"NM_001127581",611.538513837451,839.234419198166,789.881480935147,457.693889911639,424.952947281349,481.195257618611
"NM_001126272",260.769253070309,169.441628579202,281.452021942409,312.137529162355,338.406466027253,285.876149360134
"NM_001007669",293.076948140967,354.830704554094,295.97857791363,404.727547527872,414.256191171292,400.700109972693
"NM_031537",27.6923100605638,29.901463866918,43.5796679136633,26.281009579732,35.0075654510951,41.4313259942224
"NM_001107004",36.9230800807518,49.83577311153,29.0531119424422,39.6236759817497,24.3108093410383,47.3500868505399
"NM_021840",122.30770276749,63.7897895827585,94.4226138129371,90.1640790196958,72.9324280231148,84.0464041597082
"NM_022798",6.92307751514096,9.96715462230601,9.07909748201318,4.04323224303568,3.88972949456612,9.47001737010797
"NM_001164264",2319.23096757222,2132.97108917349,2220.74724410042,1931.85636572245,1744.54367831291,1682.70371145106
"NM_001108276",369.230800807518,426.594217834697,325.031689856072,498.934858790603,475.519430710708,562.874157435792
"NM_001108827",851.538534362338,791.392077011097,584.693877841649,605.676190006746,532.406724568738,603.121731258751
"NM_001105782",805.384684261398,813.31981718017,793.513119927952,403.110254630658,410.852677863547,449.825825080129
"NM_001100551",163.846167858336,205.323385219504,212.450881079109,217.930217899623,220.742148816627,226.68854079696
"NM_001013115",1010.76931721058,1102.36730122704,1276.52110597105,682.497602624424,614.577260141447,639.81804856792
"NM_022518",7280.76985342324,9301.34869353597,8672.35391481899,6173.20698866688,6213.84286756938,6502.94255283602
"NM_001105783",18.4615400403759,15.9474473956896,47.2113069064686,15.3642825235356,18.4762150991891,9.47001737010797
"NM_001271396",754.615449150364,835.247557349244,778.986563956731,675.624107811263,633.539691427457,734.518222268999
"NM_001105784",41.5384650908458,55.8160658849137,61.7378628776897,63.8830694399638,73.4186442099356,76.3520150464955
"NM_001109677",43.8461575958927,45.8489112626076,70.8169603597028,55.3922817295889,43.2732406270481,61.5551129057018
"NM_001191642",115.384625252349,71.7635132806033,132.554823237392,172.646016777624,144.406207485767,206.56475388548
"NM_199390",1029.23085725096,1014.65634055075,971.463430575411,838.566367205601,1010.35723621355,1154.75024306754
"NM_001105785",50.7692351110337,73.7569442050645,74.4485993525081,27.0896560283391,34.5213492642743,55.6363520493843
"NM_001004200",1068.46162983675,1158.18336711196,1178.46685316531,955.011455805029,902.417242739341,862.955332851089
"NM_013003",837.692379332056,833.254126424782,690.011408633002,1421.19613342704,1418.77883314299,1499.22212490522
"NM_001270954",300.000025656108,215.29053984181,130.73900374099,631.552876362174,962.221833718295,511.972814071462
"NM_001127302",263.076945575356,342.870119007327,406.743567194191,153.642825235356,137.112964683456,175.195321346997
"NM_001271207",450.000038484162,592.048984564977,584.693877841649,506.617000052371,581.028343250815,577.079183490954
"NM_001276708",205.384632949182,13.9540164712284,18.1581949640264,5.66052514024996,13.1278370441607,5.32688477068573
"NM_001276707",23.0769250504699,39.868618489224,39.948028920858,21.8334541123927,33.062700703812,20.1237869114794
"NM_001107006",560.769278726418,484.403714644072,524.771834460362,495.700272996175,452.181053743312,569.976670463373
"NM_001304613",373.846185817612,356.824135478555,441.244137625841,412.814012013943,368.065653423319,416.088888199119
"NM_001191643",969.230852119734,924.951948949998,777.170744460329,1015.65993945056,980.698048817484,851.117811138454
"NM_001008279",1901.53862415872,1967.51632244321,2311.53821892056,1493.56999057738,1459.13477664912,1466.66894019547
"NM_001047842",3373.84644237869,3221.3843739293,2681.96539618669,3976.9232342499,3331.55331209588,4001.67421495625
"NM_001191919",466.153886019491,613.97672473405,577.430599856038,491.657040753139,503.233753359492,456.336462022078
"NM_001166165",39.2307725857988,23.9211710935344,34.5005704316501,12.9383431777142,14.586485604623,26.0425477677969
"NM_001008507",747.692371635224,769.464336842024,857.066802302045,587.077321688781,560.121047217522,647.512437681132
"NM_001100674",1410.00012058371,1353.53959770916,1365.49626129478,1089.24676627381,1229.64073646972,1414.58384465988
"NR_132629",32.3076950706578,25.9146020179956,36.3163899280527,14.959959299232,4.37594568138689,18.3481586545842
"NM_031731",10105.3854796008,9694.05458565483,6215.55013618623,17734.4252644031,17068.1330221561,16233.9772767076
"NM_001191920",2.30769250504699,1.9934309244612,5.44745848920791,19.4075147665713,7.29324280231148,7.10251302758098
"NM_001105786",216.923095474417,197.349661521659,263.293826978382,115.232118926517,113.288371529238,113.640208441296
"NM_001034124",163.846167858336,87.7109606762929,128.923184244587,341.653124536515,241.64944484992,580.038563919113
"NM_001191547",240.000020524887,271.106605726723,315.952592374059,255.127954535552,229.494040179401,275.814255904395
"NM_001025749",64.6153901413156,53.8226349604525,49.0271264028712,61.0528068698388,64.6667528471618,88.1895367591305
"NM_057131",424.615420928646,502.344592964223,481.192166546699,468.610616967836,552.341588228389,443.315188138179
"NM_001114606",325.384643211625,344.863549931788,272.372924460395,320.62831687273,351.534303071413,349.206890522731
"NM_001163492",62.3076976362686,75.7503751295257,99.870072302145,48.5187869164282,44.7318891875104,41.4313259942224
"NM_017161",9.23077002018795,11.9605855467672,21.7898339568316,118.871027945249,133.70945137571,102.986438899924
"NM_001109644",715.384676564566,659.825635996658,677.300672158183,655.812269820388,856.226704991368,684.208754990301
"NM_138895",12466.1549122638,15191.9370753188,14700.8746428757,10566.1788207252,8063.89545842239,9039.13157976806
"NM_138901",230.769250504699,219.277401690732,181.581949640264,123.722906636892,154.130531222183,235.566682081436
"NM_001013967",180.000015393665,139.540164712284,196.108505611485,184.371390282427,172.120530134551,160.398419206204
"NM_001107008",76.1538526665505,83.7240988273705,96.2384333093398,138.27854271182,94.3259402432285,121.334597554508
"NM_017037",413.076958403411,342.870119007327,450.323235107854,160.92064327282,147.809720793513,147.969021407937
"NM_001191646",493.846196080055,432.574510608081,384.953733237359,629.531260240656,780.863196034149,622.061765998967
"NM_172326",1853.07708155273,1971.50318429213,1875.74153978392,1430.89989081033,1345.36018893306,1492.71148796327
"NM_001012008",320.769258201531,306.988362367025,286.899480431617,370.360073462069,379.248625720197,390.046340431322
"NM_001173374",456.923115999303,416.627063212391,355.900621294917,416.048597808372,466.767539347935,456.92833810771
"NM_001126303",39.2307725857988,89.7043916007541,163.423754676237,16.9815754207499,17.9899989123683,7.10251302758098
"NM_001191923",30.0000025656108,15.9474473956896,52.6587653956765,41.6452921032676,41.3283758797651,48.5338390218033
"NM_001081444",30.0000025656108,17.9408783201508,21.7898339568316,29.9199185984641,27.7143226487836,32.5531847097461
"NM_001304534",987.69239216011,2537.63756683911,2850.83660935214,1478.20570805385,1677.93206071846,1750.17758521308
"NM_133320",1255.38472274556,1381.44763065161,1441.76068014369,1591.82053408315,1925.90231599705,1500.99775316211
"NM_053749",103.846162727114,61.7963586582973,185.213588633069,359.039023181569,150.240801727616,251.547336393493
"NM_001017474",216.923095474417,213.297108917349,248.767271007161,284.239226685409,306.802413883903,273.446751561868
"NM_001109033",85.3846226867385,103.658408071982,103.50171129495,90.1640790196958,81.6843193858886,77.535767217759
"NM_001105791",876.923151917855,980.768014834911,978.726708561021,970.780061552868,966.111563212861,1026.31313248545
"NM_001107010",634.615438887921,635.904464903123,737.222715539471,608.506452576871,620.411854383297,689.535639760987
"NM_001105790",364.615415797424,336.889826233943,401.296108704983,166.176845188767,150.240801727616,165.725303976889
"NM_012663",708.461599049425,988.741738532756,731.775257050263,790.85622673778,921.865890212171,850.525935052822
"NM_001105793",27.6923100605638,119.605855467672,94.4226138129371,12.9383431777142,10.6967561100568,17.7562825689524
"NM_001034125",403.846188383223,1383.44106157607,631.905184748118,130.596401450053,1415.37531983525,148.560897493569
"NM_001108829",1001.53854719039,1062.49868273782,1058.62276640274,980.07949571185,1253.95154581075,999.086832546391
"NM_001039378",743.07698662513,566.134382546981,599.22043381287,675.219784586959,716.196443186987,736.885726611526
"NM_001105794",634.615438887921,514.30517851099,473.928888561088,432.221526780515,445.860243314642,435.620799024967
"NM_001191890",106.153855232161,117.612424543211,101.685891798548,72.3738571503388,66.1254014076241,83.4545280740765
"NM_001128155",108.461547737208,95.6846843741377,58.1062238848844,114.019149253606,88.9775621882001,134.947747524039
"NM_030989",2220.0001898552,2170.84627673825,2894.4162772658,1495.1872834746,1414.88910364843,1400.37881860472
"NM_199372",7553.07756901879,10644.9211366228,9527.60489762463,6923.22656975,7018.53065675775,5488.4669420632
"NM_012650",16.1538475353289,23.9211710935344,18.1581949640264,14.1513128506249,24.3108093410383,17.1644064833207
"NM_001100647",1260.00010775565,1263.8352061084,1470.81379208614,1373.48599295922,1388.14721337329,1227.55100160025
"NM_001031638",516.923121130525,432.574510608081,657.326657697755,777.513560335762,654.933203647571,884.854748019463
"NM_001107011",1206.92318013957,1080.43956105797,987.805806043034,832.097195616744,974.377238388814,949.961117438956
"NM_012507",4.61538501009397,1.9934309244612,7.26327798561055,25.8766863554284,46.6767539347935,34.3288129666414
"NM_001108278",133.846165292725,107.645269920905,116.212447769769,206.20484439482,298.050522521129,273.446751561868
"NM_001007610",323.076950706578,316.955516989331,295.97857791363,346.505003228158,330.62700703812,374.065686119265
"NM_001127658",2.30769250504699,9.96715462230601,10.8949169784158,4.85187869164282,5.83459424184918,5.91876085631748
"NM_012528",78.4615451715975,97.6781152985989,132.554823237392,69.5435945802138,49.5940510557181,62.1469889913336
"NM_001304352",1031.538549756,821.293540878015,951.489416114982,927.92179977669,995.284534422107,967.125523922276
"NM_001001513",286.153870625826,231.237987237499,245.135632014356,233.294500423159,282.005388356044,261.609229849233
"NM_001009623",156.923090343195,67.7766514316809,128.923184244587,215.099955329498,288.812414971535,189.400347402159
"NM_001017476",6.92307751514096,13.9540164712284,3.63163899280527,15.7686057478392,17.9899989123683,17.7562825689524
"NM_053992",27.6923100605638,21.9277401690732,34.5005704316501,46.0928475706068,47.649186308435,63.3307411625971
"NM_001105796",55.3846201211277,39.868618489224,79.896057841716,66.7133320100888,73.9048603967563,61.5551129057018
"NM_001108831",60.0000051312216,63.7897895827585,85.3435163309239,76.0127661690709,70.501347089011,47.9419629361716
"NM_001107012",9.23077002018795,7.97372369784481,18.1581949640264,13.7469896263213,18.4762150991891,20.7156629971112
"NM_001170549",355.384645777236,299.01463866918,312.320953381254,450.416071874175,499.344023864926,510.197185814567
"NM_001012139",445.384653474068,416.627063212391,553.824946402804,433.030173229122,459.474296545623,438.580179453125
"NM_001100494",985.384699655063,910.997932478769,958.752694100592,671.985198792531,735.158874472997,775.949548263222
"NM_001172056",235.384635514793,251.172296482111,265.109646474785,360.656316078783,380.221058093839,426.150781654859
"NM_031702",4.61538501009397,7.97372369784481,9.07909748201318,7.27781803746423,33.5489168906328,10.6537695413715
"NM_172036",6099.23129083919,6628.1578238335,5874.17607086253,4876.94673154964,5377.55102623766,5093.09371686119
"NM_001033681",9858.46238156073,11886.8286025621,12683.4991823724,7831.33653153582,7408.476038588,8284.48957058758
"NR_031771",2.30769250504699,9.96715462230601,5.44745848920791,5.66052514024996,5.83459424184918,10.6537695413715
"NM_012891",8321.53917319943,8101.30327701032,6482.47560215741,10128.7010920287,10139.5523599602,10152.4504968414
"NM_001017477",422.307728423599,396.692753967779,472.113069064686,363.486578648908,327.223493730375,375.84131437616
"NM_001004272",678.461596483814,560.154089773598,670.037394172573,646.512835661406,725.920766923403,658.166207222504
"NM_001001718",650.76928642325,645.871619525429,739.038535035873,466.993324070622,457.043215611519,512.564690157094
"NM_017189",7063.84675794883,4718.45099819967,4034.75092100666,7921.90493377982,8059.51951274101,8244.83387285025
"NM_022393",57.6923126261747,33.8883257158404,41.7638484172606,30.7285650470712,45.7043215611519,46.7582107649081
"NM_012503",9154.6161675214,7152.43015696679,6676.7682882725,12480.6492878026,11453.7947129368,12039.943333921
"NM_001137561",1287.69241781622,1138.24905786735,1071.33350287756,1352.46118529544,1416.83396839571,1422.27823377309
"NM_001127521",503.076966100243,470.449698172844,533.850931942375,362.273608975997,413.283758797651,424.967029483595
"NM_001108279",263.076945575356,271.106605726723,176.134491151056,528.04613094046,953.469942355521,692.495020189145
"NM_001005530",540.000046180995,287.054053122413,332.294967841683,485.187869164282,500.316456238568,419.640144712909
"NM_001105797",221.538480484511,107.645269920905,128.923184244587,304.051064676283,441.484297633255,323.164342754934
"NM_001105798",27.6923100605638,45.8489112626076,30.8689314388448,29.5155953741605,14.586485604623,34.3288129666414
"NM_031010",53.0769276160807,29.901463866918,63.5536823740923,541.388797342478,176.010259629117,491.257151074351
"NM_001024270",784.615451715975,998.708893155062,942.410318632968,814.71129697169,706.958335637393,737.477602697158
"NM_001115030",4883.07734067942,3384.84570973512,3101.4196998557,5102.15476748673,4862.16186820765,4720.80365899882
"NM_001105800",39.2307725857988,89.7043916007541,205.187603093498,13.3426664020178,20.9072960332929,17.1644064833207
"NM_001017478",302.307718161155,512.311747586529,1316.46913489191,157.281734254088,173.092962508192,232.607301653277
"NM_001105799",270.000023090497,163.461335805819,237.872354028745,163.750905842945,164.341071145419,176.970949603893
"NM_022398",1802.3078464417,1712.35716411217,1479.89288956815,1711.90453170131,1687.65638445488,1860.26653714058
"NM_001271136",3692.30800807518,2812.73103441476,2957.9699596399,4049.70141462454,4066.71218656888,4130.11132553834
"NM_017194",55.3846201211277,47.8423421870688,39.948028920858,92.5900183655172,133.22323518889,95.8839258723432
"NM_022511",6260.76976619247,6099.89862885128,7139.80225985517,4842.57925748384,4188.75244946089,4782.35877190452
"NM_001145538",16.1538475353289,19.934309244612,14.5265559712211,34.7717972901069,27.2281064619629,22.4912912540064
"NM_001008361",1204.61548763453,1375.46733787823,1122.17644877683,1233.99448057449,1356.05694504311,1445.36140111273
"NM_001105801",1285.38472531117,1108.34759400043,1227.49397956818,1436.96473917488,1384.74370006554,1545.98033567013
"NM_145877",5753.07741508214,4337.70569162758,5351.22005589857,5054.84895024321,4351.14865585903,4292.28537300144
"NM_001109034",66.9230826463626,81.7306679029093,76.2644188489108,132.61801757157,109.398642034672,113.048332355664
"NM_001107016",699.230829029237,576.101537169287,617.378628776897,643.682573091281,577.624829943069,584.773572604167
"NM_053616",600.000051312216,570.121244395904,671.853213668976,697.861885147959,712.306713692421,776.541424348854
"NM_001105802",475.384656039679,637.897895827585,720.880340071847,522.789929024514,683.619958669996,449.825825080129
"NM_019259",3743.07724318621,4622.76631382553,4595.83914539507,2140.89147268739,2236.59445937552,2594.19288332395
"NM_001033060",249.230790545075,245.192003708728,263.293826978382,158.494703926999,161.423774024494,139.682756209093
"NM_001047972",193.846170423947,233.231418161961,212.450881079109,213.078339207981,329.654574664479,226.68854079696
"NM_001145755",177.692322888618,127.579579165517,190.661047122277,216.717248226713,183.789718618249,204.789125628585
"NM_001024234",50.7692351110337,35.8817566403016,65.3695018704949,30.3242418227676,35.9799978247366,69.8413781045463
"NM_001113781",9.23077002018795,3.9868618489224,7.26327798561055,33.1545043928926,7.77945898913225,25.4506716821652
"NM_001135813",265.384638080403,229.244556313038,216.082520071914,170.624400656106,209.55917651975,180.522206117683
"NM_001105805",2141.5386446836,2057.22071404396,1890.26809575514,1758.80602572052,1871.44610307313,1838.36712197221
"NM_170668",214.61540296937,334.896395309482,248.767271007161,156.068764581177,74.8772927703979,20.7156629971112
"NM_001144991",313.84618068639,251.172296482111,265.109646474785,254.723631311248,288.812414971535,321.980590583671
"NM_031668",3696.92339308527,4840.0502845918,5423.85283575468,1754.35847025318,2025.09041810849,1447.13702936962
"NM_001190998",92.3077002018795,65.7832205072197,112.580808776963,104.719715094624,67.5840499680864,110.680828013137
"NM_001109035",4.61538501009397,7.97372369784481,5.44745848920791,6.46917158885709,11.6691884836984,8.28626519884447
"NM_001007671",136.153857797772,123.592717316595,96.2384333093398,75.6084429447673,86.5464812540962,57.4119803062796
"NM_012914",106.153855232161,67.7766514316809,78.0802383453134,204.991874721909,181.358637684145,172.82781700447
"NM_031662",39.2307725857988,37.8751875647628,58.1062238848844,67.5219784586959,73.4186442099356,63.3307411625971
"NM_001108281",330.000028221719,356.824135478555,388.585372230164,461.332798930372,420.090785413141,488.297770646192
"NM_031982",36.9230800807518,41.8620494136852,67.1853213668976,29.5155953741605,93.3535078695869,41.4313259942224
"NM_001025419",694.615444019143,853.188435669394,1111.28153179841,386.937325658515,564.010776712088,412.537631685328
"NM_001105806",1073.07701484685,1219.97972577026,978.726708561021,705.544026409727,958.818320410549,551.628511808789
"NM_001191647",426.923113433692,412.640201363469,437.612498633036,228.84694495582,220.742148816627,223.137284283169
"NM_001033682",1590.00013597737,1586.77101587112,1256.54709151062,1916.08775997461,2299.3163474754,1938.98605652961
"NM_024399",242.307713029934,111.632131769827,119.844086762574,135.852603365999,279.088091235119,211.299762570534
"NM_001107019",101.538470222067,55.8160658849137,96.2384333093398,85.3122003280529,83.1429679463509,149.744649664832
"NM_001305213",11831.5394733759,12343.3242842638,11713.8515712934,15462.5330670414,15176.2658392365,15734.4338604344
"NM_198757",2243.07711490567,2170.84627673825,2202.5890491364,2523.38124287857,2849.71307095651,2814.96266326459
"NM_001105807",484.615426059867,376.758444723167,697.274686618613,446.37283963114,519.765103711398,641.001800739183
"NM_001107020",473.076963534632,621.950448431895,599.22043381287,501.765121360728,665.629959757628,607.856739943805
"NM_001107021",64.6153901413156,121.599286392133,123.475725755379,97.8462202814636,199.834852783335,154.479658349886
"NM_001109036",106.153855232161,133.559871938901,101.685891798548,75.6084429447673,62.7218880998787,62.7388650769653
"NM_001105809",364.615415797424,478.423421870688,512.061097985544,203.374581824695,190.59674523374,181.114082203315
"NM_001134360",1596.92321349251,1558.86298292866,1510.76182100699,1432.92150693185,1331.25991951526,1653.7017832551
"NM_001105810",92.3077002018795,83.7240988273705,69.0011408633002,98.6548667300707,106.481344913748,68.065749847651
"NR_031824",62.3076976362686,47.8423421870688,14.5265559712211,74.7997964961602,46.6767539347935,73.3926346183368
"NM_177927",30281.5410512266,22892.5607365124,22425.3707805726,31100.1380902062,31854.9396957493,30697.6531812906
"NM_001011892",24581.5405637605,17966.7929221688,13956.3886493507,29404.406487477,31663.8567343287,39226.5875752441
"NM_001105812",445.384653474068,386.725599345473,352.268982302112,486.400838837193,681.188877735892,527.361592297888
"NM_001105811",223.846172989558,81.7306679029093,136.186462230198,571.308715940942,830.943463276688,775.949548263222
"NM_001107022",445.384653474068,269.113174802262,308.689314388448,664.707380755067,726.893199297044,797.257087345965
"NM_001191590",6210.00053108144,7437.49077916474,6600.50386942358,7221.21278606173,7342.35063718038,6684.05663503933
"NM_023092",1809.23092395684,2882.5011167709,3341.10787338085,938.434203608582,1170.32236167758,1121.60518227216
"NM_019302",856.153919372432,966.813998363683,938.778679640163,735.463945008191,679.244012988609,697.230028874199
"NM_001013859",362.307723292377,394.699323043318,339.558245827293,277.365731872248,279.57430742194,314.286201470458
"NM_031603",9618.46236103584,9610.33048682745,9618.39587244477,9347.1442994499,8963.88162022763,8908.91884092907
"NM_031142",6.92307751514096,17.9408783201508,10.8949169784158,5.66052514024996,8.75189136277378,20.7156629971112
"NM_133591",263.076945575356,318.948947913792,332.294967841683,221.569126918356,146.837288419871,152.112154007359
"NM_001007611",6.92307751514096,9.96715462230601,12.7107364748185,21.0248076637856,27.7143226487836,11.837521712635
"NM_021596",6.92307751514096,1.9934309244612,1.81581949640264,7.6821412617678,5.83459424184918,11.2456456270032
"NM_001108282",85.3846226867385,133.559871938901,154.344657194224,62.2657765427495,66.1254014076241,54.4525998781208
"NM_001014227",648.461593918203,552.180366075753,766.275827481913,559.987665660442,766.276710429526,612.591748628859
"NM_001012009",6053.07744073825,1823.989295882,1812.18785740983,3460.60247681424,4240.29136526389,6156.10316665581
"NM_001105754",1453.8462781796,105.651838996444,141.633920719406,4584.21671715386,6213.84286756938,6369.17855748324
"NM_001013117",717.692369069613,825.280402726938,670.037394172573,853.526326504833,852.823191683622,825.075263370657
"NM_001013229",863.076996887573,855.181866593856,766.275827481913,657.833885941906,680.216445362251,776.541424348854
"NM_001044224",87.6923151917855,39.868618489224,112.580808776963,258.766863554284,85.0878326936339,143.234012722883
"NM_017188",83.0769301816915,35.8817566403016,81.7118773381187,166.985491637374,119.122965771088,164.541551805626
"NM_012497",25.3846175555169,27.9080329424568,18.1581949640264,17.790221869357,18.9624312860098,13.6131499695302
"NM_001006602",1105.38470991751,978.77458391045,916.988845683332,867.677639355458,855.254272617726,889.589756704517
"NM_001191820",2672.30792084441,3057.92303812348,3025.15528100679,2752.63251105869,2871.10658317662,2367.50434252699
"NM_001108283",2628.46176324852,3396.80629528189,3589.87514438801,1348.0136298281,1405.16477991201,1603.39231597641
"NM_001012140",320.769258201531,225.257694464116,263.293826978382,356.208760611444,406.47673218216,440.355807710021
"NM_001109038",694.615444019143,723.615425579416,651.879199208547,1148.27795702213,1258.81370767896,1183.7521712635
"NM_001105803",1493.0770507654,1130.2753341695,1163.94029719409,1141.80878543328,1202.89884619457,1192.03843646234
"NM_001107017",1440.00012314932,1287.75637720194,1407.26010971204,1157.98171440542,1050.71317971967,1007.37309774524
"NM_001025758",25.3846175555169,21.9277401690732,19.974014460429,31.1328882713748,38.4110787588405,17.1644064833207
"NM_001105804",115.384625252349,151.500750259051,157.976296187029,81.6732913093208,75.8497251440394,73.3926346183368
"NM_001013858",175.384630383571,115.61899361875,174.318671654653,85.3122003280529,65.1529690339826,59.1876085631748
"NM_001105817",152.307705333101,318.948947913792,116.212447769769,183.967067058124,214.421338387958,162.765923548731
"NM_023951",9.23077002018795,13.9540164712284,5.44745848920791,73.1825035989459,68.5564823417279,58.0038563919113
"NM_001013969",2513.07713799617,1564.84327570204,1354.60134431637,1799.64267137518,1879.71177824908,1754.3207178125
"NM_019156",71116.159928033,37051.9005929604,28328.5999633775,150351.634189525,126839.216655933,138848.210928352
"NM_031746",103.846162727114,7.97372369784481,14.5265559712211,57.0095746268032,55.4286452975673,82.270775902813
"NM_001105815",1333.84626791716,1678.46883839633,1378.2069977696,1031.83286842271,1080.37236711574,1098.52201493252
"NM_001105816",5028.46196849738,4263.94874742251,3824.11585942395,4386.90698369372,4771.23944127217,5042.19237349686
"NM_182950",2993.07717904594,3498.47127242941,3168.6050212226,2342.64876161488,2803.03631702171,2501.26833787977
"NM_001008334",5556.92355215314,2836.65220550829,2629.30663079102,3805.49018714519,3162.83629526908,2514.8814878493
"NM_001025412",251.538483050122,185.389075974892,197.924325107887,221.569126918356,231.438904926684,195.319108258477
"NM_001173471",212.307710464323,273.100036651185,199.74014460429,135.852603365999,138.085397057097,176.379073518261
"NM_012976",16.1538475353289,27.9080329424568,29.0531119424422,90.1640790196958,42.3008082534066,108.905199756242
"NM_001025664",62.3076976362686,87.7109606762929,72.6327798561055,42.4539385518747,62.235671913058,50.9013433643303
"NM_001042561",433.846190948833,661.819066921119,711.801242589834,404.727547527872,809.063734869753,492.440903245614
"NM_001044287",18.4615400403759,5.98029277338361,38.1322094244554,20.620484439482,16.531350351906,27.2262999390604
"NM_001271482",57.6923126261747,65.7832205072197,70.8169603597028,92.1856951412136,66.6116175944449,90.5570411016575
"NM_001105818",341.538490746954,386.725599345473,250.583090503564,428.986940986086,336.94781746679,511.38093798583
"NM_031814",1313.07703537174,910.997932478769,1383.65445625881,1087.6294733766,969.028860333785,1135.21833224169
"NM_139115",323.076950706578,354.830704554094,557.45658539561,82.0776145336244,52.5113481766427,102.394562814292
"NM_001107025",325.384643211625,243.198572784267,130.73900374099,533.70665608071,377.303760972914,345.063757923309
"NM_001034163",1347.69242294744,1066.48554458674,1238.3888965466,1298.28187323876,1190.74344152405,1151.79086263938
"NM_053584",990.000084665157,1231.94031131702,1007.77982050346,806.624832485619,831.429679463509,784.827689547698
"NM_020101",641.538516403062,584.075260867132,501.166181007128,905.684022439993,1059.95128726927,959.431134809064
"NM_001025626",350.769260767142,332.902964385021,346.821523812904,249.871752619605,270.336199872346,226.096664711328
"NM_001012010",246.923098040028,235.224849086422,152.528837697822,273.726822853516,293.674576839742,330.858731868147
"NM_001107026",1375.384733008,1323.63813384224,1094.93915633079,1338.71419566912,1635.14503627823,1148.83148221122
"NM_001039020",1772.30784387609,2240.61635909439,1632.42172726597,2253.69765226809,1956.04771957994,2076.30130839617
"NM_001139506",309.230795676296,348.85041178071,250.583090503564,271.300883507694,261.098092322751,260.425477677969
"NM_001007672",2305.38481254194,2079.14845421303,2169.90429820115,1288.57811585547,1306.4628939874,1339.41558178465
"NM_031530",41.5384650908458,11.9605855467672,205.187603093498,21.0248076637856,20.4210798464721,14.205026055162
"NM_001134410",177.692322888618,109.638700845366,150.713018201419,147.173653646499,202.752149904259,203.605373457321
"NM_001037360",191.5384779189,231.237987237499,252.398909999967,304.859711124891,301.940252015695,276.998008075658
"NM_001014228",20.7692325454229,39.868618489224,14.5265559712211,12.5340199534106,14.1002694178022,11.837521712635
"NM_001012011",1336.15396042221,1415.33595636745,1260.17873050343,1436.15609272628,1656.05233231153,1523.48904441612
"NM_001107029",553.846201211277,550.186935151292,448.507415611451,916.60074949619,653.474555087109,979.554921720543
"NM_001107030",11.5384625252349,9.96715462230601,3.63163899280527,3.23458579442855,2.91729712092459,5.91876085631748
"NM_001127534",452.307730989209,470.449698172844,526.587653956765,183.158420609516,191.082961420561,197.094736515372
"NM_053687",1511.53859080578,1931.6345658029,3600.77006136643,2272.29652058605,1897.21556097463,4508.32014425703
"NM_001107031",256.153868060215,269.113174802262,457.586513093464,332.353690377533,302.426468202516,489.481522817456
"NM_001013970",276.923100605638,255.159158331034,457.586513093464,337.60989229348,384.597003775225,525.585964040992
"NM_053921",533.076968665854,532.246056831141,406.743567194191,384.10706308839,375.845112412452,351.574394865258
"NM_001079888",18.4615400403759,7.97372369784481,7.26327798561055,18.1945450936606,14.586485604623,22.4912912540064
"NM_001191648",117.692317757396,117.612424543211,99.870072302145,71.5652107017316,54.4562129239257,100.027058471765
"NM_031116",73.8461601615036,75.7503751295257,63.5536823740923,97.44189705716,103.077831606002,112.456456270032
"NM_001012357",17411.5399505795,15744.1174413946,21962.3368089899,13567.4701147305,13303.361087603,16953.6985968358
"NM_001004202",983.077007150016,653.845343223274,897.014831222903,1603.14158436365,1767.8820552803,1939.57793261524
"NM_013025",36.9230800807518,11.9605855467672,79.896057841716,21.0248076637856,21.3935122201137,38.4719455660636
"NM_053858",23.0769250504699,11.9605855467672,63.5536823740923,21.8334541123927,18.4762150991891,33.1450607953779
"NM_001079897",516.923121130525,693.713961712498,642.800101726533,446.37283963114,459.474296545623,382.943827403741
"NM_001003706",2005.38478688583,2567.53903070603,3568.08531043118,765.788186830959,345.213492642743,348.023138351468
"NM_053419",1183.8462550891,996.715462230601,755.380910503497,1533.19366655913,1847.13529373209,1590.96291817814
"NM_001287624",228.461557999652,129.573010089978,83.5276968345213,387.745972107122,480.867808765737,375.249438290528
"NM_053525",366.923108302471,558.160658849137,395.848650215775,433.030173229122,562.552128151626,445.682692480706
"NM_001012141",244.615405534981,287.054053122413,228.793256546732,299.603509208944,246.511606718128,258.649849421074
"NM_001014119",376.153878322659,219.277401690732,314.136772877656,346.505003228158,261.098092322751,331.450607953779
"NM_001108832",309.230795676296,368.784721025322,301.426036402838,209.843753413552,165.799719705881,170.460312661943
"NM_001163736",784.615451715975,819.300109953554,922.43630417254,508.234292949586,535.810237876483,432.661418596808
"NM_194461",210.000017959276,209.310247068426,168.871213165445,103.911068646017,93.3535078695869,139.090880123461
"NM_001100969",1193.07702510929,1206.02570929903,1278.33692546746,1361.35629623012,1477.12477556149,1306.27052098927
"NM_001105825",131.538472787678,173.428490428125,127.107364748185,236.933409441891,202.752149904259,192.359727830318
"NM_001107033",53.0769276160807,61.7963586582973,79.896057841716,84.5035538794458,95.29837261687,85.2301563309717
"NM_138839",3996.92341874138,5250.69705503081,5547.32856151006,2854.11764035889,3349.05709482143,2337.31866215977
"NM_001105826",87.6923151917855,95.6846843741377,94.4226138129371,103.911068646017,94.3259402432285,111.8645801844
"NM_019299",12576.9241525061,15108.2129764914,12934.082272876,11886.6984713006,12415.0441142814,10135.8779664437
"NM_001005873",913.846231998607,895.05048508308,951.489416114982,693.41432968062,759.955900000856,783.052061290803
"NM_001044238",316.153873191437,215.29053984181,187.029408129472,450.011748649872,375.845112412452,445.682692480706
"NM_001009624",78.4615451715975,65.7832205072197,87.1593358273266,123.318583412588,90.4362107486623,73.9845107039685
"NM_001129777",48.4615426059867,57.8094968093749,54.4745848920791,60.2441604212317,55.914861484388,60.9632368200701
"NM_001011893",433.846190948833,328.916102536098,323.215870359669,382.489770191176,479.895376392095,565.241661778319
"NM_001105828",710.769291554472,625.937310280817,719.064520575444,560.796312109049,628.191313372429,583.589820432904
"NM_080697",5610.00047976922,5268.63793335096,5011.66181007128,4886.65048893293,5596.83452649383,4769.33749802063
"NM_001304355",613.846206342498,532.246056831141,611.931170287689,720.099662484655,745.855630583054,668.819976763875
"NM_001109552",4073.07727140793,4989.55760392639,4499.60071208573,5027.35497099057,4873.34484050453,4504.76888774323
"NM_001108289",976.153929634875,1060.50525181336,1060.43858589914,849.483094261797,887.830757134717,886.038500190727
"NM_053665",1677.69245116916,1592.7513086445,1347.33806633076,2137.65688689297,2036.75960659219,1775.03638080961
"NM_017360",138.461550302819,179.408783201508,177.950310647458,179.519511590784,226.090526871656,137.315251866566
"NM_133383",5912.30819793038,4483.22614911324,4011.14526755342,3061.93977765092,2922.1592827928,4288.14224040201
"NM_001039341",94.6153927069264,93.6912534496765,85.3435163309239,59.031190748321,50.5664834293596,69.8413781045463
"NM_017225",110.769240242255,41.8620494136852,72.6327798561055,50.1360798136425,49.1078348688973,52.0850955355938
"NM_001017479",18.4615400403759,3.9868618489224,3.63163899280527,4.04323224303568,15.0727017914437,11.837521712635
"NM_001007673",25.3846175555169,15.9474473956896,30.8689314388448,21.0248076637856,48.6216186820765,26.6344238534287
"NM_001253859",690.000059009049,747.536596672951,539.298390431583,680.475986502906,512.471860909087,653.43119853745
"NM_001109575",290.76925563592,259.146020179956,263.293826978382,334.375306499051,370.982950544244,417.272640370382
"NR_144450",16.1538475353289,11.9605855467672,7.26327798561055,20.620484439482,21.3935122201137,21.3075390827429
"NM_001135039",630.000053877827,695.707392636959,628.273545755312,368.338457340551,448.777540435566,307.183688442877
"NM_031833",6113.07744586947,9131.90706495677,9091.808218488,3842.28360055681,4233.97055483522,4721.98741117009
"NM_138548",1024.61547224086,1194.06512375226,975.095069568216,760.127661690709,660.281581702599,944.042356582638
"NM_133317",1629.23090856317,1889.77251638922,1612.44771280554,2151.40387651929,3942.72705892959,1652.51803108384
"NM_001108291",943.846234564217,1212.00600207241,1020.49055697828,1347.20498337949,975.835886949276,1205.65158643187
"NM_080581",6286.15438374799,13252.3287858181,10954.8390217971,446.37283963114,155.589179782645,282.324892846344
"NM_001134699",1486.15397325026,1146.22278156519,1085.86005884878,1460.41548618449,1305.00424542693,1373.15251866566
"NM_019164",39.2307725857988,29.901463866918,54.4745848920791,38.410706308839,60.2908071657749,42.0232020798541
"NM_022296",1315.38472787678,930.932241723381,780.802383453134,1925.7915173579,1939.51636922803,1820.01896331763
"NM_001105831",1213.84625765471,1174.13081450765,1200.25668712214,1060.53981734826,1122.18695918233,1187.30342777729
"NM_001105830",20.7692325454229,13.9540164712284,36.3163899280527,38.8150295331426,17.5037827255476,27.8181760246922
"NM_001008280",6267.69284370761,10664.8554458674,10174.036638344,5358.9000149195,5824.38370192595,4749.21371110915
"NM_030872",5958.46204803132,4680.5758106349,3335.66041489164,5802.03826875621,7707.01277729595,8336.57466612317
"NM_053474",330.000028221719,271.106605726723,359.532260287722,394.619466920283,406.47673218216,468.765859820345
"NM_181081",849.230841857291,1054.52495903998,1033.2012934531,811.072387952958,970.487508894248,846.3828024534
"NM_001109039",339.230798241907,265.12631295334,297.794397410032,276.557085423641,204.210798464721,219.586027769379
"NM_199081",1765.38476636094,2493.78208650096,2582.09532388455,1508.93427310092,1401.76126660427,1342.96683829844
"NM_001080207",546.923123696136,492.377438341917,430.349220647425,644.491219539888,509.068347601341,529.729096640415
"NM_001013118",205.384632949182,131.566441014439,205.187603093498,230.464237853034,213.935122201137,315.469953641722
"NM_001135767",156.923090343195,115.61899361875,141.633920719406,135.043956917392,119.609181957908,171.644064833207
"NM_001037643",2850.00024373303,2850.60622197952,3272.10673251755,2610.71505932814,2641.1263268104,2459.83701188555
"NM_001007804",1795.38476892656,1754.21921352586,1648.76410273359,1504.08239440927,1548.59855502414,1656.06928759763
"NM_017311",2951.5387139551,3641.99829899062,3243.05362057511,3963.58056784788,4186.32136852679,5140.44380371173
"NM_001191925",32.3076950706578,15.9474473956896,14.5265559712211,23.450747009607,14.1002694178022,35.5125651379049
"NM_001100787",16.1538475353289,21.9277401690732,18.1581949640264,24.6637166825177,28.2005388356044,28.4100521103239
"NM_001107042",30.0000025656108,11.9605855467672,19.974014460429,31.1328882713748,28.6867550224252,42.6150781654859
"NM_001012012",27.6923100605638,3.9868618489224,9.07909748201318,4.85187869164282,9.23810754959454,9.47001737010797
"NM_001108294",348.461568262095,338.883257158404,299.610216906435,434.243142902033,371.469166731065,507.237805386408
"NM_001107045",235.384635514793,247.185434633189,261.47800748198,194.479470890016,200.807285156976,234.974805995804
"NM_001109620",1516.15397581587,1560.85641385312,1456.28723611491,1191.13621879831,1292.84884075642,1357.1718643536
"NM_001107044",115.384625252349,113.625562694289,167.055393669043,213.482662432284,253.318633333619,344.471881837677
"NM_001012142",542.307738686042,470.449698172844,415.822664676204,781.961115803101,825.59508522166,971.86053260733
"NM_001107043",36.9230800807518,7.97372369784481,23.6056534532343,33.5588276171962,19.4486474728306,34.3288129666414
"NM_001004201",23.0769250504699,37.8751875647628,25.4214729496369,29.9199185984641,22.3659445937552,28.4100521103239
"NM_017063",5762.30818510233,5276.6116570488,5990.3885186323,5011.99068846703,4269.46433647314,4113.53879514065
"NM_172021",177.692322888618,225.257694464116,121.659906258977,178.710865142177,284.436469290148,158.030914863677
"NM_001105834",623.076976362686,817.306679029093,809.855495395576,533.70665608071,599.018342163183,685.984383247196
"NM_019378",18.4615400403759,13.9540164712284,45.3954874100659,65.0960391128745,63.2081042866995,64.5144933338605
"NM_017285",1846.15400403759,1861.86448344676,1596.10533733792,1268.36195464029,1267.07938285491,1234.65351462783
"NM_001109627",30.0000025656108,15.9474473956896,16.3423754676237,21.0248076637856,29.6591873960667,14.205026055162
"NM_001105836",182.307707898712,107.645269920905,188.845227625874,272.918176404909,249.915120025873,210.116010399271
"NM_053550",468.461578524538,324.929240687176,325.031689856072,573.33033206246,498.371591491285,519.075327099043
"NM_001105835",1232.30779769509,1497.06662427036,1169.3877556833,974.4189705716,1037.09912648869,889.589756704517
"NM_032613",6205.38514607135,6388.94611289815,7170.67119129401,5900.28881226197,6373.32177684659,6069.09738206795
"NM_001007599",7377.69293863522,8936.55083435957,8354.58550294853,4291.08237953377,4592.31188452213,4739.74369373904
"NM_001109046",13.8461550302819,17.9408783201508,34.5005704316501,11.7253735048035,19.4486474728306,8.28626519884447
"NM_031103",7446.92371378662,11053.5744761374,10644.3338879123,5717.53471487676,5713.52641133081,6840.31192164611
"NM_001134361",828.461609311868,1114.32788677381,911.541387194124,952.585516459207,993.339669674824,916.224180557946
"NM_001033867",235.384635514793,281.073760349029,286.899480431617,321.436963321337,297.564306334308,259.833601592337
"NM_138916",4.61538501009397,5.98029277338361,7.26327798561055,4.44755546733925,3.40351330774536,5.32688477068573
"NM_147142",186.923092908806,173.428490428125,139.818101223003,227.633975282909,178.441340563221,198.870364772267
"NM_138521",13.8461550302819,21.9277401690732,9.07909748201318,19.4075147665713,28.2005388356044,20.1237869114794
"NM_001014229",722.307754079707,522.278902208835,748.117632517886,634.383138932299,695.775363340515,737.477602697158
"NM_017003",30.0000025656108,17.9408783201508,25.4214729496369,29.9199185984641,34.0351330774536,24.8587955965334
"NM_001108296",736.153909109989,592.048984564977,660.95829669056,701.905117390995,730.78292879161,671.187481106402
"NM_053403",438.461575958927,308.981793291486,268.74128546759,1076.7127463204,879.565081958764,1063.60132588025
"NM_001047897",773.07698919074,667.799359694503,510.245278489141,763.766570709441,727.865631670686,787.195193890225
"NM_001007011",94.6153927069264,135.553302863362,88.9751553237292,88.9511093467851,80.711887012247,111.8645801844
"NM_001017960",53.0769276160807,31.8948947913792,36.3163899280527,84.5035538794458,69.0426985285487,76.3520150464955
"NM_001034079",1093.84624739227,932.925672647842,1113.09735129482,961.480627393886,966.111563212861,1016.84311511534
"NM_031134",66.9230826463626,35.8817566403016,45.3954874100659,58.6268675240174,40.8421596929443,40.8394499085906
"NM_001113422",136.153857797772,211.303677992887,88.9751553237292,18.5988683179641,1.94486474728306,14.7969021407937
"NM_001008281",4176.92343413505,4232.05385263113,3482.74179410026,3198.60102746553,3124.42521651024,2894.27405873925
"NM_001107048",1246.15395272537,1186.09140005442,1218.41488208617,1544.91904006393,1444.06207485767,1489.75210753511
"NM_001191825",126.923087777584,177.415352277047,161.607935179835,205.396197946213,209.072960332929,199.462240857899
"NM_147144",673.84621147372,851.195004744933,1007.77982050346,718.078046363138,702.582389956006,667.04434850698
"NM_022183",270.000023090497,133.559871938901,626.45772625891,1554.21847422292,668.547256878552,1064.19320196588
"NM_031528",452.307730989209,534.239487755602,468.48143007188,862.421437439511,946.66291574003,1074.84697150725
"NM_001004274",31061.5411179324,34721.5798422652,19790.6166912923,40694.3238797056,41103.257785267,41127.1016862077
"NM_001024993",876.923151917855,1094.3935775292,1084.04423935237,1079.13868566622,1225.26479078833,1150.60711046812
"NM_001008804",76.1538526665505,65.7832205072197,70.8169603597028,215.099955329498,85.0878326936339,534.464105325469
"NM_199498",76.1538526665505,59.8029277338361,99.870072302145,109.167270561963,196.431339475589,69.2495020189145
"NM_001105837",2049.23094448172,2382.14995473114,1962.90087561125,1774.97895469267,2198.18338061668,1991.66302815083
"NM_031047",2298.4617350268,1614.67904881357,1628.79008827317,3317.47205541078,3197.35764453335,3034.54869103397
"NM_021581",6.92307751514096,11.9605855467672,7.26327798561055,20.2161612151784,18.4762150991891,27.8181760246922
"NM_001014120",66.9230826463626,35.8817566403016,56.2904043884817,54.9879585052853,54.4562129239257,120.150845383245
"NM_001007723",235.384635514793,255.159158331034,337.74242633089,219.951834021141,196.91755566241,198.278488686636
"NM_001107049",101.538470222067,259.146020179956,112.580808776963,84.0992306551422,177.468908189579,110.680828013137
"NM_001105838",117.692317757396,163.461335805819,96.2384333093398,133.022340795874,92.3810754959454,121.92647364014
"NM_016987",99.2307777170204,37.8751875647628,32.6847509352475,44.8798778976961,176.496475815938,62.1469889913336
"NM_213625",1437.69243064427,1654.5476673028,1646.94828323719,1301.92078225749,1333.69100044936,1287.92236233468
"NM_001098788",214.61540296937,261.139451104417,490.271264028712,384.10706308839,358.341329686904,687.760011504091
"NM_001105839",366.923108302471,374.765013798706,372.242996762541,285.856519582623,297.564306334308,279.957388503817
"NM_001107050",1038.46162727114,1098.38043937812,1249.28381352501,614.975624165728,696.261579527336,664.084968078821
"NM_022380",1121.53855745284,897.043916007541,1015.04309848907,1536.42825235356,1750.86448874158,1605.75982031893
"NM_001191651",258.461560565262,251.172296482111,375.874635755346,333.16233682614,209.072960332929,231.423549482014
"NM_012747",3521.5387627017,6911.22501510699,4236.30688510735,3704.8137042936,3873.68436040104,3236.97031232003
"NM_017064",431.538498443786,440.548234305926,483.007986043101,490.444071080229,553.800236788852,513.156566242726
"NM_001105841",140.769242807866,131.566441014439,165.23957417264,188.414622525463,187.193231925995,200.645993029163
"NM_001034109",570.000048746606,502.344592964223,604.667892302078,576.160594632585,564.496992898909,590.692333460485
"NM_001135804",1943.07708924956,1493.07976242144,1488.97198705016,1872.82517497413,2241.45662124373,2019.48120417552
"NM_145778",696.92313652419,711.654840032649,751.749271510692,661.068471736334,549.424291107465,513.748442328357
"NM_134458",73.8461601615036,83.7240988273705,74.4485993525081,84.0992306551422,65.1529690339826,52.0850955355938
"NM_001034112",2466.92328789523,1979.47690798997,1881.18899827313,1672.28085571956,1992.02771740468,1610.49482900399
"NM_001006954",2014.61555690602,1774.15352277047,1410.89174870485,1959.35034497509,1776.14773045626,1829.48898068773
"NM_031646",173.076937878524,153.494181183513,108.949169784158,221.973450142659,178.927556750042,192.95160391595
"NM_001173451",1594.61552098747,1520.9877953639,1441.76068014369,1138.16987641455,1292.36262456959,1277.86046887894
"NM_032061",27.6923100605638,19.934309244612,19.974014460429,33.5588276171962,30.6316197697082,33.1450607953779
"NM_001107051",777.692374200834,801.359231633403,887.935733740889,559.583342436139,639.374285669306,691.311268017882
"NM_001109047",960.000082099546,1084.42642290689,1180.28267266171,523.194252248818,568.386722393475,608.448616029437
"NM_001037202",99.2307777170204,89.7043916007541,101.685891798548,165.772521964463,139.057829430739,150.928401836096
"NM_175579",46.1538501009397,41.8620494136852,39.948028920858,50.1360798136425,41.8145920665858,43.2069542511176
"NM_013098",1398.46165805847,1997.41778631012,982.358347553827,8784.73069444363,32561.4118151998,8248.38512936404
"NM_031582",161.538475353289,227.251125388577,150.713018201419,162.133612945731,250.401336212694,247.404203794071
"NR_033180",71.5384676564566,31.8948947913792,56.2904043884817,36.7934134116247,70.501347089011,66.2901215907558
"NM_001011894",1668.46168114897,2424.01200414482,2280.66928748171,1462.43710230601,1723.15016609279,1369.00938606623
"NM_022514",2584.61560565262,2842.63249828167,2847.20497035933,1539.66283814799,1478.58342412195,1777.40388515214
"NM_001033683",4440.0003797104,5170.95981805236,6409.84282230131,4219.92149205634,3897.50895355526,4710.14988945745
"NM_001010953",415.384650908458,275.093467575646,219.714159064719,589.098937810299,528.516995074172,742.212611382212
"NM_001009625",611.538513837451,444.535096154848,688.195589136599,756.084429447673,682.161310109534,955.288002209641
"NM_001024765",5215.38506140619,7092.62722923296,5385.72062633022,8382.83340948588,8384.7981417241,8058.39290587625
"NM_001024967",242.307713029934,235.224849086422,397.664469712177,225.612359161391,200.807285156976,303.040555843455
"NM_001105842",156.923090343195,105.651838996444,105.317530791353,185.988683179641,227.549175432118,208.932258228007
"NM_001047844",595.384666302122,685.740238014653,713.617062086236,583.034089445746,671.464553999477,591.876085631748
"NM_030584",16.1538475353289,9.96715462230601,43.5796679136633,13.7469896263213,20.9072960332929,17.7562825689524
"NM_053668",117.692317757396,81.7306679029093,69.0011408633002,86.9294932252672,129.333505694324,126.661482325194
"NM_001173376",3579.23107532788,3839.34796051227,3310.23894194201,2891.31537699482,2995.09171081591,2374.60685555457
"NM_001107053",2266.15403995614,1772.16009184601,1499.86690402858,2642.65659404812,2653.28173148092,2838.04583060423
"NM_001191650",332.307720726766,340.876688082866,374.058816258943,279.791671218069,300.967819642054,328.49122752562
"NM_001017988",27.6923100605638,19.934309244612,29.0531119424422,36.7934134116247,26.7418902751421,20.7156629971112
"NM_053450",1412.30781308876,1094.3935775292,1158.49283870488,1611.22804884972,1276.80370659133,1908.20850007676
"NM_176077",272.307715595544,380.74530657209,415.822664676204,160.92064327282,147.809720793513,185.257214802737
"NM_001105843",1576.15398094709,1467.16516040344,1545.26239143864,1687.24081501879,1655.07989993789,1402.74632294724
"NM_001031651",1010.76931721058,926.945379874459,960.568513596995,1101.78078622722,1119.2696620614,1155.9339952388
"NM_012651",131.538472787678,123.592717316595,128.923184244587,502.573767809336,312.150791938931,513.748442328357
"NM_001127690",60.0000051312216,13.9540164712284,30.8689314388448,11.3210502804999,7.29324280231148,14.205026055162
"NM_001024792",7603.84680412982,7868.07185884836,8737.72341668949,4842.57925748384,4715.8107959746,4884.75333471882
"NM_017113",454.615423494256,362.804428251939,433.98085964023,241.785288133534,224.631878311194,297.713671072769
"NM_198758",43.8461575958927,61.7963586582973,65.3695018704949,20.620484439482,22.852160780576,14.7969021407937
"NM_172035",4.61538501009397,3.9868618489224,10.8949169784158,13.7469896263213,18.9624312860098,22.4912912540064
"NM_001100728",468.461578524538,500.351162039762,524.771834460362,420.091830051408,427.870244402273,367.555049177316
"NM_017009",57.6923126261747,25.9146020179956,54.4745848920791,107.954300889053,120.58161433155,114.823960612559
"NM_001039019",55.3846201211277,39.868618489224,105.317530791353,252.297691965427,92.3810754959454,150.928401836096
"NM_148891",2183.07710977445,2549.59815238588,2306.09076043135,1835.6274383382,1798.99989123683,1663.76367671084
"NM_001007724",563.076971231465,821.293540878015,946.041957625774,505.808353603764,629.16374574607,499.543416273195
"NM_001105846",163.846167858336,127.579579165517,225.161617553927,204.587551497606,196.91755566241,230.831673396382
"NM_001107054",92.3077002018795,73.7569442050645,79.896057841716,77.2257358419816,71.9599956494733,94.108297615448
"NM_001012013",696.92313652419,364.7978591764,492.087083525115,702.309440615298,644.236447537514,703.148789730517
"NM_001025136",805.384684261398,851.195004744933,619.194448273299,1822.68909516049,1858.31826602897,1900.51411096354
"NM_001108301",433.846190948833,414.63363228793,417.638484172606,428.178294537479,391.890246577537,338.55312098136
"NM_001009677",1010.76931721058,1098.38043937812,886.119914244487,1208.11779421906,1302.08694830601,1374.92814692255
"NM_031685",2436.92328532962,2938.31718265581,3065.10330992765,1921.74828511486,1940.9750177885,1815.28395463257
"NM_001107055",53.0769276160807,33.8883257158404,125.291545251782,58.2225442997139,30.1454035828875,24.8587955965334
"NM_024150",311.538488181343,285.060622197952,306.873494892046,300.816478881855,286.867550224252,301.856803672192
"NM_001108839",484.615426059867,494.370869266378,617.378628776897,355.80443738714,355.9102487528,345.655634008941
"NM_001024687",32.3076950706578,11.9605855467672,39.948028920858,59.8398371969281,38.4110787588405,64.5144933338605
"NM_001107056",126.923087777584,99.6715462230601,226.97743705033,137.469896263213,195.945123288768,145.60151706541
"NM_012544",27.6923100605638,39.868618489224,25.4214729496369,29.9199185984641,22.852160780576,16.5725303976889
"NM_001107058",849.230841857291,819.300109953554,811.671314891979,1117.14506875076,941.314537685002,1087.86824539115
"NM_001107057",990.000084665157,986.748307608295,1044.09621043152,1358.52603365999,1305.49046161375,1552.49097261208
"NM_001108302",244.615405534981,293.034345895797,232.424895539538,231.677207525945,253.80484952044,308.959316699773
"NM_001107059",1583.07705846223,1700.39657856541,1685.08049266165,1614.46263464415,1537.90179891408,1537.69407047128
"NM_001012014",1121.53855745284,1524.97465721282,1585.2104203595,726.164510849209,732.241577352073,558.139148750739
"NM_031983",1052.30778230143,1112.33445584935,1133.07136575525,1057.30523155383,1112.94885163273,1165.40401260891
"NM_031149",3000.00025656108,3105.76538031055,2836.31005338092,2247.22848067923,2039.19068752629,1813.50832637568
"NM_001013974",5409.23123183014,6596.26292904212,5983.12524064669,4903.63206435368,4296.6924429351,4147.27573202166
"NM_182820",253.846175555169,285.060622197952,308.689314388448,163.750905842945,195.945123288768,208.932258228007
"NM_001025715",108.461547737208,79.7372369784481,150.713018201419,171.028723880409,146.837288419871,161.582171377467
"NM_133533",11.5384625252349,9.96715462230601,23.6056534532343,14.959959299232,38.4110787588405,31.9613086241144
"NM_001007725",170.769245373477,135.553302863362,201.555964100693,245.019873927962,268.877551311883,252.731088564756
"NM_031591",279.230793110685,271.106605726723,226.97743705033,302.838095003373,333.058087972224,330.858731868147
"NM_001107060",480.000041049773,518.292040359912,285.083660935214,391.384881125854,413.769974984471,439.172055538757
"NR_128673",216.923095474417,155.487612107974,145.265559712211,162.133612945731,123.498911452474,198.278488686636
"NM_001013862",318.461565696484,324.929240687176,379.506274748151,301.625125330462,274.225929366912,342.696253580782
"NM_001007613",11185.3855719627,10848.2510909179,10061.455829567,12955.7290763592,14903.0123422433,13044.9489273237
"NM_001109050",297.692333151061,306.988362367025,210.635061582706,226.421005609998,236.787282981713,197.686612601004
"NM_001047898",408.461573393317,2615.3813728931,3072.36658791326,1299.49484291167,1373.56072776866,1595.69792686319
"NM_001005875",2081.53863955238,2575.51275440387,2102.71897683425,1608.3977862796,1702.2428700595,1444.7695250271
"NM_001009626",64543.8516736592,40574.2930364833,30925.2218432333,106348.733365343,114001.650675304,115725.979767062
"NM_001127297",431.538498443786,516.298609435451,519.324375971154,422.517769397229,385.569436148867,356.309403550312
"NM_001014121",773.07698919074,749.530027597412,813.487134388381,838.970690429904,779.890763660508,824.483387285025
"NM_198760",420.000035918552,709.661409108188,700.906325611418,188.010299301159,257.694579015006,164.541551805626
"NM_001012237",770.769296685693,799.365800708942,488.455444532309,1164.45088599428,1188.31236058995,972.452408692962
"NM_013181",223.846172989558,466.462836323921,472.113069064686,466.589000846318,520.251319898219,465.806479392186
"NM_053314",13.8461550302819,13.9540164712284,3.63163899280527,22.6421005609998,10.6967561100568,16.5725303976889
"NM_017296",11.5384625252349,13.9540164712284,27.2372924460396,19.0031915422677,12.6416208573399,22.4912912540064
"NM_080403",32.3076950706578,9.96715462230601,39.948028920858,38.0063830845354,38.8972949456612,17.7562825689524
"NM_001107063",154.615397838148,269.113174802262,250.583090503564,341.653124536515,512.471860909087,403.06761431522
"NM_001034958",770.769296685693,598.029277338361,791.69730043155,537.749888323746,631.594826680174,557.547272665107
"NM_001005532",161.538475353289,151.500750259051,181.581949640264,174.667632899142,165.31350351906,189.400347402159
"NM_001108303",55.3846201211277,17.9408783201508,54.4745848920791,61.861453318446,54.4562129239257,74.5763867896003
"NM_001077592",18.4615400403759,43.8554803381464,39.948028920858,13.3426664020178,10.2105399232361,18.9400347402159
"NM_001205348",133.846165292725,131.566441014439,150.713018201419,152.025532338142,149.754585540796,208.932258228007
"NM_001191591",1266.9231852708,707.667978183727,835.276968345213,2368.5254479703,2396.07336865273,2003.50054986347
"NM_001202463",106.153855232161,87.7109606762929,125.291545251782,139.895835609035,126.90242476022,196.50286042974
"NM_001168285",16.1538475353289,15.9474473956896,63.5536823740923,24.6637166825177,20.9072960332929,31.9613086241144
"NM_001168284",39.2307725857988,49.83577311153,61.7378628776897,50.1360798136425,49.1078348688973,89.373288930394
"NM_001025111",528.46158365576,594.042415489438,733.591076546665,613.358331268513,553.314020602031,736.293850525895
"NM_001191655",429.230805938739,422.607355985775,397.664469712177,348.93094257398,311.664575752111,321.980590583671
"NM_012575",147.692320323007,119.605855467672,348.637343309306,6.87349481316066,0.972432373641531,2.95938042815874
"NM_001107064",3228.46181456073,2212.70832615193,1646.94828323719,2385.50702339105,3420.53087428408,2701.91433090893
"NM_024153",454.615423494256,263.132882028879,317.768411870461,440.307991266586,496.912942930822,639.226172482288
"NM_001134835",533.076968665854,761.490613144179,766.275827481913,364.699548321819,402.587002687594,418.456392541646
"NM_001304290",810.000069271492,2549.59815238588,2622.04335280541,339.631508414997,495.45429437036,417.272640370382
"NM_001191656",759.230834160458,737.569442050645,768.091646978315,565.648190800692,647.153744658439,738.661354868422
"NM_001271189",69.2307751514096,45.8489112626076,39.948028920858,55.7966049538924,60.2908071657749,73.3926346183368
"NM_001127522",150.000012828054,143.527026561207,154.344657194224,131.809371122963,91.8948593091247,156.255286606782
"NM_001005876",565.384663736512,466.462836323921,720.880340071847,521.1726361273,371.955382917886,419.640144712909
"NM_001014122",1015.38470222067,930.932241723381,882.488275251681,828.458286598012,868.868325848708,819.748378599971
"NM_001108304",583.846203776888,496.364300190839,599.22043381287,454.863627341515,468.712404095218,480.603381532979
"NM_001100471",1407.69242807866,1317.65784106885,1202.07250661855,852.717680056226,882.482379079689,1012.10810643029
"NM_001007674",189.230785413853,213.297108917349,207.003422589901,141.108805281945,113.288371529238,96.475801957975
"NM_001025401",426.923113433692,458.489112626076,577.430599856038,452.437687995693,369.524301983782,382.351951318109
"NR_037369",34.6153875757048,25.9146020179956,27.2372924460396,25.8766863554284,41.3283758797651,37.8800694804319
"NM_001127549",2529.2309855315,2059.21414496842,2100.90315733785,3334.45363083153,3450.19006168015,3409.20625323887
"NM_001109576",313.84618068639,340.876688082866,328.663328848877,338.418538742087,303.398900576158,371.106305691106
"NM_001108305",699.230829029237,725.608856503878,693.643047625807,382.085446966872,438.56700051233,439.763931624389
"NM_053985",4264.61574932683,5304.51968999126,4387.01990330877,5556.20974837964,8323.53490218468,5546.47079845511
"NM_013180",60.0000051312216,77.7438060539869,67.1853213668976,113.614826029303,91.8948593091247,72.800758532705
"NM_001008282",3380.76951989383,2655.24999138232,2687.4128546759,2894.54996278925,2614.38443653526,3116.81946693679
"NM_001135714",911.53853949356,954.853412816916,1007.77982050346,760.936308139316,1479.06964030877,891.957261047044
"NM_138844",60.0000051312216,41.8620494136852,56.2904043884817,86.9294932252672,85.0878326936339,50.3094672786986
"NM_017340",14487.693546685,12040.3227837457,9694.66029129368,14429.4872289458,14002.5399642512,11114.8410120786
"NM_001109585",403.846188383223,380.74530657209,1025.93801546749,488.826778183014,480.867808765737,556.363520493843
"NM_138975",1661.53860363383,1530.9549499862,1378.2069977696,1542.89742394242,1452.32775003363,1544.20470741323
"NM_001009369",1333.84626791716,1421.31624914084,1516.2092794962,813.902650523083,796.908330199234,920.367313157368
"NM_001108840",2688.46176837974,3903.13775009503,2896.23209676221,2095.20294834109,2392.66985534499,2126.61077567487
"NM_022691",851.538534362338,811.326386255709,831.645329352408,803.794569915494,778.918331286866,862.363456765457
"NM_001108307",55.3846201211277,37.8751875647628,65.3695018704949,118.871027945249,71.9599956494733,82.270775902813
"NM_019172",32.3076950706578,19.934309244612,16.3423754676237,36.7934134116247,27.7143226487836,36.6963173091684
"NM_022545",1650.0001411086,1255.86148241056,1583.3946008631,2163.12925002409,2259.4466201561,2156.79645604209
"NM_001031652",30.0000025656108,31.8948947913792,21.7898339568316,38.410706308839,33.062700703812,40.8394499085906
"NM_130744",223.846172989558,211.303677992887,223.345798057524,194.479470890016,202.752149904259,250.363584222229
"NM_001012143",306.923103171249,426.594217834697,395.848650215775,269.68359061048,350.561870697772,231.423549482014
"NM_001008283",263.076945575356,215.29053984181,239.688173525148,241.785288133534,283.464036916506,281.14114067508
"NM_001108308",516.923121130525,793.385507935558,633.72100424452,424.539385518747,421.063217786783,432.661418596808
"NM_001108309",267.69233058545,257.152589255495,330.47914834528,357.017407060051,352.992951631876,320.796838412408
"NM_053565",124.615395272537,111.632131769827,112.580808776963,164.559552291552,70.9875632758317,62.7388650769653
"NM_053910",131.538472787678,139.540164712284,118.028267266171,138.682865936124,161.423774024494,128.437110582089
"NM_021989",133.846165292725,157.481043032435,177.950310647458,352.974174817015,348.130789763668,503.094672786986
"NM_001007675",244.615405534981,267.119743877801,261.47800748198,255.127954535552,311.664575752111,390.046340431322
"NM_144754",888.46161444309,877.109606762929,862.514260791252,938.838526832886,1017.16426282904,1009.74060208776
"NM_001107070",394.615418363035,558.160658849137,432.165040143828,357.017407060051,345.213492642743,484.746514132402
"NM_057196",574.6154337567,653.845343223274,492.087083525115,456.885243463032,438.56700051233,425.558905569227
"NM_001105856",403.846188383223,498.3577311153,437.612498633036,438.690698369372,411.338894050367,377.616942633055
"NM_001108310",297.692333151061,293.034345895797,259.662187985577,295.964600190212,270.336199872346,327.307475354357
"NM_001100729",632.307746382874,609.989862885128,566.535682877623,620.231826081674,639.860501856127,698.413781045463
"NM_001195482",253.846175555169,207.316816143965,196.108505611485,223.590743039873,223.659445937552,276.998008075658
"NM_001107072",18.4615400403759,9.96715462230601,12.7107364748185,6.87349481316066,8.75189136277378,4.14313259942224
"NM_001127449",477.692348544726,853.188435669394,1269.25782798544,1038.30204001156,983.129129751588,455.152709850814
"NM_019387",713.076984059519,839.234419198166,829.829509856005,529.663423837675,585.404288932201,575.303555234059
"NM_133418",6027.69282318273,6002.22051355268,3733.32488460382,4876.54240832534,5882.24342815762,4975.90225190611
"NM_001108311",366.923108302471,544.206642377908,541.114209927986,230.464237853034,256.722146641364,381.168199146846
"NM_172091",244.615405534981,215.29053984181,181.581949640264,145.960683973588,117.178101023804,153.887782264255
"NM_012998",70209.2367735495,67688.9404710046,67259.7699662501,58433.196699576,55574.9963698003,59585.3492927194
"NM_001029900",2222.30788236025,2097.08933253318,1988.32234856089,1500.03916216624,1566.10233774969,1606.35169640456
"NM_001109602",814.615454281586,918.971656176614,956.93687460419,840.183660102815,823.650220474377,669.411852849507
"NM_001107073",507.692351110337,625.937310280817,582.878058345246,530.472070286282,476.978079271171,533.280353154205
"NM_022386",747.692371635224,781.424922388791,737.222715539471,693.41432968062,505.664834293596,556.955396579475
"NM_053568",9357.69310796553,4618.7794519766,4285.33401151022,10817.2635430177,11273.4085076263,10869.8043126271
"NM_001013975",1320.00011288688,312.968655140409,245.135632014356,1895.87159875943,2305.15094171725,1342.96683829844
"NM_001105857",207.692325454229,414.63363228793,430.349220647425,66.3090087857852,76.8221575176809,76.3520150464955
"NM_001126082",641.538516403062,502.344592964223,432.165040143828,633.574492483692,553.314020602031,700.78128538799
"NM_139060",2852.30793623808,2629.33538936433,3141.36772877656,2798.7253586293,3642.24545547435,2897.82531525304
"NM_030834",16.1538475353289,17.9408783201508,39.948028920858,8.08646448607137,29.1729712092459,27.8181760246922
"NM_001107074",27.6923100605638,37.8751875647628,45.3954874100659,62.6700997670531,72.9324280231148,54.4525998781208
"NM_001013043",316.153873191437,299.01463866918,323.215870359669,247.04149004948,292.702144466101,401.291986058325
"NM_199082",519.230813635572,303.001500518103,276.004563453201,499.743505239211,623.815367691042,572.3441748059
"NM_053290",2815.38485615732,3584.18880218124,3520.87400352471,2236.71607684734,2349.39661471794,2517.84086827746
"NM_001013976",346.153875757048,328.916102536098,346.821523812904,295.964600190212,337.434033653611,416.680764284751
"NM_001034959",713.076984059519,914.984794327692,982.358347553827,597.185402296371,703.068606142827,637.450544225393
"NM_001142562",461.538501009397,424.600786910236,521.140195467557,684.114895521638,615.063476328268,835.729032912028
"NM_001107075",876.923151917855,727.602287428339,749.933452014289,945.712021646047,1070.1618271925,747.539496152898
"NM_001039587",662.307748948485,717.635132806033,733.591076546665,509.042939398193,559.14861484388,587.732953032326
"NM_001107076",150.000012828054,95.6846843741377,78.0802383453134,245.82852037657,218.797284069344,278.773636332553
"NM_001271364",1167.69240755378,1325.6315647667,1365.49626129478,1346.80066015519,1183.93641490856,1487.97647927821
"NM_001107077",392.307725857988,364.7978591764,332.294967841683,439.095021593675,437.108351951868,482.970885875506
"NM_001109051",50.7692351110337,15.9474473956896,30.8689314388448,103.10242219741,115.233236276521,179.930330032051
"NM_001105880",290.76925563592,255.159158331034,226.97743705033,274.131146077819,193.514042354665,189.400347402159
"NM_130821",57.6923126261747,23.9211710935344,41.7638484172606,62.6700997670531,52.0251319898219,82.8626519884447
"NM_022188",99.2307777170204,95.6846843741377,101.685891798548,169.007107758892,176.982692002759,172.235940918839
"NM_001271316",11.5384625252349,11.9605855467672,5.44745848920791,8.08646448607137,5.83459424184918,8.28626519884447
"NM_001006990",2016.92324941107,1497.06662427036,1587.0262398559,2498.31320297175,2836.09901772552,2720.85436564915
"NM_001013866",207.692325454229,241.205141859805,232.424895539538,121.296967291071,129.819721881144,139.682756209093
"NM_017242",25.3846175555169,5.98029277338361,18.1581949640264,14.959959299232,19.4486474728306,20.1237869114794
"NM_001013865",627.69236137278,986.748307608295,709.985423093431,431.008557107604,705.01347089011,497.175911930668
"NM_001191657",76.1538526665505,33.8883257158404,27.2372924460396,95.8246041599457,88.4913460013793,85.8220324166035
"NM_001107086",62.3076976362686,51.8292040359912,39.948028920858,61.0528068698388,37.4386463851989,40.2475738229589
"NM_032062",906.923154483466,891.063623234157,809.855495395576,1071.05222118015,1512.13234101258,822.115882942498
"NM_031615",609.230821332404,729.5957183528,610.115350791286,706.352672858334,705.985903263751,607.264863858174
"NM_001035249",666.923133958579,897.043916007541,715.432881582639,638.022047951031,648.12617703208,723.272576641996
"NM_013126",13.8461550302819,7.97372369784481,5.44745848920791,20.620484439482,22.3659445937552,24.2669195109017
"NM_053842",2335.38481510755,2017.35209555474,1906.61047122277,2041.42795950872,2038.21825515265,2095.24134313639
"NM_031564",34.6153875757048,5.98029277338361,14.5265559712211,23.8550702339105,33.062700703812,25.4506716821652
"NM_001100502",8450.76995348206,7880.03244439513,7689.99556726517,7329.97573339939,9641.66698465578,8899.44882355897
"NM_032106",113.076932747302,79.7372369784481,83.5276968345213,150.003916216624,161.423774024494,153.887782264255
"NM_001100560",1703.07706872468,1122.30161047166,1447.2081386329,1507.3169802037,1978.89988036051,1579.1253964655
"NM_001107114",1269.23087777584,1349.55273586023,1320.10077388472,1554.21847422292,1313.26992060289,1192.63031254797
"NM_019288",16943.078372055,22555.6709102785,23534.8364928746,3548.34061648812,4131.37893941604,4628.47098964027
"NM_001024235",1640.76937108841,1722.32431873448,1421.78666568326,2091.96836254666,2063.98771305415,2007.64368246289
"NM_001037347",676.153903978767,815.313248104632,753.565091007094,874.551134168619,839.209138452641,848.158430710295
"NM_001100558",46.1538501009397,23.9211710935344,36.3163899280527,86.5251700009636,55.4286452975673,94.108297615448
"NM_053476",424.615420928646,504.338023888684,464.849791079075,573.734655286764,683.133742483175,494.808407588141
"NM_001136096",25.3846175555169,29.901463866918,19.974014460429,20.2161612151784,31.6040521433497,27.8181760246922
"NM_019227",156.923090343195,111.632131769827,118.028267266171,127.361815655624,153.644315035362,140.274632294724
"NM_001013044",50.7692351110337,67.7766514316809,76.2644188489108,47.7101404678211,36.4662140115574,34.3288129666414
"NM_017325",11.5384625252349,23.9211710935344,41.7638484172606,16.5772521964463,15.5589179782645,16.5725303976889
"NM_001191660",473.076963534632,342.870119007327,613.746989784091,294.347307292998,280.546739795582,245.628575537175
"NM_001107109",973.846237129828,727.602287428339,998.70072302145,872.529518047101,824.136436661197,837.504661168924
"NM_001002802",145.38462781796,79.7372369784481,72.6327798561055,182.754097385213,171.148097760909,150.336525750464
"NM_199391",1440.00012314932,988.741738532756,1027.75383496389,3030.80688937955,2920.70063423234,2667.58551794229
"NM_138897",6.92307751514096,3.9868618489224,5.44745848920791,6.46917158885709,4.37594568138689,4.14313259942224
"NM_001107100",103.846162727114,109.638700845366,76.2644188489108,96.6332506085529,85.0878326936339,243.85294728028
"NM_001109435",16.1538475353289,7.97372369784481,23.6056534532343,8.08646448607137,23.3383769673967,15.3887782264255
"NM_001107097",514.615428625478,737.569442050645,584.693877841649,563.222251454871,845.04373269449,620.286137742072
"NM_001105888",256.153868060215,231.237987237499,207.003422589901,344.887710330944,363.689707741932,359.860660064103
"NM_133601",334.615413231813,436.561372457003,301.426036402838,335.588276171962,302.426468202516,327.307475354357
"NM_031753",1433.07704563418,1570.82356847543,1307.3900374099,1952.07252693763,1567.07477012333,2028.95122154563
"NM_001107093",353.076953272189,334.896395309482,535.666751438778,296.368923414516,242.621877223562,234.382929910172
"NM_001079938",133.846165292725,191.369368748275,118.028267266171,153.642825235356,110.857290595135,123.702101897035
"NM_001025032",4.61538501009397,3.9868618489224,10.8949169784158,13.7469896263213,0.972432373641531,8.28626519884447
"NM_001100653",25.3846175555169,29.901463866918,5.44745848920791,14.959959299232,27.2281064619629,44.9825825080129
"NM_001013120",1391.53858054333,1369.48704510485,1732.29179956812,1783.06541917874,1202.89884619457,1147.64773003996
"NM_001105879",316.153873191437,265.12631295334,230.609076043135,259.171186778587,282.491604542865,284.100521103239
"NM_032080",500.769273595196,498.3577311153,501.166181007128,532.4936864078,457.043215611519,413.12950777096
"NM_001012145",5614.61586477932,2402.08426397575,3066.91912942405,10402.0235916579,10018.9707456287,9923.39445170189
"NM_138885",2067.6924845221,3181.51575544008,2685.5970351795,1976.73624362015,1874.36340019405,2034.27810631632
"NM_001271250",85.3846226867385,11.9605855467672,81.7118773381187,157.686057478392,99.6743182982569,50.9013433643303
"NM_001105878",27.6923100605638,33.8883257158404,65.3695018704949,107.549977664749,56.8872938580295,65.1063694194923
"NM_001012017",706.153906544378,637.897895827585,650.063379712144,662.685764633549,587.349153679485,566.425413949583
"NM_198726",782.307759210928,787.405215162175,842.540246330823,823.606407906369,833.374544210792,574.711679148427
"NM_001105874",2810.76947114723,2545.61129053696,2140.85118625871,4996.6264059435,5374.14751292992,4757.49997630799
"NM_022600",221.538480484511,283.067191273491,236.056534532343,406.74916364939,468.712404095218,468.765859820345
"NM_147139",1804.61553894674,1949.57544412306,1705.05450712208,2606.2675038608,3321.82898835947,2609.58166155038
"NM_001127550",1216.15395015976,1102.36730122704,1258.36291100703,1049.62309029206,1048.28209878557,978.963045634911
"NM_022712",6410.76977902053,11559.9059309505,4294.41310899224,4428.95659902129,10544.5704435819,4744.47870242409
"NM_001109525",1066.15393733171,938.905965421226,1004.14818151066,939.242850057189,1048.28209878557,970.676780436067
"NM_001100651",459.23080850435,398.68618489224,597.404614316467,529.663423837675,465.308890787472,418.456392541646
"NM_012788",756.923141655412,713.64827095711,773.539105467523,828.862609822315,937.911024377256,825.667139456289
"NM_001034006",918.461617008701,1070.47240643567,851.619343812837,658.238209166209,622.35671913058,589.508581289221
"NM_133585",2439.23097783466,2459.89376078512,2257.06363402848,2405.31886138193,2227.35635182593,2504.22771830793
"NM_001109056",639.230823898015,602.016139187283,601.036253309273,694.222976129227,846.016165068132,741.62073529658
"NM_012968",50.7692351110337,27.9080329424568,43.5796679136633,27.0896560283391,6.80702661549071,17.1644064833207
"NM_001025627",76.1538526665505,87.7109606762929,61.7378628776897,99.0591899543743,133.70945137571,65.698245505124
"NM_001013864",83.0769301816915,91.6978225252153,50.8429458992738,66.7133320100888,31.6040521433497,72.800758532705
"NM_022257",6900.00059009049,5491.90219689061,3898.56445877646,11409.5970666224,8774.25730736753,8103.9673644699
"NM_001008335",7186.15446071632,6267.34682650602,5683.51502374025,4656.18625107989,4860.21700346037,4781.76689581889
"NM_001013978",332.307720726766,430.58107968362,386.769552733762,259.979833227194,259.639443762289,252.139212479125
"NM_001107082",150.000012828054,77.7438060539869,101.685891798548,163.346582618642,150.727017914437,187.032843059632
"NM_001011896",1689.23091369439,2240.61635909439,1859.3991643163,1618.50586688718,1651.19017044332,1536.51031830002
"NM_001105867",27.6923100605638,31.8948947913792,36.3163899280527,41.240968878964,52.9975643634634,40.2475738229589
"NM_181473",2877.69255379359,2288.45870128146,2431.38230568313,2563.00491886032,2204.01797485853,2762.28569164337
"NM_022584",1206.92318013957,635.904464903123,690.011408633002,835.736104635476,925.269403519916,1151.79086263938
"NM_001108323",396.923110868082,334.896395309482,248.767271007161,202.970258600391,248.942687652232,259.833601592337
"NM_001012472",258.461560565262,275.093467575646,346.821523812904,230.868561077338,215.87998694842,246.220451622807
"NM_053810",3156.92334690428,2920.37630433566,3700.64013366857,1593.84215020467,1720.23286897187,1409.25695988919
"NM_001108325",1548.46167088653,1973.49661521659,1979.24325107887,1381.57245744529,1330.77370332843,1450.68828588341
"NM_001107079",842.30776434215,799.365800708942,804.408036906368,563.626574679174,524.141049392785,562.282281350161
"NM_022301",2118.46171963313,2304.40614867715,2493.12016856082,1395.72377029592,1276.80370659133,1156.52587132444
"NM_053655",789.230836726069,926.945379874459,886.119914244487,779.130853232976,785.725357902357,697.230028874199
"NM_001100988",55.3846201211277,63.7897895827585,52.6587653956765,105.932684767535,74.8772927703979,91.740793272921
"NM_001105900",1343.07703793735,1034.59064979536,1191.17758964013,1763.65790441217,1525.26017805674,1576.16601603735
"NM_001005552",163.846167858336,141.533595636745,177.950310647458,204.183228273302,240.677012476279,202.421621286058
"NM_001025016",376.153878322659,293.034345895797,243.319812517953,777.513560335762,600.476990723645,634.491163797234
"NM_019271",1149.2308675134,1670.49511469849,1220.23070158257,1075.49977664749,1095.93128509401,904.978534930943
"NM_053570",1271.53857028089,1124.29504139612,1260.17873050343,1188.71027945249,1220.40262892012,1117.46204967274
"NM_019290",170.769245373477,185.389075974892,435.796679136633,63.0744229913567,95.7845888036908,63.3307411625971
"NM_001108312",258.461560565262,289.047484046874,176.134491151056,213.482662432284,415.714839731754,200.645993029163
"NM_001105894",18.4615400403759,11.9605855467672,23.6056534532343,32.3458579442855,19.9348636596514,24.2669195109017
"NM_001108841",1116.92317244274,1174.13081450765,1140.33464374086,1189.11460267679,1168.3774969303,1054.72318459578
"NM_053602",2430.00020781448,2358.2287836376,2124.50881079109,2182.53676479066,2532.70011714937,2566.37470729926
"NM_001034004",408.461573393317,490.384007417456,414.006845179801,637.617724726727,543.103480678795,523.218459698465
"NM_001013980",521.538506140619,384.732168421012,214.266700575511,452.842011219997,248.456471465411,207.156629971112
"NM_198761",27.6923100605638,7.97372369784481,23.6056534532343,23.450747009607,30.6316197697082,33.1450607953779
"NM_024400",810.000069271492,621.950448431895,708.169603597028,757.701722344887,2081.4914957797,678.289994133983
"NM_001191592",237.69232801984,245.192003708728,216.082520071914,189.627592198374,202.265933717438,200.054116943531
"NM_001105897",5146.15428625478,5539.74453907768,6166.52300978335,3737.15956223788,3494.43573468084,3172.45581898617
"NM_001100501",1596.92321349251,1967.51632244321,1794.02966244581,1450.3074055769,1569.99206724425,1218.08098423014
"NM_001100559",812.307761776539,623.943879356356,671.853213668976,865.65602323394,811.981031990678,762.928274379323
"NM_001013979",39.2307725857988,17.9408783201508,12.7107364748185,25.8766863554284,50.5664834293596,41.4313259942224
"NM_001107113",1361.53857797772,1379.45419972715,1861.2149838127,1242.08094506056,1387.17478099964,949.369241353324
"NM_017050",18060.0015444977,13868.2989414766,12698.0257383436,18441.5865837101,16194.4025344392,17542.6153020394
"NM_001191661",650.76928642325,966.813998363683,1180.28267266171,508.234292949586,663.685095010345,490.073398903087
"NM_001008288",971.538544624781,948.873120043532,946.041957625774,632.765846035085,679.73022917543,591.876085631748
"NM_001107111",360.00003078733,406.659908590085,590.141336330857,286.66516603123,301.940252015695,358.676907892839
"NM_001108313",720.00006157466,647.865050449891,964.2001525898,449.203102201265,530.948076008276,584.181696518535
"NM_001025014",823.846224301774,695.707392636959,668.22157467617,464.163061500497,429.815109149557,391.821968688217
"NM_001014124",256.153868060215,223.264263539655,207.003422589901,262.405772573016,181.358637684145,278.181760246922
"NM_001170328",99.2307777170204,89.7043916007541,72.6327798561055,94.611634487035,110.371074408314,98.2514302148702
"NM_001170327",390.000033352941,617.963586582973,497.534542014322,611.741038371299,708.416984197855,659.349959393767
"NM_001011899",978.461622139922,1295.73010089978,1416.33920719406,576.564917856889,621.870502943759,587.141076946694
"NM_001008287",76.1538526665505,107.645269920905,127.107364748185,104.315391870321,79.2532384517848,50.9013433643303
"NM_138883",4497.69269233658,4273.91590204482,3711.53505064699,3344.15738821481,3994.26597473259,4152.01074070671
"NM_053715",11.5384625252349,9.96715462230601,5.44745848920791,15.3642825235356,8.75189136277378,9.47001737010797
"NM_001131000",131.538472787678,167.448197654741,183.397769136666,120.08399761816,103.564047792823,123.110225811404
"NM_153724",9902.30853915662,5477.94818041938,10689.7293753223,7754.51511891814,14681.297761053,7586.07578954212
"NR_032753",11.5384625252349,7.97372369784481,7.26327798561055,8.49078771037494,2.91729712092459,3.55125651379049
"NM_019170",226.153865494605,312.968655140409,250.583090503564,69.1392713559102,59.8045909789541,91.740793272921
"NM_001113747",696.92313652419,759.497182219718,820.750412373992,359.847669630176,346.672141203206,397.740729544535
"NM_001107110",11.5384625252349,15.9474473956896,19.974014460429,28.3026257012498,19.4486474728306,29.0019281959557
"NM_001024741",30.0000025656108,39.868618489224,70.8169603597028,101.889452524499,28.2005388356044,49.1257151074351
"NM_001013429",235.384635514793,303.001500518103,174.318671654653,476.292758229604,465.795106974293,446.274568566338
"NM_001108315",103.846162727114,113.625562694289,79.896057841716,109.975917010571,90.4362107486623,88.1895367591305
"NM_001099758",272.307715595544,193.362799672737,208.819242086303,236.124762993284,300.481603455233,262.201105934864
"NM_012791",1179.23087007901,1168.15052173426,1281.96856446026,1340.33148856633,1569.50585105743,1389.72504906334
"NM_133397",161.538475353289,113.625562694289,152.528837697822,202.970258600391,204.697014651542,194.727232172845
"NM_001107107",1733.07707129029,2290.45213220592,3301.15984445999,1411.08805281945,2830.26442348368,1415.76759683114
"NM_001105891",1193.07702510929,976.781152985989,1020.49055697828,1176.58058272338,1248.1169515689,1318.1080427019
"NM_001013184",3810.00032583257,3960.94724690441,4219.96450963973,2383.08108404523,2339.1860747947,2169.22585384036
"NM_199373",334.615413231813,484.403714644072,430.349220647425,266.853328040355,255.263498080902,271.079247219341
"NM_130424",341.538490746954,410.646770439008,368.611357769735,195.288117338624,263.529173256855,227.872292968223
"NM_134350",330.000028221719,701.687685410343,3480.92597460385,883.041921878993,607.284017339136,2673.50427879861
"NM_001107103",424.615420928646,402.673046741163,383.137913740956,667.941966549495,669.519689252194,597.794846488066
"NM_001107105",694.615444019143,578.094968093749,960.568513596995,608.506452576871,793.99103307831,601.937979087488
"NM_001108842",83.0769301816915,157.481043032435,188.845227625874,78.0343822905887,82.1705355727093,100.618934557397
"NM_153309",226.153865494605,350.843842705172,375.874635755346,233.698823647463,251.373768586336,199.462240857899
"NM_001006955",1151.53856001845,1162.17022896088,1243.83635503581,866.060346458244,988.963723993437,786.011441718961
"NM_001037095",3297.69258971214,2557.57187608372,2658.35974273346,3638.10037228351,2902.22441913315,3075.38814094256
"NM_207602",3180.00027195475,1538.92867368405,2010.11218251772,3353.4568223738,2981.96387377175,2781.81760246922
"NM_130419",92.3077002018795,71.7635132806033,154.344657194224,62.2657765427495,74.3910765835771,56.8201042206478
"NM_001034126",5820.0004977285,4441.36409969956,3479.11015510745,7943.73838789221,8887.54567889677,7918.71014966716
"NM_212519",1202.30779512948,1841.93017420215,1478.07707007175,1276.44841912637,1218.94398035966,900.835402331521
"NM_001012144",2397.69251274382,2689.13831709816,2538.51565597089,2243.1852484362,2305.15094171725,2026.58371720311
"NM_001047846",856.153919372432,749.530027597412,875.224997266071,856.760912299262,838.72292226582,723.864452727628
"NM_001008337",696.92313652419,697.700823561421,639.168462733728,508.638616173889,786.697790275998,553.404140065684
"NR_132626",90.0000076968325,89.7043916007541,70.8169603597028,69.1392713559102,70.0151309021902,95.2920497867114
"NM_001107096",55.3846201211277,85.7175297518317,85.3435163309239,77.6300590662851,66.1254014076241,73.3926346183368
"NM_022515",3168.46180942951,5007.49848224654,4726.57814913606,3395.10211447706,3677.25302092545,3837.13266315062
"NM_001107095",242.307713029934,265.12631295334,292.346938920825,400.279992060533,1460.59342520958,348.6150144371
"NM_001329881",27.6923100605638,47.8423421870688,69.0011408633002,123.722906636892,55.4286452975673,113.640208441296
"NM_019195",1896.92323914862,1897.74624008706,2171.72011769755,1944.79470890016,1514.56342194668,2147.32643867198
"NM_001105883",828.461609311868,596.035846413899,621.010267769702,2009.08210156443,1504.35288202345,1342.96683829844
"NM_001134481",450.000038484162,514.30517851099,811.671314891979,628.318290567745,457.043215611519,337.369368810096
"NM_001123352",85.3846226867385,89.7043916007541,107.133350287756,123.318583412588,124.957560012937,103.578314985556
"NM_031518",23.0769250504699,19.934309244612,27.2372924460396,96.2289273842493,55.4286452975673,45.5744585936446
"NM_213630",2.30769250504699,13.9540164712284,9.07909748201318,5.66052514024996,5.83459424184918,16.5725303976889
"NM_134394",1266.9231852708,1319.65127199332,1218.41488208617,1270.38357076181,1151.84614657839,1302.71926447548
"NM_022543",1610.7693685228,1006.68261685291,1287.41602294947,3499.41750634738,2545.34173800671,3868.50209568911
"NM_001191927",120.000010262443,121.599286392133,143.449740215808,136.256926590303,96.2708049905115,152.704030092991
"NM_023953",80.7692376766445,67.7766514316809,63.5536823740923,108.76294733766,105.508912540106,126.069606239562
"NM_001025015",161.538475353289,235.224849086422,172.502852158251,122.509936963981,125.443776199757,110.088951927505
"NM_001009678",219.230787979464,247.185434633189,281.452021942409,158.090380702695,151.699450288079,127.845234496458
"NM_001008285",170.769245373477,195.356230597198,138.0022817266,155.664441356874,231.925121113505,176.970949603893
"NM_001108318",1331.53857541211,1690.4294239431,1341.89060784155,1661.76845188767,1736.27800313695,1400.97069469035
"NM_001105881",463.846193514444,574.108106244826,421.270123165412,587.077321688781,775.0286017923,511.972814071462
"NM_001191826",1086.92316987713,821.293540878015,530.21929294957,1515.80776791408,1540.33287984818,1142.91272135491
"NM_213627",90.0000076968325,133.559871938901,147.081379208614,473.866818883782,407.935380742622,308.367440614141
"NM_001305153",166.153860363383,199.34309244612,168.871213165445,135.448280141695,168.230800639985,101.210810643029
"NR_032745",99.2307777170204,91.6978225252153,110.764989280561,92.1856951412136,109.398642034672,91.1489171872892
"NM_001012018",6.92307751514096,9.96715462230601,7.26327798561055,8.08646448607137,19.4486474728306,29.0019281959557
"NM_001100652",648.461593918203,536.232918680063,744.485993525081,591.524877156121,576.166181382607,582.40606826164
"NM_183325",256.153868060215,360.810997327478,281.452021942409,247.04149004948,286.381334037431,326.123723183093
"NM_001007676",385.384648342847,428.587648759158,334.110787338085,401.08863850914,401.614570313952,558.139148750739
"NM_138882",69.2307751514096,119.605855467672,156.160476690627,84.0992306551422,130.305938067965,168.092808319416
"NM_199113",150.000012828054,23.9211710935344,110.764989280561,143.93906785207,66.6116175944449,174.603445261366
"NM_053540",816.923146786633,914.984794327692,858.882621798447,593.546493277638,621.870502943759,592.46796171738
"NM_052980",2224.6155748653,2912.40258063782,1559.78894740986,3023.52907134208,4155.68974875708,3505.09017911121
"NM_001195558",182.307707898712,269.113174802262,232.424895539538,256.745247432766,340.837546961357,204.197249542953
"NM_024369",722.307754079707,482.410283719611,646.431740719339,923.069921085047,852.823191683622,1148.83148221122
"NM_001037338",523.846198645666,578.094968093749,588.325516834454,659.855502063424,828.998598529405,748.723248324161
"NM_001100556",251.538483050122,287.054053122413,404.927747697788,236.933409441891,371.955382917886,194.727232172845
"NM_001108319",523.846198645666,713.64827095711,533.850931942375,472.653849210871,579.569694690352,462.847098964027
"NM_001011898",260.769253070309,153.494181183513,364.97971877693,257.958217105677,288.326198784714,340.920625323887
"NM_001107092",76.1538526665505,111.632131769827,112.580808776963,156.877411029785,129.333505694324,213.667266913061
"NM_001127536",4.61538501009397,3.9868618489224,5.44745848920791,16.1729289721427,26.2556740883213,24.8587955965334
"NM_020081",43.8461575958927,17.9408783201508,45.3954874100659,46.0928475706068,32.0902683301705,34.9206890522731
"NM_001105875",507.692351110337,651.851912298813,610.115350791286,537.345565099442,524.627265579606,406.618870829011
"NM_001029903",1719.23091626,1337.59215031347,1323.73241287752,1949.64658759181,1823.31070057787,2340.86991867356
"NM_001024766",73.8461601615036,105.651838996444,103.50171129495,71.9695339260352,92.3810754959454,85.8220324166035
"NM_001109053",1910.7693941789,1511.02064074159,2044.61275294937,2761.52762199337,2263.82256583748,3569.60467244507
"NM_001103351",2238.46172989558,2172.83970766271,2868.99480431617,2693.19699708607,2317.30634638777,3030.99743452018
"NM_134419",219.230787979464,281.073760349029,295.97857791363,143.534744627767,166.772152079523,147.377145322305
"NM_001191659",3683.07723805499,2487.80179372758,4784.68437302095,4407.9317913575,5069.77617998012,4808.40131967232
"NM_001014125",1684.6155286843,1178.11767635657,829.829509856005,1242.08094506056,1505.81153058391,2523.75962913377
"NM_057147",459.23080850435,438.554803381464,364.97971877693,494.891626547568,508.582131414521,506.645929300776
"NM_001025402",2051.53863698677,2589.4667708751,2500.38344654643,1226.31233931272,1151.35993039157,1154.75024306754
"NM_001107090",1689.23091369439,1509.02720981713,1207.51996510775,2001.80428352697,2502.06849737966,2355.07494472873
"NM_001014230",108.461547737208,35.8817566403016,45.3954874100659,200.139996030266,185.248367178712,224.321036454433
"NM_021264",13.8461550302819,33.8883257158404,25.4214729496369,16.1729289721427,16.0451341650853,9.47001737010797
"NM_001108843",27.6923100605638,71.7635132806033,70.8169603597028,26.6853328040355,18.9624312860098,26.0425477677969
"NM_001047899",1723.8463012701,1746.24548982801,1565.23640589907,2163.53357324839,2441.77769021388,2000.54116943531
"NM_001008336",297.692333151061,488.390576492994,401.296108704983,327.097488461587,305.343765323441,285.284273274503
"NM_078622",690.000059009049,960.833705590299,757.1967299999,636.404755053817,653.474555087109,527.361592297888
"NM_001109054",36.9230800807518,47.8423421870688,59.922043381287,34.3674740658033,37.9248625720197,37.8800694804319
"NM_001127597",207.692325454229,318.948947913792,232.424895539538,335.183952947658,336.94781746679,248.587955965334
"NM_001109055",113.076932747302,153.494181183513,172.502852158251,138.27854271182,153.644315035362,127.845234496458
"NM_001024995",281.538485615732,213.297108917349,366.795538273333,282.621933788194,326.251061356734,339.736873152623
"NM_138865",500.769273595196,418.620494136852,519.324375971154,618.210209960156,589.780234613588,485.338390218033
"NM_053306",927.692387028889,903.024208780924,967.831791582605,721.71695538187,920.407241651709,694.270648446041
"NM_053995",4624.61578011416,1257.85491333502,1646.94828323719,15840.9796049895,13540.1483705847,15108.228961836
"NM_138823",1160.76933003863,1219.97972577026,1056.80694690633,1398.95835609035,1505.32531439709,1115.68642141585
"NM_001013421",588.461588786982,653.845343223274,748.117632517886,513.490494865532,557.689966283418,468.765859820345
"NM_001039002",173.076937878524,185.389075974892,210.635061582706,156.877411029785,125.929992386578,195.910984344109
"NM_012795",20.7692325454229,11.9605855467672,14.5265559712211,24.2593934582141,9.72432373641531,22.4912912540064
"NM_001109369",41.5384650908458,85.7175297518317,45.3954874100659,87.7381396738744,70.501347089011,81.6788998171812
"NM_001107085",2794.6156236119,3049.94931442564,2086.37660136663,5180.59347300162,5466.04237223904,4855.15953043723
"NM_024360",272.307715595544,366.791290100861,477.560527553894,415.239951359765,820.246707166631,408.986375171538
"NM_182736",360.00003078733,251.172296482111,337.74242633089,428.582617761783,340.837546961357,356.901279635944
"NM_031699",664.615441453532,281.073760349029,497.534542014322,3224.47771382096,2237.56689174916,3609.85224626803
"NR_132630",64.6153901413156,75.7503751295257,27.2372924460396,111.997533132088,43.2732406270481,103.578314985556
"NM_001107084",235.384635514793,211.303677992887,72.6327798561055,204.587551497606,293.674576839742,318.42933406988
"NM_001108321",327.692335716672,480.41685279515,666.405755179768,1135.74393706872,550.882939667927,1866.77717408253
"NM_001113344",5460.00046694117,6687.96075156733,3951.22322417214,5844.49220730808,4515.97594319127,4669.31043954886
"NM_147205",6.92307751514096,27.9080329424568,5.44745848920791,12.5340199534106,8.26567517595301,10.6537695413715
"NM_001105869",161.538475353289,181.402214125969,256.030548992772,255.936600984159,146.35107223305,148.560897493569
"NM_001009628",4834.61579807344,5208.83500561712,4704.78831517923,14172.3376582887,11816.0257721182,14587.3780064801
"NM_012696",9837.6931490153,16274.3700673013,10034.218537121,34584.19131403,22158.3302819827,24636.2501883359
"NM_001102418",641.538516403062,67.7766514316809,32.6847509352475,35.1761205144105,22.3659445937552,35.5125651379049
"NM_012898",172746.937850302,109754.319838985,107138.797746245,400381.477189833,465801.427784722,530226.864428431
"NM_133428",13876.1550328475,2792.79672517014,8370.92787841616,15902.0324118593,20268.4079638104,21359.0323021929
"NM_001329900",1382.30781052314,2200.74774060517,655.510838201352,8758.0453616396,4883.55538042777,884.854748019463
"NM_001309522",286.153870625826,127.579579165517,154.344657194224,190.031915422677,141.488910364843,198.870364772267
"NM_053348",1303.84626535155,119.605855467672,181.581949640264,361.46496252739,322.361331862167,374.657562204897
"NM_001109553",2.30769250504699,9.96715462230601,1.81581949640264,8.08646448607137,6.32081042866995,3.55125651379049
"NM_001015021",3078.46180173268,3285.17416351206,3490.00507208587,4186.36266443915,3282.93169341381,3293.79041654068
"NM_001012016",491.538503575008,592.048984564977,392.21701122297,473.866818883782,597.559693602721,584.773572604167
"NM_057119",1742.30784131047,2402.08426397575,2247.98453654646,2198.70969376281,2707.73794440484,2691.85243745319
"NM_023989",470.769271029585,480.41685279515,483.007986043101,473.462495659479,535.324021689663,423.783277312332
"NM_133606",12648.4626201625,5894.57524363177,3647.9813682729,8800.49930019147,12949.3957035974,8218.79132508245
"NM_001105868",11.5384625252349,25.9146020179956,30.8689314388448,28.7069489255534,18.4762150991891,30.7775564528509
"NM_001134789",143.076935312913,153.494181183513,179.766130143861,134.639633693088,167.258368266343,142.642136637251
"NM_057134",927.692387028889,1028.61035702198,753.565091007094,972.397354450082,1058.97885489563,902.019154502784
"NM_031133",357.692338282283,400.679615816702,370.427177266138,530.472070286282,624.787800064683,559.322900922002
"NM_017137",493.846196080055,444.535096154848,390.401191726567,659.046855614817,791.559952144206,813.237741658022
"NM_001142363",71.5384676564566,35.8817566403016,56.2904043884817,15.7686057478392,15.0727017914437,24.8587955965334
"NM_021678",6.92307751514096,13.9540164712284,16.3423754676237,19.4075147665713,21.3935122201137,8.87814128447622
"NM_001134535",20.7692325454229,5.98029277338361,9.07909748201318,9.70375738328564,19.9348636596514,17.7562825689524
"NM_001031639",8310.0007106742,8228.88285617584,7679.10065028675,6357.17405572501,5597.80695886747,5612.76092004587
"NM_138866",1788.46169141141,1766.17979907262,1712.31778510769,1525.51152529736,1449.89666909952,1487.97647927821
"NM_053837",4463.07730476087,4357.64000087219,4267.1758165462,3644.16522064806,3261.05196500687,3711.65493299669
"NM_001107081",491.538503575008,530.25262590668,504.797819999933,569.287099819424,536.782670250125,539.790990096154
"NM_053924",306.923103171249,265.12631295334,450.323235107854,343.27041743373,389.459165643433,472.317116334135
"NM_001109057",1170.00010005882,1295.73010089978,1311.0216764027,1008.7864446374,1060.92371964291,950.552993524587
"NM_012531",35441.5414925116,16565.4109822726,11305.2921846028,25184.0806721964,48698.4408395942,38506.2743790303
"NM_001131013",1008.46162470553,659.825635996658,1035.0171129495,1235.61177347171,1292.84884075642,1466.07706410984
"NM_001108324",756.923141655412,966.813998363683,1182.09849215812,750.828227531727,652.502122713467,508.421557557672
"NM_001039021",170.769245373477,161.467904881357,216.082520071914,143.534744627767,110.857290595135,123.110225811404
"NM_001105865",519.230813635572,502.344592964223,528.403473453167,630.339906689263,430.301325336377,504.278424958249
"NM_001011895",828.461609311868,1056.51838996444,1131.25554625884,615.379947390031,619.925638196476,546.893503123735
"NM_001107080",703.846214039331,584.075260867132,477.560527553894,643.682573091281,622.35671913058,777.133300434485
"NM_001135778",1352.30780795753,905.017639705386,508.429458992738,2324.04989329691,3984.54165099617,2680.01491574056
"NM_017307",5649.23125235502,3765.59101630721,3635.27063179808,5502.83908277157,5830.70451235462,5497.93695943331
"NM_001105864",85.3846226867385,51.8292040359912,58.1062238848844,100.676482851589,144.892423672588,177.562825689524
"NM_001011900",2.30769250504699,5.98029277338361,1.81581949640264,5.66052514024996,2.91729712092459,6.51063694194923
"NM_001012146",459.23080850435,530.25262590668,499.350361510725,690.584067110495,645.695096097976,702.556913644885
"NM_001107078",25.3846175555169,39.868618489224,10.8949169784158,24.2593934582141,47.649186308435,50.3094672786986
"NM_001167806",671.538518968673,731.589149277261,809.855495395576,806.220509261315,741.479684901667,814.421493829285
"NM_001108326",1377.69242551305,1283.76951535301,1387.28609525161,1140.59581576037,1081.34479948938,1266.02294716631
"NM_001105863",376.153878322659,378.751875647628,345.005704316501,247.850136498087,256.722146641364,298.897423244033
"NM_001013977",39.2307725857988,27.9080329424568,36.3163899280527,33.9631508414997,39.8697273193028,17.1644064833207
"NM_001008284",581.538511271841,651.851912298813,640.984282230131,726.164510849209,761.414548561318,791.930202575279
"NM_024382",12872.3087931521,8372.40988273705,6905.56154481923,26196.9103490768,27590.3375211443,31115.5176977466
"NM_001105862",43.8461575958927,65.7832205072197,41.7638484172606,31.5372114956783,38.4110787588405,50.9013433643303
"NM_001017383",570.000048746606,775.444629615408,731.775257050263,779.939499681584,770.652656110913,836.912785083292
"NM_001109433",1188.4616400992,934.919103572304,1180.28267266171,1692.49701693474,1178.10182066671,1549.53159218392
"NM_175755",523.846198645666,402.673046741163,450.323235107854,383.298416639783,376.331328599272,415.497012113487
"NM_001105861",1276.15395529098,992.728600381679,891.567372733695,1054.0706457594,1034.18182936777,1090.23574973368
"NM_001100499",378.461570827706,568.127813471443,599.22043381287,354.187144489926,283.464036916506,276.406131990026
"NM_139263",376.153878322659,418.620494136852,196.108505611485,512.681848416925,406.962948368981,420.823896884173
"NM_001009627",410.769265898364,406.659908590085,457.586513093464,350.952558695497,320.902683301705,339.144997066992
"NM_001105860",175.384630383571,211.303677992887,159.792115683432,171.837370329017,175.037827255476,206.56475388548
"NM_183052",752.307756645318,994.72203130614,935.147040647358,779.53517645728,742.452117275309,668.819976763875
"NM_033651",228.461557999652,338.883257158404,453.954874100659,564.435221127782,250.887552399515,329.674979696884
"NM_001108329",348.461568262095,267.119743877801,403.111928201385,530.472070286282,736.61752303346,591.284209546116
"NM_001170404",143.076935312913,119.605855467672,147.081379208614,171.433047104713,429.328892962736,178.154701775156
"NM_001107139",994.615469675251,865.149021216162,837.092787841616,1080.35165533913,970.001292707427,920.959189243
"NM_001029911",94.6153927069264,53.8226349604525,63.5536823740923,184.775713506731,158.50647690357,175.195321346997
"NM_001005533",789.230836726069,855.181866593856,748.117632517886,656.216593044692,875.189136277378,654.614950708713
"NM_001025033",279.230793110685,330.909533460559,305.057675395643,173.050340001927,230.466472553043,227.872292968223
"NM_001031640",4580.76962251827,5248.70362410634,5126.05843834464,3826.11067158467,3517.28789546142,3173.0476950718
"NM_012722",646.153901413156,279.080329424568,719.064520575444,1418.36587085692,1034.66804555459,951.736745695851
"NM_001107149",2201.53864981483,2077.15502328857,2131.7720887767,2282.40460119364,1981.81717748144,1816.46770680383
"NM_001105904",16.1538475353289,15.9474473956896,27.2372924460396,33.5588276171962,37.4386463851989,25.4506716821652
"NM_001107115",1043.07701228124,916.978225252153,936.962860143761,1069.83925150724,1099.33479840175,1078.99010410668
"NM_017071",2201.53864981483,2515.70982667004,1997.4014460429,2099.65050380843,1993.97258215196,1925.37290656008
"NM_001109060",1292.30780282631,905.017639705386,571.983141366831,1841.69228670275,2240.48418887009,1548.34784001265
"NM_001170398",76.1538526665505,89.7043916007541,85.3435163309239,131.000724674356,143.433775112126,124.885854068299
"NM_013111",558.461586221371,757.503751295257,1073.14932237396,64.691715888571,63.2081042866995,88.7814128447622
"NM_001309381",191.5384779189,193.362799672737,187.029408129472,135.448280141695,163.368638771777,121.334597554508
"NM_001100822",13.8461550302819,35.8817566403016,30.8689314388448,56.200928178196,54.4562129239257,55.6363520493843
"NM_019306",904.615461978419,685.740238014653,591.95715582726,637.213401502424,774.542385605479,691.903144103514
"NM_001166576",36.9230800807518,43.8554803381464,76.2644188489108,79.651675187803,63.2081042866995,69.8413781045463
"NM_001105907",1885.38477662339,2017.35209555474,2182.61503467597,2315.15478236223,2095.5917651975,2272.21229274028
"NM_013105",490093.888066849,450786.495533958,299800.877953557,14498.6265003017,19649.9409741744,7677.81658281504
"NM_031146",1029.23085725096,1160.17679803642,1007.77982050346,1187.49730977958,1033.69561318095,1096.15451059
"NM_001107119",343.846183252001,430.58107968362,334.110787338085,480.335990472639,545.048345426078,562.282281350161
"NM_001109598",477.692348544726,472.443129097305,591.95715582726,571.713039165246,667.574824504911,573.527926977164
"NM_001105908",270.000023090497,301.008069593641,257.846368489174,275.748438975034,253.80484952044,259.241725506706
"NM_001034140",1576.15398094709,1983.4637698389,1499.86690402858,834.118811738262,888.316973321538,693.678772360409
"NM_013223",1435.38473813923,1495.0731933459,1142.15046323726,1776.19192436558,1834.00745668793,1739.52381567171
"NM_012863",798.461606746257,1744.25205890355,1016.85891798548,184.371390282427,396.752408445745,224.912912540064
"NM_001107120",512.307736120431,334.896395309482,490.271264028712,515.51211098705,564.010776712088,581.814192176008
"NM_001107123",1056.92316731152,1437.26369653653,1027.75383496389,1640.74364422388,1559.78152732102,1616.4135898603
"NM_001107121",106.153855232161,95.6846843741377,107.133350287756,142.72609817916,115.719452463342,175.787197432629
"NM_001107122",385.384648342847,420.613925061314,415.822664676204,574.543301735371,509.068347601341,545.11787486684
"NM_001007615",1386.92319553324,1439.25712746099,1608.81607381274,1417.15290118401,1301.11451593237,1460.15830325352
"NM_031034",7324.61601101913,4887.89262677887,4813.73748496339,7718.93467517943,7988.04573327835,8058.98478196188
"NM_001109387",565.384663736512,631.917603054201,510.245278489141,735.463945008191,456.556999424699,815.605246000549
"NM_133567",23.0769250504699,43.8554803381464,63.5536823740923,22.2377773366963,17.5037827255476,15.3887782264255
"NM_001107127",124.615395272537,81.7306679029093,67.1853213668976,89.7597557953922,95.29837261687,95.2920497867114
"NM_001134857",521.538506140619,743.549734824028,733.591076546665,435.860435799247,435.163487204585,402.475738229589
"NM_001012238",1149.2308675134,1263.8352061084,737.222715539471,1590.20324118593,1911.80204657925,1239.38852331288
"NM_147206",2215.38480484511,749.530027597412,492.087083525115,318.202377526908,980.211832630663,113.640208441296
"NM_001012021",281.538485615732,314.96208606487,305.057675395643,331.545043928926,302.426468202516,364.003792663525
"NM_001170403",36.9230800807518,47.8423421870688,45.3954874100659,65.0960391128745,55.4286452975673,60.3713607344383
"NM_031576",5640.00048233483,29435.0010305941,4833.71149942382,4476.26241626481,3252.3000736441,2787.73636332553
"NM_001100475",570.000048746606,362.804428251939,613.746989784091,801.772953793976,637.915637108844,768.255159150009
"NM_001108332",708.461599049425,659.825635996658,599.22043381287,646.91715888571,656.878068394854,708.475674501203
"NM_001001504",556.153893716324,514.30517851099,626.45772625891,758.510368793494,673.895634933581,682.433126733406
"NM_001108333",380.769263332753,374.765013798706,437.612498633036,414.431304911158,502.261320985851,361.044412235366
"NM_001107137",782.307759210928,851.195004744933,715.432881582639,890.724063140761,974.863454575634,957.063630466537
"NM_203338",466.153886019491,683.746807090192,526.587653956765,528.854777389068,424.466731094528,336.777492724465
"NM_001034924",588.461588786982,753.516889446334,677.300672158183,724.951541176298,807.605086309291,738.06947878279
"NM_023104",618.461591352592,159.474473956896,348.637343309306,573.734655286764,676.812932054505,278.181760246922
"NM_001271326",332.307720726766,492.377438341917,421.270123165412,251.084722292516,291.729712092459,245.036699451544
"NM_001170554",140.769242807866,163.461335805819,116.212447769769,181.945450936606,143.919991298947,188.216595230896
"NM_001108334",2166.92326223912,2192.77401690732,2342.4071503594,3043.34090933296,3681.14275042001,2083.99569750939
"NM_001107138",1661.53860363383,1961.53602966982,1839.42514985587,1787.91729787038,1705.16016718042,1474.36332930868
"NM_001083898",90.0000076968325,326.922671611637,559.272404892012,11.3210502804999,14.586485604623,18.9400347402159
"NM_031745",1615.38475353289,2258.55723741454,1855.76752532349,1706.24400656106,1615.6963888054,1424.05386202999
"NM_001105928",272.307715595544,197.349661521659,283.267841438811,597.994048744978,788.156438836461,694.270648446041
"NM_001115046",590.769281292028,669.792790618964,680.932311150989,514.299141314139,469.684836468859,474.09274459103
"NM_001107140",73.8461601615036,57.8094968093749,245.135632014356,318.606700751212,123.012695265654,193.543480001582
"NM_001177613",311.538488181343,518.292040359912,332.294967841683,243.402581030748,267.905118938242,242.669195109017
"NM_001080147",4428.46191718517,4385.54803381464,4174.56902222966,4416.42257906788,4310.30649616608,4516.60640945587
"NM_031338",87.6923151917855,41.8620494136852,87.1593358273266,125.74452275841,124.957560012937,115.415836698191
"NM_001100679",408.461573393317,362.804428251939,414.006845179801,556.753079866014,457.043215611519,576.487307405323
"NM_201991",343.846183252001,406.659908590085,408.559386690593,314.159145283873,262.556740883213,307.775564528509
"NM_001271380",99.2307777170204,797.372369784481,397.664469712177,78.4387055148923,45.2181053743312,311.3268210423
"NM_053760",1218.46164266481,1526.96808813728,1866.66244230191,948.137960991868,904.362107486624,1451.87203805468
"NM_139332",2139.23095217856,1736.27833520571,1672.36975618683,2628.10095797319,3043.22711331117,3071.24500834314
"NM_001109066",265.384638080403,265.12631295334,210.635061582706,202.565935376088,288.812414971535,171.052188747575
"NM_001107145",1433.07704563418,1632.61992713372,1833.97769136666,1289.38676230408,1232.55803359064,1018.61874337224
"NM_001024254",964.61546710964,767.470905917563,691.827228129405,1353.67415496835,1088.15182610487,1016.25123902971
"NM_053612",4712.30809530595,6490.61109004567,7072.61693848827,2739.28984465668,3071.42765214677,1889.86034142217
"NM_001039022",846.923149352244,835.247557349244,724.511979064652,559.179019211835,614.577260141447,923.326693585527
"NM_001191667",120.000010262443,145.520457485668,221.529978561122,86.1208467766601,82.1705355727093,56.8201042206478
"NM_001012147",1354.61550046258,1212.00600207241,1142.15046323726,1641.95661389679,1642.43827908055,1785.69015035098
"NM_001109327",738.461601615036,637.897895827585,737.222715539471,871.31654837419,909.710485541652,887.814128447622
"NM_001005553",807.692376766445,831.260695500321,829.829509856005,862.017114215208,823.650220474377,858.812200251667
"NM_053626",2852.30793623808,1485.1060387236,1518.0250989926,2405.72318460623,3205.62331970931,1866.77717408253
"NM_001107156",521.538506140619,602.016139187283,611.931170287689,580.203826875621,627.705097185608,554.587892236948
"NM_023970",32.3076950706578,11.9605855467672,23.6056534532343,5.66052514024996,3.88972949456612,2.36750434252699
"NM_001108341",1926.92324171423,1393.40821619838,1229.30979906459,2130.78339207981,2398.99066577366,2693.62806571009
"NM_001191928",6.92307751514096,1.9934309244612,5.44745848920791,18.1945450936606,19.9348636596514,8.28626519884447
"NM_001107152",281.538485615732,338.883257158404,355.900621294917,643.682573091281,324.30619660945,483.562761961138
"NM_001009258",941.53854205917,990.735169457217,860.69844129485,1148.68228024644,1124.13182392961,1100.88951927505
"NM_001142758",752.307756645318,659.825635996658,439.428318129438,928.730446225297,658.336716955316,951.144869610219
"NM_001107117",94.6153927069264,69.7700823561421,39.948028920858,94.611634487035,78.767022264964,79.3113954746542
"NM_001025425",334.615413231813,384.732168421012,346.821523812904,378.850861172444,396.266192258924,393.597596945113
"NM_001034139",18.4615400403759,23.9211710935344,29.0531119424422,12.1296967291071,14.586485604623,11.2456456270032
"NM_001108848",1315.38472787678,1227.9534494681,1312.83749589911,1431.30421403463,1491.71126116611,1504.5490096759
"NM_017267",1500.00012828054,1622.65277251142,1463.55051410053,1342.75742791215,1417.80640076935,1630.02673982983
"NM_001013121",221.538480484511,221.270832615193,259.662187985577,193.670824441409,179.899989123683,228.464169053855
"NM_001170397",120.000010262443,127.579579165517,94.4226138129371,40.8366456546604,64.6667528471618,63.9226172482288
"NM_001108850",540.000046180995,590.055553640516,508.429458992738,422.113446172925,413.769974984471,436.212675110598
"NM_001134602",6.92307751514096,17.9408783201508,9.07909748201318,7.6821412617678,4.37594568138689,3.55125651379049
"NM_001195245",763.846219170552,382.738737496551,506.613639496336,513.086171641228,499.830240051747,497.7677880163
"NM_139109",754.615449150364,887.076761385235,964.2001525898,627.509644119138,774.542385605479,678.289994133983
"NM_031126",754.615449150364,769.464336842024,835.276968345213,629.531260240656,625.760232438325,688.351887589723
"NM_001144840",572.307741251653,412.640201363469,417.638484172606,524.811545146032,575.193749008965,584.181696518535
"NM_001105902",260.769253070309,386.725599345473,301.426036402838,171.837370329017,242.621877223562,217.810399512483
"NM_001105903",2667.69253583432,3119.71939678178,2442.27722266155,1085.20353403078,1157.19452463342,1199.73282557555
"NM_001108328",327.692335716672,211.303677992887,192.47686661868,225.612359161391,182.331070057787,276.998008075658
"NM_001009629",140.769242807866,173.428490428125,243.319812517953,214.695632105195,147.323504606692,191.767851744686
"NM_001035222",320.769258201531,195.356230597198,225.161617553927,171.028723880409,140.516477991201,176.970949603893
"NM_031542",87.6923151917855,75.7503751295257,108.949169784158,157.281734254088,78.2808060781432,118.37521712635
"NM_001011901",3138.4618068639,4511.1341820557,4501.41653158214,2596.15942325321,2515.68255061064,1543.02095524197
"NM_017260",18.4615400403759,21.9277401690732,45.3954874100659,47.7101404678211,49.1078348688973,53.2688477068573
"NM_001198555",80.7692376766445,93.6912534496765,90.7909748201318,65.9046855614817,89.4637783750208,48.5338390218033
"NM_001006956",16.1538475353289,57.8094968093749,39.948028920858,10.1080806075892,11.6691884836984,9.47001737010797
"NM_001015030",4770.00040793212,3982.87498707348,4590.39168690587,3351.83952947658,3312.10466462305,3071.24500834314
"NM_022861",108.461547737208,83.7240988273705,105.317530791353,152.025532338142,197.889988036052,143.234012722883
"NM_001100942",2836.15408870275,3177.52889359116,3016.07618352478,2478.90568820518,2754.41469833964,2546.84279647341
"NM_001024968",597.69235880717,464.46940539946,366.795538273333,874.146810944315,778.918331286866,864.139085022352
"NM_001037787",717.692369069613,791.392077011097,793.513119927952,410.792395892426,429.328892962736,358.676907892839
"NM_053330",618.461591352592,1164.16365988534,1329.17987136673,754.062813326155,807.118870122471,817.380874257444
"NM_001002829",23.0769250504699,9.96715462230601,14.5265559712211,33.5588276171962,35.9799978247366,32.5531847097461
"NM_145782",33274.6182302725,9857.51592146064,5503.74889359639,18224.465012259,29665.5082064954,7864.84942587467
"NM_001107118",1174.61548506892,1323.63813384224,1261.99454999983,1288.98243907978,1521.856664749,1245.89916025483
"NM_153312",199650.01707414,48091.5210526265,31464.5202336649,98352.8372815159,136574.723364645,60944.8886614155
"NM_001108851",325.384643211625,450.515388928232,355.900621294917,225.208035937088,207.128095585646,235.566682081436
"NM_001008362",1091.53855488722,1612.68561788911,1182.09849215812,959.054688048064,1127.53533723735,997.903080375127
"NM_022595",2035.38478945144,2001.40464815905,2197.14159064719,1757.99737927192,1537.90179891408,1654.29365934074
"NM_145724",200.769247939088,213.297108917349,201.555964100693,207.822137292034,177.9551243764,205.972877799848
"NM_019289",1700.76937621963,1766.17979907262,2289.74838496373,1459.60683973588,1464.48315470415,1596.28980294882
"NM_001012351",450.000038484162,432.574510608081,437.612498633036,451.224718322782,448.777540435566,436.80455119623
"NM_001271117",2656.15407330908,2814.72446533922,2533.06819748168,2779.72216708703,3065.59305790493,3125.10573213563
"NM_053556",729.230831594848,697.700823561421,671.853213668976,609.719422249781,630.136178119712,609.632368200701
"NM_001109665",454.615423494256,414.63363228793,421.270123165412,333.16233682614,418.145920665858,396.556977373271
"NM_001009604",1063.84624482666,1064.49211366228,907.909748201318,808.242125382833,941.800753871823,947.593613096429
"NM_001037191",1206.92318013957,1196.05855467672,1505.31436251779,1131.70070482569,1288.95911126185,1213.93785163072
"NM_001137641",2406.92328276401,2146.92510564471,2367.82862330904,2787.8086315731,2898.33468963858,2334.35928173161
"NM_001014126",1336.15396042221,1090.40671568028,1076.78096136676,1266.74466174308,1284.09694939364,1343.55871438407
"NM_001037348",581.538511271841,751.523458521873,693.643047625807,379.659507621051,336.46160127997,299.489299329665
"NM_001044297",53.0769276160807,43.8554803381464,36.3163899280527,60.2441604212317,34.5213492642743,47.3500868505399
"NM_053912",163.846167858336,183.395645050431,216.082520071914,196.905410235838,251.859984773156,201.829745200426
"NM_001105909",230.769250504699,265.12631295334,315.952592374059,337.60989229348,343.26862789546,346.247510094573
"NM_134366",3055.38487668221,2597.44049457295,2783.65128798524,2452.22035540114,2441.29147402706,2295.88733616555
"NM_001017485",588.461588786982,697.700823561421,571.983141366831,210.652399862159,228.52160780576,149.152773579201
"NM_001013122",1442.30781565437,1794.08783201508,1637.86918575518,1430.89989081033,1407.59586084612,1331.72119267143
"NM_001013123",600.000051312216,683.746807090192,568.351502374025,544.623383136907,463.364026040189,725.048204898891
"NM_001191664",78.4615451715975,109.638700845366,88.9751553237292,103.911068646017,95.7845888036908,97.0676780436067
"NM_031144",20194.6171116662,17572.0935991255,23658.31221863,16577.6565196706,21531.5976171708,15852.2172014751
"NM_001105911",18.4615400403759,5.98029277338361,16.3423754676237,124.935876309803,59.3183747921334,68.6576259332828
"NM_001037217",25.3846175555169,7.97372369784481,9.07909748201318,87.7381396738744,62.235671913058,94.108297615448
"NM_001037220",627.69236137278,685.740238014653,724.511979064652,494.891626547568,413.283758797651,594.835466059907
"NM_001037219",175.384630383571,175.421921352586,208.819242086303,224.803712712784,237.759715355354,272.854875476236
"NM_001047092",20.7692325454229,17.9408783201508,30.8689314388448,22.6421005609998,16.531350351906,34.3288129666414
"NM_001107124",999.230854685345,761.490613144179,869.777538776863,1506.9126569794,1374.04694395548,1512.83527487475
"NM_133393",122.30770276749,63.7897895827585,87.1593358273266,132.213694347267,123.498911452474,139.682756209093
"NM_001037775",53.0769276160807,35.8817566403016,50.8429458992738,51.7533727108568,43.7594568138689,66.2901215907558
"NM_001107125",166.153860363383,213.297108917349,194.292686115082,131.000724674356,147.323504606692,160.398419206204
"NM_001105912",784.615451715975,1142.23591971627,884.304094748084,492.87001042605,535.810237876483,552.220387894421
"NM_057120",64.6153901413156,61.7963586582973,61.7378628776897,53.7749888323746,45.7043215611519,78.7195193890225
"NM_001025413",207.692325454229,211.303677992887,207.003422589901,152.429855562445,161.423774024494,193.543480001582
"NM_145673",948.461619574311,1030.60378794644,1436.31322165449,382.085446966872,630.136178119712,517.299698842148
"NM_001008363",849.230841857291,2061.20757589288,2291.56420446013,457.289566687336,656.878068394854,411.353879514065
"NM_001109062",549.230816201183,729.5957183528,330.47914834528,547.857968931335,616.52212488873,679.473746305247
"NM_001107126",784.615451715975,845.21471197155,809.855495395576,570.500069492335,569.845370953937,623.837394255862
"NM_001163320",1299.23088034145,1708.37030226325,1461.73469460412,794.899458980816,817.329410045707,845.790926367768
"NM_001007147",300.000025656108,450.515388928232,524.771834460362,314.563468508176,348.617005950489,331.450607953779
"NM_012801",87.6923151917855,71.7635132806033,170.687032661848,65.5003623371781,66.6116175944449,44.3907064223811
"NM_001107128",36.9230800807518,5.98029277338361,3.63163899280527,7.27781803746423,8.26567517595301,3.55125651379049
"NM_139260",182.307707898712,235.224849086422,301.426036402838,236.529086217588,211.017825080212,253.322964650388
"NM_001105915",590.769281292028,454.502250777154,499.350361510725,500.552151687818,595.614828855438,545.11787486684
"NM_001105914",475.384656039679,502.344592964223,559.272404892012,440.71231449089,407.449164555801,482.379009789875
"NM_001127246",872.307766907761,938.905965421226,1122.17644877683,976.440586693118,1165.9464159962,1077.21447584978
"NM_053531",833.076994321962,699.694254485882,606.483711798481,718.482369587441,679.73022917543,585.365448689799
"NM_001025760",588.461588786982,649.858481374352,502.98200050353,536.536918650835,455.098350864236,628.572402940917
"NM_012826",27708.4639080992,22021.4314225229,16917.9902479834,25184.0806721964,27045.2891757183,22690.7534948643
"NM_001107129",1691.53860619944,1379.45419972715,1450.83977762571,1398.95835609035,1377.93667345005,1655.477411512
"NM_001044225",973.846237129828,956.846843741377,1149.41374122287,866.464669682547,795.449681638772,839.872165511451
"NM_001024996",147.692320323007,203.329954295043,181.581949640264,102.698098973106,123.985127639295,136.131499695302
"NM_001037977",270.000023090497,233.231418161961,332.294967841683,256.340924208462,237.273499168533,278.181760246922
"NM_001108852",175.384630383571,141.533595636745,187.029408129472,163.346582618642,174.065394881834,172.82781700447
"NM_001004203",579.230818766794,633.911033978662,935.147040647358,921.452628187832,424.952947281349,565.241661778319
"NM_001108330",1022.30777973581,837.240988273705,813.487134388381,889.511093467851,998.201831543031,1192.63031254797
"NM_001024969",673.84621147372,544.206642377908,724.511979064652,580.608150099924,538.241318810587,658.758083308136
"NM_001105918",198.461555434041,261.139451104417,217.898339568316,188.414622525463,205.183230838363,162.174047463099
"NM_031037",2307.69250504699,2465.87405355851,2489.48852956802,2372.97300343764,2479.21633659908,2532.04589433262
"NM_001105916",7954.61606489696,7066.71262721496,5383.90480683382,13332.5583214102,10292.224242622,12829.5060321538
"NM_001107133",1006.15393220049,895.05048508308,927.883762661747,1045.17553482472,921.37967402535,1179.01716257844
"NM_001107131",1239.23087521023,677.766514316809,893.383192230097,1483.46190996979,1270.48289616266,1202.10032991808
"NM_001025629",1546.15397838148,1646.57394360495,1207.51996510775,1523.08558595154,1530.12233992495,1683.29558753669
"NM_019237",235.384635514793,189.375937823814,194.292686115082,335.588276171962,303.885116762978,498.359664101932
"NM_001107130",9.23077002018795,15.9474473956896,7.26327798561055,10.1080806075892,6.32081042866995,8.28626519884447
"NM_032074",36.9230800807518,7.97372369784481,16.3423754676237,71.9695339260352,167.258368266343,195.910984344109
"NM_001127551",1080.00009236199,1042.56437349321,993.253264532242,1191.13621879831,1244.22722207434,1162.44463218075
"NM_001107132",23.0769250504699,37.8751875647628,85.3435163309239,17.790221869357,21.3935122201137,29.0019281959557
"NM_001100678",470.769271029585,470.449698172844,512.061097985544,635.59610860521,665.629959757628,662.901215907558
"NM_001044284",256.153868060215,291.040914971335,573.798960863233,289.495428601355,288.812414971535,283.508645017607
"NM_001109451",106.153855232161,71.7635132806033,81.7118773381187,137.469896263213,90.9224269354831,134.355871438407
"NM_001105919",1262.3078002607,1259.84834425948,1207.51996510775,1132.10502804999,1175.18452354579,1266.02294716631
"NR_102359",27.6923100605638,65.7832205072197,54.4745848920791,40.4323224303568,43.2732406270481,56.2282281350161
"NM_001011902",50.7692351110337,95.6846843741377,118.028267266171,33.9631508414997,50.0802672425388,50.9013433643303
"NM_178101",1220.76933516986,1257.85491333502,1864.84662280551,1282.51326749092,953.469942355521,1037.55877811245
"NM_001271350",387.692340847894,392.705892118857,381.322094244554,332.353690377533,376.331328599272,353.350023122154
"NM_001108331",1423.84627561399,1544.90896645743,1518.0250989926,1170.51573435883,1165.46019980937,1383.2144121214
"NM_012620",62.3076976362686,173.428490428125,439.428318129438,45.6885243463032,300.481603455233,24.8587955965334
"NM_001098793",256.153868060215,245.192003708728,321.400050863267,227.633975282909,239.704580102637,211.299762570534
"NM_053669",62.3076976362686,57.8094968093749,72.6327798561055,76.0127661690709,93.3535078695869,86.4139085022352
"NM_001105921",777.692374200834,731.589149277261,608.299531294883,585.460028791567,651.529690339826,688.351887589723
"NM_001105920",53.0769276160807,65.7832205072197,59.922043381287,68.3306249073031,92.3810754959454,70.433254190178
"NM_001013981",613.846206342498,480.41685279515,646.431740719339,471.845202762264,499.344023864926,572.3441748059
"NM_001107157",113.076932747302,137.546733787823,141.633920719406,161.729289721427,147.323504606692,175.787197432629
"NM_019376",2222.30788236025,2683.15802432478,2859.91570683415,1613.24966497124,1754.26800204932,1290.88174276284
"NM_031970",803.076991756351,414.63363228793,1205.70414561135,265.640358367444,442.456730006896,139.682756209093
"NM_001037788",46.1538501009397,85.7175297518317,70.8169603597028,22.6421005609998,30.6316197697082,25.4506716821652
"NM_031151",6355.3851588994,5743.07449337272,5146.03245280507,8123.6622227073,9073.2802622623,9905.63816913294
"NM_001010945",747.692371635224,1128.28190324504,1726.84434107891,531.280716734889,556.231317722956,591.284209546116
"NM_001191827",244.615405534981,956.846843741377,290.531119424422,148.790946543713,186.707015739174,160.398419206204
"NM_001013045",143.076935312913,111.632131769827,90.7909748201318,112.806179580696,197.403771849231,178.746577860788
"NM_053622",701.538521534284,1004.68918592845,867.96171928046,1014.44696977765,972.432373641531,903.202906674048
"NM_001191593",394.615418363035,472.443129097305,408.559386690593,245.019873927962,223.173229750731,214.851019084325
"NM_001109021",535.384661170901,490.384007417456,464.849791079075,520.363989678693,538.241318810587,519.075327099043
"NM_001191916",1710.00014623982,2693.12517894708,1561.60476690627,2309.49425722198,1997.3760954597,1988.11177163704
"NR_026689",11.5384625252349,37.8751875647628,30.8689314388448,13.3426664020178,18.9624312860098,22.4912912540064
"NM_001109024",452.307730989209,476.429990946227,363.163899280527,273.726822853516,311.664575752111,313.102449299195
"NM_001271180",362.307723292377,460.482543550538,435.796679136633,365.912517994729,316.526737620318,382.943827403741
"NM_001135743",955.384697089452,1064.49211366228,1214.78324309336,489.231101407318,496.912942930822,509.013433643303
"NM_001109499",69.2307751514096,109.638700845366,108.949169784158,101.080806075892,94.8121564300492,111.8645801844
"NM_001012022",27.6923100605638,83.7240988273705,78.0802383453134,78.4387055148923,80.711887012247,60.3713607344383
"NM_031727",170.769245373477,111.632131769827,274.188743956798,167.389814861677,143.919991298947,162.765923548731
"NM_173840",16.1538475353289,25.9146020179956,32.6847509352475,21.4291308880891,26.2556740883213,30.1856803672192
"NM_053786",240.000020524887,303.001500518103,381.322094244554,419.2831836028,270.336199872346,368.738801348579
"NM_001006957",5030.76966100243,5908.529260103,5247.71834460362,4996.22208271919,4909.32483832927,4909.02025422972
"NM_021997",106.153855232161,45.8489112626076,152.528837697822,200.54431925457,204.697014651542,207.156629971112
"NM_053734",122.30770276749,117.612424543211,201.555964100693,233.698823647463,192.055393794202,307.183688442877
"NM_001001512",2550.00021807692,2049.24699034612,1928.4003051796,4819.53283369854,4577.72539891751,4018.24674535394
"NM_001271485",147.692320323007,113.625562694289,108.949169784158,119.275351169553,124.471343826116,116.007712783823
"NM_001100561",205.384632949182,173.428490428125,147.081379208614,412.814012013943,359.799978247366,623.837394255862
"NM_001008289",1315.38472787678,1499.06005519482,1345.52224683435,911.344547580243,827.053733782122,877.160358906251
"NM_001004204",2547.69252557187,3333.01650569913,2985.20725208594,1780.63947983292,2138.37878963773,1820.01896331763
"NM_001128194",108.461547737208,99.6715462230601,96.2384333093398,117.253735048035,158.99269309039,94.7001737010797
"NM_001011903",1622.30783104803,1281.77608442855,887.935733740889,2277.9570457263,3037.39251906932,2211.84093200584
"NM_017015",957.692389594499,687.733668939115,693.643047625807,1085.60785725508,1228.18208790925,1332.31306875707
"NM_053670",657.692363938391,635.904464903123,711.801242589834,522.789929024514,552.341588228389,510.197185814567
"NM_021577",9791.53929891436,11683.4986482671,10903.9960758978,6465.12835661406,8969.22999828266,6189.24822745119
"NM_001105924",1564.61551842186,1401.38193989622,1260.17873050343,1649.63875515856,1605.48584888217,1774.44450472398
"NM_001134570",124.615395272537,87.7109606762929,88.9751553237292,94.611634487035,90.9224269354831,93.5164215298162
"NM_031573",13.8461550302819,7.97372369784481,5.44745848920791,12.5340199534106,10.2105399232361,3.55125651379049
"NM_001025125",664.615441453532,677.766514316809,597.404614316467,528.450454164764,529.975643634634,665.268720250085
"NM_001017486",256.153868060215,253.165727406573,190.661047122277,234.50747009607,230.466472553043,274.038627647499
"NM_001105923",540.000046180995,598.029277338361,519.324375971154,469.419263416443,558.662398657059,544.525998781208
"NM_001033684",3297.69258971214,4375.58087919234,5147.84827230147,2612.73667544966,2345.99310141019,2116.54888221913
"NM_001009679",311.538488181343,209.310247068426,301.426036402838,350.952558695497,246.997822904949,247.996079879702
"NM_001105925",85.3846226867385,57.8094968093749,79.896057841716,114.827795702213,146.837288419871,138.499004037829
"NM_053439",5501.53893203202,4877.92547215656,6144.73317582652,3838.64469153808,3016.97143922285,3299.709177397
"NM_012748",743.07698662513,358.817566403016,428.533401151022,917.8137191691,546.993210173361,880.711615420041
"NM_144758",828.461609311868,667.799359694503,715.432881582639,606.484836455353,701.123741395544,626.204898598389
"NM_001105926",653.076978928297,582.081829942671,778.986563956731,502.573767809336,468.712404095218,446.274568566338
"NM_017314",2796.92331611695,4525.08819852693,5106.08442388421,3456.1549213469,3133.66332405983,2765.24507207153
"NM_001017487",163.846167858336,255.159158331034,377.690455251748,60.6484836455353,77.7945898913225,85.2301563309717
"NM_031541",1963.84632179499,1423.3096800653,1523.47255748181,5144.60870603861,4088.105698789,2762.28569164337
"NM_001024236",383.0769558378,406.659908590085,430.349220647425,251.084722292516,264.987821817317,265.752362448655
"NM_053775",597.69235880717,641.884757676507,561.088224388415,466.589000846318,530.461859821455,482.970885875506
"NM_001080782",145.38462781796,205.323385219504,223.345798057524,101.889452524499,107.453777287389,144.417764894147
"NM_172029",496.153888585102,677.766514316809,599.22043381287,354.59146771423,451.694837556491,365.187544834789
"NM_031722",11831.5394733759,13870.292372401,12496.4697742429,9795.53875520255,9772.94535509738,9495.46804179013
"NM_001014127",276.923100605638,273.100036651185,272.372924460395,247.445813273784,284.436469290148,308.959316699773
"NM_001191665",140.769242807866,123.592717316595,136.186462230198,153.238502011052,146.35107223305,126.069606239562
"NM_001246665",193.846170423947,189.375937823814,323.215870359669,183.56274383382,168.717016826806,187.032843059632
"NM_001004205",256.153868060215,259.146020179956,228.793256546732,218.334541123927,257.208362828185,223.137284283169
"NM_001113751",1548.46167088653,1367.49361418038,1447.2081386329,1315.66777188381,1233.04424977746,1211.57034728819
"NM_001109065",168.46155286843,189.375937823814,150.713018201419,171.837370329017,174.065394881834,148.560897493569
"NM_001105927",207.692325454229,259.146020179956,274.188743956798,158.090380702695,177.468908189579,164.541551805626
"NM_022238",11.5384625252349,13.9540164712284,9.07909748201318,56.6052514024996,52.0251319898219,87.005784587867
"NM_001025630",671.538518968673,891.063623234157,804.408036906368,751.23255075603,691.399417659128,762.336398293692
"NM_001134766",198.461555434041,207.316816143965,165.23957417264,156.473087805481,107.93999347421,155.66341052115
"NM_001145334",16.1538475353289,7.97372369784481,5.44745848920791,23.0464237853034,21.3935122201137,27.2262999390604
"NM_181476",2.30769250504699,3.9868618489224,18.1581949640264,4.85187869164282,2.91729712092459,11.2456456270032
"NM_001105929",549.230816201183,466.462836323921,526.587653956765,630.339906689263,607.770233525957,613.775500800123
"NM_001014128",888.46161444309,719.628563730494,844.356065827226,984.931374403493,1216.02668323873,967.717400007908
"NM_022961",436.15388345388,731.589149277261,457.586513093464,510.660232295407,554.772669162493,600.754226916224
"NM_001008292",357.692338282283,544.206642377908,421.270123165412,221.164803694052,231.438904926684,202.421621286058
"NM_130430",1059.23085981657,954.853412816916,933.331221150955,786.004348046137,975.835886949276,888.406004533254
"NM_017233",40292.3111381204,35518.9522120497,29260.1153650321,25524.1165038357,30089.9749375899,36700.4604417678
"NM_001013982",394.615418363035,289.047484046874,403.111928201385,445.159869958229,423.494298720887,447.458320737602
"NM_001271309",9.23077002018795,19.934309244612,25.4214729496369,12.5340199534106,7.77945898913225,5.91876085631748
"NM_001004075",212.307710464323,181.402214125969,234.24071503594,211.056723086463,187.679448112815,212.483514741798
"NM_031594",1474.61551072502,2330.32075069514,1091.30751733798,1033.85448454422,1106.14182501724,1087.27636930552
"NM_019256",1183.8462550891,1269.81549888179,1011.41145949627,1890.61539684349,2765.11145444969,2519.02462044872
"NM_199120",210.000017959276,207.316816143965,236.056534532343,151.216885889535,132.737019002069,133.763995352775
"NR_027839",237.69232801984,239.211710935344,141.633920719406,288.282458928444,377.303760972914,275.814255904395
"NM_001105933",1290.00011032127,1439.25712746099,1401.81265122284,1133.72232094721,1186.85371202949,1237.02101897035
"NM_001107142",433.846190948833,578.094968093749,561.088224388415,399.067022387622,370.010518170602,368.738801348579
"NM_001105932",1151.53856001845,1196.05855467672,1202.07250661855,1025.76802005815,1060.43750345609,1176.05778215028
"NM_001030042",62.3076976362686,39.868618489224,41.7638484172606,33.9631508414997,57.3735100448503,55.6363520493843
"NM_001107141",521.538506140619,621.950448431895,472.113069064686,586.672998464478,884.427243826972,588.916705203589
"NM_001008290",237.69232801984,382.738737496551,288.715299928019,212.269692759373,169.203233013626,175.195321346997
"NM_022498",1093.84624739227,942.892827270148,960.568513596995,920.643981739225,834.346976584433,910.305419701629
"NM_031621",1050.00008979638,839.234419198166,813.487134388381,987.761636973618,906.793188420727,1216.30535597324
"NM_001164043",212.307710464323,125.586148241056,147.081379208614,154.04714845966,188.165664299636,181.114082203315
"NM_020078",83.0769301816915,93.6912534496765,52.6587653956765,114.019149253606,121.554046705191,104.762067156819
"NM_032416",26222.3099348489,16041.1386491393,15517.9934162569,36701.6320397078,39883.8275887206,37008.8278823819
"NM_001134537",500.769273595196,448.52195800377,270.557104963993,509.042939398193,718.627524121091,485.930266303665
"NM_001159625",4.61538501009397,17.9408783201508,9.07909748201318,2.42593934582141,1.94486474728306,6.51063694194923
"NM_053961",3251.5387396112,2679.17116247586,2830.86259489171,2927.70446718214,2737.39713180091,2930.97037604842
"NM_001047900",546.923123696136,767.470905917563,700.906325611418,445.159869958229,516.847806590474,388.862588260059
"NM_053971",893.076999453184,1740.26519705463,1672.36975618683,944.903375197439,861.088866859575,962.982391322854
"NM_138913",140.769242807866,301.008069593641,384.953733237359,196.096763787231,189.624312860098,734.518222268999
"NM_001009680",48.4615426059867,121.599286392133,167.055393669043,163.346582618642,70.9875632758317,252.139212479125
"NM_144752",39.2307725857988,111.632131769827,272.372924460395,120.08399761816,110.371074408314,388.862588260059
"NM_001191548",1585.38475096728,1630.62649620926,1723.2127020861,1242.48526828487,1107.6004735777,1047.62067156819
"NM_001044226",166.153860363383,143.527026561207,183.397769136666,153.238502011052,100.160534485078,160.398419206204
"NM_139255",4626.92347261921,3492.49097965603,3273.92255201395,5404.1842160415,5196.67860474034,5964.92719099676
"NM_001108336",387.692340847894,482.410283719611,354.084801798514,304.455387900587,408.907813116264,473.500868505399
"NM_053962",106.153855232161,1415.33595636745,83.5276968345213,64.2873926642674,667.08860831809,94.7001737010797
"NM_001017488",625.384668867733,544.206642377908,486.639625035907,949.350930664779,850.878326936339,1144.6883496118
"NM_181638",156.923090343195,243.198572784267,74.4485993525081,188.010299301159,304.371332949799,250.955460307861
"NM_057130",279.230793110685,362.804428251939,502.98200050353,154.451471683963,91.4086431223039,8.28626519884447
"NM_001108338",1631.53860106822,2418.03171137144,1047.72784942432,1497.20889959611,1463.02450614368,1177.24153432155
"NM_001271336",424.615420928646,432.574510608081,332.294967841683,391.384881125854,649.098609405722,717.94569187131
"NM_017236",6844.61596996936,6315.18916869309,5619.96134136616,7266.09266395943,7582.05521728301,9809.75424326059
"NM_001107146",279.230793110685,306.988362367025,295.97857791363,417.261567481283,264.501605630496,324.348094926198
"NM_001007616",1493.0770507654,1441.25055838545,1463.55051410053,1309.60292351926,1413.91667127479,1467.85269236674
"NM_031976",1370.76934799791,1658.53452915172,1192.99340913653,3109.64991811875,3555.69897422026,3711.65493299669
"NM_022402",22816.1557973996,28378.4826406297,27026.6573844568,13165.1685065485,12644.051938274,15114.1477226923
"NM_001013046",600.000051312216,596.035846413899,546.561668417194,604.463220333835,576.652397569428,604.897359515647
"NM_001168664",3343.84643981308,4479.23928726432,3862.24806884841,3445.23819429071,3442.89681887784,3448.27007489056
"NM_001107147",166.153860363383,205.323385219504,147.081379208614,144.747714300678,139.057829430739,113.640208441296
"NM_001126099",842.30776434215,765.477474993102,617.378628776897,767.405479728173,801.284275880621,701.965037559253
"NM_012814",5351.53891920396,4596.85171180753,4588.57586740946,3969.24109298813,4571.89080467566,4679.96420909023
"NM_053319",911.53853949356,895.05048508308,1229.30979906459,939.242850057189,1002.0915610376,806.727104716073
"NM_001108339",1063.84624482666,934.919103572304,853.435163309239,906.4926688886,903.389675112982,939.899223983216
"NM_001009255",387.692340847894,285.060622197952,330.47914834528,479.123020799729,462.391593666548,446.274568566338
"NM_001105752",456.923115999303,394.699323043318,539.298390431583,446.37283963114,400.642137940311,458.703966364605
"NM_133529",11.5384625252349,9.96715462230601,10.8949169784158,10.1080806075892,6.32081042866995,15.9806543120572
"NM_001033676",16.1538475353289,7.97372369784481,19.974014460429,22.6421005609998,19.4486474728306,18.9400347402159
"NM_001011904",8683.84689649181,9177.75597621937,8932.01610280457,5742.60275478358,5384.84426903998,5589.0858766206
"NM_022512",4490.76961482144,2946.29090635366,2591.17442136656,4420.87013453522,4562.65269712606,5094.86934511809
"NM_001105934",1989.2309393505,1614.67904881357,1692.34377064726,2263.80573287568,2083.9225767138,2060.91253016975
"NM_001013983",3221.53873704559,3438.66834469557,3920.35429273329,3139.56983671721,2421.35661036741,2326.6648926184
"NM_012669",1163.07702254368,1411.34909451853,1069.51768338115,1391.27621482858,1495.60099066067,1718.8081526746
"NM_001009681",80.7692376766445,141.533595636745,455.770693597062,103.506745421714,85.5740488804547,311.3268210423
"NM_001009630",537.692353675948,590.055553640516,550.193307409999,382.085446966872,348.617005950489,365.77942092042
"NM_001012148",1735.38476379533,1768.17322999709,1657.84320021561,2571.4957065707,2271.11580863979,2192.30902117999
"NM_001009682",136.153857797772,93.6912534496765,261.47800748198,135.852603365999,113.774587716059,326.123723183093
"NM_001191666",288.461563130873,312.968655140409,288.715299928019,236.933409441891,205.183230838363,253.91484073602
"NM_001134413",216.923095474417,223.264263539655,257.846368489174,222.377773366963,191.082961420561,221.361656026274
"NM_001109067",13.8461550302819,7.97372369784481,14.5265559712211,23.450747009607,46.6767539347935,13.0212738838985
"NM_053922",4170.0003566199,1766.17979907262,2260.69527302128,1453.54199137133,2985.3673870795,3555.39964638991
"NM_001013124",1061.53855232161,1213.99943299687,784.434022445939,1257.8495508084,1179.07425304036,1287.33048624905
"NM_001107153",516.923121130525,526.265764057757,483.007986043101,564.839544352085,585.890505119022,529.137220554783
"NM_001126273",191.5384779189,273.100036651185,196.108505611485,198.522703133052,181.844853870966,203.605373457321
"NM_001107155",27.6923100605638,11.9605855467672,54.4745848920791,51.7533727108568,55.4286452975673,81.6788998171812
"NM_001105936",3383.07721239888,3045.96245257672,2885.33717978379,2368.5254479703,2608.54984229341,2590.64162681016
"NM_001013230",71.5384676564566,75.7503751295257,105.317530791353,137.469896263213,116.205668650163,159.806543120572
"NM_001010946",376.153878322659,691.720530788037,397.664469712177,235.72043976898,270.822416059166,272.262999390604
"NM_022218",69.2307751514096,61.7963586582973,103.50171129495,80.0559984121065,88.9775621882001,131.98836709588
"NM_053742",3318.46182225757,2914.39601156228,2885.33717978379,2919.61800269607,3094.76602911417,2690.0768091963
"NM_001108340",366.923108302471,352.837273629633,303.24185589924,212.674015983677,197.403771849231,215.442895169956
"NM_053677",90.0000076968325,83.7240988273705,148.897198705016,141.917451730553,93.3535078695869,127.845234496458
"NM_001025563",923.077002018795,777.438060539869,907.909748201318,431.008557107604,448.291324248746,433.845170768071
"NM_001014129",528.46158365576,552.180366075753,622.826087266104,391.384881125854,480.381592578916,357.493155721576
"NM_001107150",306.923103171249,330.909533460559,383.137913740956,266.449004816052,324.30619660945,243.261071194648
"NM_001047901",964.61546710964,972.794291137067,862.514260791252,1060.53981734826,1005.00885815852,877.752234991882
"NM_031587",4017.6926512868,2798.77701794353,2549.4105729493,4540.95413215338,5156.80887742104,4916.1227672573
"NM_001107847",200.769247939088,454.502250777154,359.532260287722,194.88379411432,212.962689827495,179.33845394642
"NM_001025272",999.230854685345,1028.61035702198,1156.67701920848,575.756271408281,750.717792451262,532.688477068573
"NM_001135840",424.615420928646,378.751875647628,352.268982302112,400.279992060533,414.256191171292,398.332605630166
"NM_001100479",318.461565696484,474.436560021766,352.268982302112,419.687506827104,410.366461676726,392.413844773849
"NM_023095",60.0000051312216,37.8751875647628,61.7378628776897,68.3306249073031,85.5740488804547,71.6170063614415
"NM_001134867",754.615449150364,795.37893886002,907.909748201318,780.748146130191,807.605086309291,732.150717926472
"NM_178102",1816.15400147198,1321.64470291778,1766.79236999977,2292.51268180123,4983.71591491284,2320.74613176208
"NM_017155",574.6154337567,464.46940539946,450.323235107854,63.8830694399638,132.737019002069,215.442895169956
"NM_198762",16.1538475353289,23.9211710935344,23.6056534532343,18.1945450936606,14.1002694178022,21.8994151683747
"NM_001012149",510.000043615384,492.377438341917,535.666751438778,413.218335238247,460.446728919265,395.373225202008
"NM_001105992",498.461581090149,508.324885737607,463.033971582672,458.098213135943,503.719969546313,461.663346792764
"NM_001100640",110.769240242255,71.7635132806033,185.213588633069,152.429855562445,169.689449200447,147.377145322305
"NM_001191828",503.076966100243,418.620494136852,486.639625035907,753.658490101852,760.928332374498,842.239669853978
"NM_001134540",6293.07746126313,9241.54576580213,9790.89872460302,5582.89508118367,5704.28830378122,5514.509489831
"NM_001014231",2450.7694403599,2748.941244832,2289.74838496373,2956.815739332,2943.55279501291,3138.71888210516
"NM_001191930",553.846201211277,721.621994654955,686.379769640197,535.323948977925,788.156438836461,490.665274988719
"NM_001005534",5538.46201211277,5087.23571922499,4392.46736179798,4384.8853675722,4963.29483506637,5359.43795539548
"NM_001109079",39.2307725857988,41.8620494136852,58.1062238848844,52.1576959351603,17.5037827255476,10.0618934557397
"NM_182843",1557.69244090672,1662.52139100064,2100.90315733785,1292.62134809851,1406.13721228565,1393.86818166277
"NM_203336",166.153860363383,227.251125388577,174.318671654653,205.396197946213,369.038085796961,232.607301653277
"NM_031131",43.8461575958927,29.901463866918,72.6327798561055,73.1825035989459,35.9799978247366,51.4932194499621
"NM_001302219",39.2307725857988,15.9474473956896,23.6056534532343,64.2873926642674,17.9899989123683,15.3887782264255
"NM_001105984",433.846190948833,488.390576492994,579.246419352441,402.301608182051,497.885375304464,420.232020798541
"NM_001122677",581.538511271841,655.838774147735,601.036253309273,758.914692017798,697.720228087798,712.026931014993
"NM_001100584",1617.69244603794,1092.40014660474,967.831791582605,3062.34410087523,2945.4976597602,2722.03811782041
"NM_001134546",992.307777170204,1030.60378794644,837.092787841616,910.535901131636,875.189136277378,757.601389608638
"NM_021657",1043.07701228124,815.313248104632,690.011408633002,1146.25634090062,1287.01424651457,1123.38081052906
"NM_001025716",2183.07710977445,2493.78208650096,2180.79921517957,2057.19656525656,2283.75742949714,2078.07693665307
"NM_001305281",20.7692325454229,21.9277401690732,21.7898339568316,30.3242418227676,27.2281064619629,21.3075390827429
"NM_001107170",106.153855232161,163.461335805819,221.529978561122,116.849411823731,141.002694178022,137.315251866566
"NM_001012023",842.30776434215,853.188435669394,771.723285971121,759.723338466405,952.497509981879,681.841250647774
"NM_031068",2963.07717648033,2988.15295576734,3402.84573625854,2554.10980792564,2803.03631702171,2671.72865054171
"NM_001114392",36.9230800807518,31.8948947913792,29.0531119424422,41.240968878964,32.0902683301705,33.1450607953779
"NM_001007727",106.153855232161,127.579579165517,134.370642733795,156.068764581177,159.965125464032,142.642136637251
"NM_001110763",25.3846175555169,31.8948947913792,30.8689314388448,70.7565642531245,61.7494557262372,52.6769716212256
"NM_001107171",1110.0000949276,1174.13081450765,1183.91431165452,1290.59973197699,1306.94911017422,1271.349831937
"NM_012723",73220.7754926358,46540.6317933957,40785.1217086996,98883.3093518022,112788.055073,110171.814579494
"NM_001033965",34.6153875757048,33.8883257158404,27.2372924460396,23.0464237853034,25.7694579015006,20.7156629971112
"NM_001134958",1089.23086238218,737.569442050645,1027.75383496389,1101.37646300292,856.226704991368,881.303491505673
"NM_019365",210.000017959276,257.152589255495,281.452021942409,264.427388694534,321.875115675347,318.42933406988
"NM_199463",193.846170423947,179.408783201508,177.950310647458,266.044681591748,293.674576839742,288.243653702661
"NM_001105951",108.461547737208,135.553302863362,159.792115683432,106.741331216142,78.2808060781432,90.5570411016575
"NM_001007617",286.153870625826,169.441628579202,241.503993021551,522.789929024514,648.12617703208,478.827753276084
"NM_012642",136.153857797772,291.040914971335,157.976296187029,115.636442150821,86.5464812540962,212.483514741798
"NM_001005871",53.0769276160807,17.9408783201508,29.0531119424422,57.8182210754103,40.8421596929443,47.3500868505399
"NM_145683",66.9230826463626,31.8948947913792,72.6327798561055,42.0496153275711,59.8045909789541,33.7369368810096
"NM_001013871",2903.07717134911,2732.99379743631,2418.67156920831,2770.01840970375,2701.90335016299,2787.73636332553
"NM_001107178",567.692356241559,544.206642377908,513.876917481946,783.174085476012,805.660221562008,825.075263370657
"NM_001007678",168.46155286843,237.218280010883,268.74128546759,239.763672012016,149.754585540796,237.934186423963
"NM_017148",1751.53861133066,2166.85941488933,2556.67385093491,4583.40807070525,4076.4365103053,5654.78412212572
"NM_021742",1073.07701484685,865.149021216162,789.881480935147,999.891333702725,836.778057518537,831.585900312606
"NM_001108347",73.8461601615036,93.6912534496765,92.6067943165345,94.2073112627315,102.105399232361,108.31332367061
"NM_001134792",5266.15429651722,3456.60922301572,3237.6061620859,8634.72677822701,8585.11921069425,7895.62698232752
"NM_001105955",161.538475353289,153.494181183513,221.529978561122,549.475261828549,228.035391618939,388.862588260059
"NM_130409",31451.5411512854,24435.4762720454,18218.1170074077,54875.1523257046,51955.6030751065,54137.7218005647
"NM_001107185",1924.61554920919,2222.67548077424,2164.45683971194,1880.10299301159,1599.1650384535,1498.03837273395
"NM_133551",189.230785413853,105.651838996444,197.924325107887,243.402581030748,269.363767498704,265.160486363023
"NM_001271292",147.692320323007,73.7569442050645,92.6067943165345,185.988683179641,214.907554574778,259.241725506706
"NM_022242",330.000028221719,821.293540878015,1412.70756820125,220.356157245445,172.120530134551,136.131499695302
"NM_001105959",110.769240242255,61.7963586582973,69.0011408633002,149.195269768017,133.70945137571,129.028986667721
"NM_001037192",390.000033352941,510.318316662068,477.560527553894,393.406497247372,429.815109149557,435.620799024967
"NM_001105957",491.538503575008,422.607355985775,383.137913740956,497.317565893389,620.898070570117,625.613022512758
"NM_001025717",2436.92328532962,2418.03171137144,2582.09532388455,2239.14201619316,2282.78499712349,2270.43666448339
"NM_001013984",106.153855232161,85.7175297518317,92.6067943165345,138.682865936124,161.909990211315,129.620862753353
"NM_053966",2277.69250248138,2119.01707270226,2687.4128546759,1992.50484936799,1920.0677217552,2182.83900380989
"NM_031665",433.846190948833,490.384007417456,412.191025683399,382.489770191176,444.40159475418,440.947683795652
"NM_001011906",473.076963534632,502.344592964223,490.271264028712,338.418538742087,303.885116762978,367.555049177316
"NM_001107186",53.0769276160807,97.6781152985989,98.0542528057424,91.3770486926065,90.4362107486623,101.210810643029
"NM_001100680",579.230818766794,550.186935151292,504.797819999933,577.373564305496,603.39428784457,622.061765998967
"NM_031118",62.3076976362686,95.6846843741377,76.2644188489108,78.4387055148923,88.4913460013793,100.618934557397
"NM_001107188",92.3077002018795,115.61899361875,94.4226138129371,122.509936963981,98.2156697377946,114.232084526927
"NM_001113775",983.077007150016,853.188435669394,1060.43858589914,720.503985708959,696.747795714157,739.845107039685
"NM_001107190",191.5384779189,207.316816143965,187.029408129472,206.20484439482,152.1856664749,153.295906178623
"NM_001004208",2907.6925563592,2113.03677992887,2956.15414014349,2049.11010077048,1924.44366743659,1630.02673982983
"NM_001107192",212.307710464323,235.224849086422,230.609076043135,266.044681591748,192.541609981023,256.282345078547
"NM_001108856",376.153878322659,370.778151949784,314.136772877656,324.267225891462,329.654574664479,390.638216516954
"NM_012792",1190.76933260424,490.384007417456,207.003422589901,3017.46422297753,4316.14109040793,2814.96266326459
"NR_111961",510.000043615384,907.011070629847,828.013690359602,1058.11387800244,881.996162892868,852.893439395349
"NM_001105964",533.076968665854,705.674547259266,719.064520575444,431.412880331908,458.015647985161,480.603381532979
"NM_013113",678.461596483814,510.318316662068,680.932311150989,867.677639355458,1737.25043551059,707.883798415571
"NM_001047878",5312.30814661816,5916.50298380085,4054.72493546709,7919.8833176583,7043.81389847243,7417.9829812227
"NM_138532",177.692322888618,237.218280010883,272.372924460395,180.328158039392,185.734583365532,169.27656049068
"NM_001305159",1054.61547480647,1164.16365988534,869.777538776863,1352.86550851974,1161.57047031481,1315.14866227374
"NM_021684",159.230782848242,412.640201363469,228.793256546732,39.6236759817497,99.6743182982569,100.618934557397
"NM_001100639",55.3846201211277,45.8489112626076,32.6847509352475,55.3922817295889,34.0351330774536,50.3094672786986
"NM_019341",191.5384779189,205.323385219504,165.23957417264,74.3954732718566,80.711887012247,81.6788998171812
"NM_001107195",138.461550302819,41.8620494136852,101.685891798548,113.614826029303,174.551611068655,240.30169076649
"NM_053843",71.5384676564566,57.8094968093749,56.2904043884817,110.784563459178,141.488910364843,114.232084526927
"NM_001107196",2577.69252813748,4379.56774104126,3529.95310100673,2301.00346951161,1966.25825950318,1652.51803108384
"NM_138922",110.769240242255,193.362799672737,74.4485993525081,143.130421403463,102.105399232361,64.5144933338605
"NM_139103",341.538490746954,275.093467575646,355.900621294917,452.437687995693,387.51430089615,432.069542511176
"NM_019343",11.5384625252349,15.9474473956896,19.974014460429,58.2225442997139,51.5389158030011,79.3113954746542
"NM_001105974",99.2307777170204,237.218280010883,36.3163899280527,322.649932994248,252.832417146798,121.92647364014
"NM_001107198",20.7692325454229,15.9474473956896,61.7378628776897,44.4755546733925,16.0451341650853,30.7775564528509
"NM_031575",32.3076950706578,29.901463866918,23.6056534532343,34.3674740658033,48.6216186820765,47.3500868505399
"NM_177929",191.5384779189,229.244556313038,226.97743705033,187.605976076856,254.777281894081,246.220451622807
"NM_001105977",16.1538475353289,19.934309244612,21.7898339568316,5.25620191594639,14.586485604623,8.87814128447622
"NM_001025762",64.6153901413156,63.7897895827585,65.3695018704949,54.9879585052853,65.1529690339826,78.7195193890225
"NM_013063",3090.00026425791,3845.32825328566,3310.23894194201,2125.12286693956,2108.23338605484,2080.44444099559
"NM_031087",1659.23091112878,1530.9549499862,1754.08163352495,1140.59581576037,962.708049905115,1088.46012147678
"NM_019312",267.69233058545,231.237987237499,205.187603093498,293.538660844391,368.55186961014,330.858731868147
"NM_053657",844.615456847197,1102.36730122704,731.775257050263,965.928182861225,801.770492067442,810.278361229863
"NM_012844",12078.4625714159,7991.66457616496,9767.29307114978,2279.57433862352,1159.62560556753,1821.20271548889
"NM_001034090",2143.84633718865,633.911033978662,397.664469712177,107.954300889053,120.095398144729,135.53962360967
"NM_001024970",752.307756645318,950.866550967993,862.514260791252,703.926733512513,850.878326936339,755.825761351742
"NM_001105983",117.692317757396,348.85041178071,444.875776618646,326.693165237283,226.576743058477,211.891638656166
"NM_001127600",101.538470222067,97.6781152985989,147.081379208614,75.6084429447673,74.3910765835771,78.1276433033908
"NM_001037204",94.6153927069264,123.592717316595,127.107364748185,66.3090087857852,92.8672916827662,42.6150781654859
"NM_053947",32.3076950706578,31.8948947913792,32.6847509352475,69.1392713559102,70.9875632758317,64.5144933338605
"NM_001100811",6879.23135754507,5420.13868361001,2189.87831266158,6381.02912595892,9049.94188529491,6586.39708091009
"NM_001107199",844.615456847197,982.761445759373,1162.12447769769,844.631215570154,804.687789188367,786.603317804593
"NM_206851",1114.61547993769,1132.26876509396,1245.65217453221,561.604958557657,396.266192258924,717.94569187131
"NM_001107201",1356.92319296763,1399.38850897176,935.147040647358,2062.0484439482,2871.10658317662,1934.84292393018
"NM_001107200",18.4615400403759,13.9540164712284,23.6056534532343,21.8334541123927,22.852160780576,23.6750434252699
"NM_012912",703.846214039331,566.134382546981,2073.66586489181,89.3554325710886,1817.47610633602,91.1489171872892
"NM_001100841",34.6153875757048,43.8554803381464,92.6067943165345,48.1144636921246,70.501347089011,50.9013433643303
"NM_001107202",25.3846175555169,17.9408783201508,21.7898339568316,40.4323224303568,38.8972949456612,31.3694325384827
"NM_001105988",4343.07729449843,2565.54559978157,2297.01166294934,4549.04059663945,4202.36650269188,4371.59676847609
"NM_001106305",510.000043615384,564.14095162252,394.032830719372,454.459304117211,617.980773449193,491.849027159983
"NM_001271235",96.9230852119734,33.8883257158404,49.0271264028712,149.195269768017,157.047828343107,168.092808319416
"NM_001271042",39.2307725857988,17.9408783201508,18.1581949640264,29.1112721498569,21.3935122201137,17.1644064833207
"NM_001108342",1112.30778743265,1534.94181183513,873.409177769668,743.550409494262,869.354542035528,776.541424348854
"NM_001105948",270.000023090497,647.865050449891,513.876917481946,249.871752619605,120.095398144729,128.437110582089
"NM_021762",639.230823898015,713.64827095711,677.300672158183,628.318290567745,568.872938580295,577.671059576586
"NM_139186",1172.30779256387,1415.33595636745,1481.70870906455,690.584067110495,901.93102655252,577.079183490954
"NM_053821",503.076966100243,484.403714644072,561.088224388415,354.187144489926,440.511865259613,416.680764284751
"NM_080771",23.0769250504699,65.7832205072197,59.922043381287,4.85187869164282,7.77945898913225,3.55125651379049
"NM_001191668",482.30773355482,456.495681701615,591.95715582726,305.668357573498,373.414031478348,241.485442937753
"NM_001037776",147.692320323007,161.467904881357,161.607935179835,133.022340795874,151.213234101258,140.866508380356
"NM_178091",5247.69275647685,2451.92003708728,3440.977945683,7317.03739022168,10133.7177657184,4479.31821606107
"NM_001024997",327.692335716672,444.535096154848,404.927747697788,350.548235471194,356.882681126442,320.796838412408
"NM_001006996",828.461609311868,996.715462230601,1171.2035751797,565.243867576389,681.675093922713,468.173983734713
"NM_001105950",1765.38476636094,1511.02064074159,1258.36291100703,2093.58565544388,1829.14529481972,1932.47541958766
"NM_134372",666.923133958579,556.167227924675,450.323235107854,154.451471683963,289.298631158355,215.442895169956
"NM_001012025",5118.46197619422,5422.13211453447,5084.29458992738,4416.42257906788,5327.47075899513,3754.27001116218
"NM_017287",226.153865494605,326.922671611637,606.483711798481,769.831419073994,203.23836609108,352.16627095089
"NM_053799",2215.38480484511,2639.30254398663,2563.93712892052,1993.7178190409,1940.9750177885,1749.58570912745
"NM_022205",13.8461550302819,47.8423421870688,58.1062238848844,38.0063830845354,47.649186308435,44.9825825080129
"NM_012516",14014.6165831503,9199.68371638845,6408.02700280491,31714.3050679233,27674.4529214643,25740.0990880391
"NM_016995",4857.69272312391,2392.11710935344,1487.15616755376,14503.4783789933,13528.479182101,14296.7668484349
"NM_001100788",9.23077002018795,19.934309244612,5.44745848920791,8.08646448607137,8.75189136277378,4.73500868505398
"NM_001008889",108.461547737208,201.336523370581,103.50171129495,150.003916216624,164.341071145419,142.05026055162
"NM_001014843",6.92307751514096,5.98029277338361,27.2372924460396,26.281009579732,31.6040521433497,30.7775564528509
"NM_012854",4.61538501009397,1.9934309244612,7.26327798561055,4.04323224303568,14.1002694178022,2.36750434252699
"NM_001017489",1313.07703537174,1594.74473956896,1774.05564798538,1022.53343426372,1053.6304768406,1075.43884759289
"NM_001108854",1887.69246912843,1491.08633149698,1710.50196561128,766.596833279566,659.795365515779,781.868309119539
"NM_001109328",30.0000025656108,87.7109606762929,257.846368489174,26.6853328040355,26.2556740883213,16.5725303976889
"NM_012938",13.8461550302819,19.934309244612,30.8689314388448,56.200928178196,57.8597262316711,38.4719455660636
"NM_001108855",48.4615426059867,71.7635132806033,58.1062238848844,59.031190748321,74.8772927703979,79.3113954746542
"NM_001109068",2284.61557999652,1566.8367066265,1485.34034805736,2257.33656128682,2559.92822361133,3149.37265164653
"NM_001135868",265.384638080403,99.6715462230601,156.160476690627,562.00928178196,829.484814716226,635.083039882866
"NM_001107173",2358.46174015802,2328.32731977068,2266.14273151049,2298.98185339009,2179.70716551749,2233.74034717422
"NM_001100506",950.769312079358,946.879689119071,871.593358273266,674.411138138352,815.870761485244,801.992096031019
"NM_001100683",138.461550302819,25.9146020179956,81.7118773381187,277.365731872248,326.737277543554,285.876149360134
"NM_001305128",143.076935312913,181.402214125969,105.317530791353,648.938775007227,447.318891875104,197.686612601004
"NM_001017490",46.1538501009397,31.8948947913792,21.7898339568316,41.6452921032676,40.3559435061235,50.3094672786986
"NM_001107174",733.846216604942,689.727099863576,777.170744460329,742.741763045655,767.735358989989,761.74452220806
"NM_001012026",761.538526665506,777.438060539869,552.009126906402,736.272591456798,528.516995074172,617.918633399545
"NM_001107175",2910.00024886425,3739.67641428921,2146.29864474792,3780.82647046267,4635.09890896236,4310.63353165602
"NM_001109070",828.461609311868,498.3577311153,286.899480431617,420.496153275711,524.627265579606,535.0559814111
"NM_001108343",4003.84649625652,2623.35509659094,1741.37089705013,2790.23457091893,3124.91143269706,3181.33396027065
"NM_001105952",417.692343413505,416.627063212391,481.192166546699,708.778612204155,779.404547473687,664.676844164453
"NM_001271237",50.7692351110337,13.9540164712284,25.4214729496369,20.2161612151784,16.531350351906,20.1237869114794
"NM_001047902",913.846231998607,1208.01914022349,1129.43972676244,1390.06324515567,1302.57316449283,1294.43299927663
"NM_001017491",9.23077002018795,7.97372369784481,21.7898339568316,16.1729289721427,20.4210798464721,30.7775564528509
"NM_053385",546.923123696136,328.916102536098,488.455444532309,683.710572297334,811.494815803857,990.208691261915
"NM_001107176",16.1538475353289,37.8751875647628,27.2372924460396,32.750181168589,40.3559435061235,24.2669195109017
"NM_017259",759.230834160458,849.201573820472,2449.54050064716,788.025964167655,5442.70399527165,800.808343859755
"NM_080698",9.23077002018795,15.9474473956896,7.26327798561055,44.4755546733925,15.5589179782645,14.205026055162
"NM_031813",212.307710464323,141.533595636745,194.292686115082,24.6637166825177,33.5489168906328,58.5957324775431
"NM_080409",9.23077002018795,9.96715462230601,7.26327798561055,28.7069489255534,7.29324280231148,16.5725303976889
"NM_153730",754.615449150364,588.062122716055,686.379769640197,426.156678415961,492.050781062615,483.562761961138
"NM_207587",4158.46189409467,4096.50054976777,3933.06502920811,2912.3401846586,2981.96387377175,2926.23536736336
"NM_001013126",249.230790545075,320.942378838253,339.558245827293,190.031915422677,162.396206398136,257.46609724981
"NR_126577",16.1538475353289,13.9540164712284,19.974014460429,8.49078771037494,8.26567517595301,5.32688477068573
"NM_001107177",1211.53856514967,1493.07976242144,1276.52110597105,1497.61322282042,2132.05797920906,1875.06343928138
"NM_033099",9.23077002018795,5.98029277338361,14.5265559712211,4.04323224303568,12.6416208573399,9.47001737010797
"NM_001109071",1105.38470991751,1200.04541652564,1312.83749589911,791.260549962083,638.888069482486,652.247446366186
"NM_001107179",27.6923100605638,17.9408783201508,27.2372924460396,30.3242418227676,41.8145920665858,28.4100521103239
"NM_031097",664.615441453532,572.114675320365,617.378628776897,842.609599448637,750.231576264441,784.827689547698
"NM_001024768",73.8461601615036,87.7109606762929,96.2384333093398,57.4138978511067,63.2081042866995,48.5338390218033
"NM_019351",604.61543632231,793.385507935558,628.273545755312,551.496877950067,488.647267754869,400.108233887062
"NM_001107180",1086.92316987713,1146.22278156519,1305.5742179135,1327.39314538862,1161.08425412799,1170.7308973796
"NM_001107942",4.61538501009397,7.97372369784481,12.7107364748185,12.1296967291071,9.23810754959454,17.7562825689524
"NM_001012206",1165.38471504873,881.096468611851,1746.81835553934,1202.45726907881,944.231834805926,859.99595242293
"NM_001134502",80.7692376766445,39.868618489224,50.8429458992738,99.4635131786778,51.0526996161804,60.3713607344383
"NM_001105990",53.0769276160807,79.7372369784481,67.1853213668976,81.6732913093208,77.7945898913225,67.4738737620193
"NM_001134503",768.461604180646,1020.63663332414,971.463430575411,983.314081506279,919.434809278067,737.477602697158
"NM_001012030",546.923123696136,574.108106244826,501.166181007128,614.166977717121,563.524560525267,681.249374562142
"NM_001108346",480.000041049773,384.732168421012,470.297249568283,426.561001640265,386.541868522508,377.025066547424
"NM_001191670",115.384625252349,203.329954295043,130.73900374099,181.945450936606,129.819721881144,161.582171377467
"NM_001105956",6085.3851358089,3829.38080588997,3255.76435704993,9149.02591954115,8747.51541709239,10630.6863740318
"NM_001044227",5748.46203007204,4800.18166610257,3729.69324561102,15786.3959697085,14545.64344493,12040.5352100067
"NM_001024769",346.153875757048,500.351162039762,517.508556474751,319.415347199819,320.902683301705,246.220451622807
"NM_001013034",844.615456847197,845.21471197155,786.249841942342,543.006090239692,487.188619194407,477.644001104821
"NM_001107183",115.384625252349,143.527026561207,116.212447769769,122.914260188285,64.180536660341,81.6788998171812
"NM_053453",41.5384650908458,21.9277401690732,61.7378628776897,48.9231101407318,62.7218880998787,39.6556977373271
"NM_001047084",41.5384650908458,75.7503751295257,49.0271264028712,87.7381396738744,96.2708049905115,95.8839258723432
"NM_001037658",500.769273595196,458.489112626076,455.770693597062,584.65138234296,611.659963020523,562.282281350161
"NM_001105962",1050.00008979638,952.859981892454,1076.78096136676,3537.82821265622,1878.25312968862,2600.11164418027
"NM_001047085",2750.76946601601,3496.47784150495,3257.58017654633,2691.98402741316,3722.9573424866,3014.42490412249
"NM_001105960",583.846203776888,791.392077011097,673.669033165378,610.123745474085,679.73022917543,601.937979087488
"NM_001025667",676.153903978767,631.917603054201,700.906325611418,880.615982533172,950.066429047776,856.44469590914
"NM_001191671",1070.7693223418,1606.70532511573,973.279250071813,1269.5749243132,1216.99911561238,977.779293463648
"NM_001105958",288.461563130873,239.211710935344,299.610216906435,249.467429395302,242.621877223562,214.259142998693
"NM_001100984",69.2307751514096,153.494181183513,390.401191726567,41.240968878964,40.8421596929443,43.2069542511176
"NM_001191549",1241.53856771528,1335.59871938901,1421.78666568326,1374.29463940783,1440.65856154993,1271.349831937
"NM_001107184",1684.6155286843,2011.37180278135,2119.06135230188,2552.08819180412,1950.21312533809,1756.68822215503
"NM_001077589",20.7692325454229,43.8554803381464,7.26327798561055,8.08646448607137,135.168099936173,33.7369368810096
"NM_182673",73.8461601615036,37.8751875647628,52.6587653956765,88.1424628981779,77.3083737045017,95.8839258723432
"NM_001025137",470.769271029585,392.705892118857,737.222715539471,485.187869164282,613.604827767806,479.419629361716
"NM_001109898",13.8461550302819,7.97372369784481,18.1581949640264,11.7253735048035,6.80702661549071,4.73500868505398
"NM_199100",3223.84642955064,2487.80179372758,3054.20839294924,4101.05046411109,4327.81027889163,3922.36281948159
"NM_145092",844.615456847197,978.77458391045,889.751553237292,1020.1074949179,1151.84614657839,946.409860925165
"NM_001009683",78.4615451715975,125.586148241056,177.950310647458,458.098213135943,135.168099936173,234.382929910172
"NM_001107187",1133.07701997807,1078.44613013351,1251.09963302142,1825.51935773061,1604.51341650853,1657.25303976889
"NR_027983",46.1538501009397,35.8817566403016,63.5536823740923,57.0095746268032,59.3183747921334,58.0038563919113
"NM_053571",3567.69261280264,4112.44799716346,2373.27608179825,4503.75639551745,5494.24291107465,5077.70493863477
"NM_001025126",484.615426059867,408.653339514546,461.21815208627,404.323224303568,430.301325336377,379.984446975582
"NM_001105963",798.461606746257,895.05048508308,684.563950143794,690.988390334799,731.269144978431,688.351887589723
"NM_001034143",563.076971231465,498.3577311153,492.087083525115,671.985198792531,650.557257966184,825.075263370657
"NM_001107191",16.1538475353289,31.8948947913792,34.5005704316501,30.3242418227676,21.8797284069344,24.8587955965334
"NM_001012027",46527.6962867573,30834.3895395659,27771.1433779819,70158.5702043795,69601.8471433926,81087.6156076351
"NR_002704",701.538521534284,978.77458391045,1036.83293244591,331.94936715323,316.040521433497,257.46609724981
"NM_053576",6994.61598279742,6492.60452097013,6535.13436755309,5126.41416094494,4726.02133589784,4645.63539612359
"NM_199403",493.846196080055,719.628563730494,778.986563956731,656.216593044692,716.682659373808,545.709750952472
"NM_001012207",597.69235880717,590.055553640516,490.271264028712,563.222251454871,598.532125976362,586.549200861062
"NM_001134501",623.076976362686,873.122744914006,666.405755179768,637.617724726727,587.349153679485,464.030851135291
"NM_144561",62.3076976362686,35.8817566403016,29.0531119424422,43.2625850004818,52.5113481766427,36.1044412235366
"NM_144737",46.1538501009397,113.625562694289,29.0531119424422,29.9199185984641,49.1078348688973,20.7156629971112
"NM_053433",4400.7696071246,4048.6582075807,2151.74610323712,6562.16593044692,6693.73824396148,4516.60640945587
"NM_153821",13.8461550302819,5.98029277338361,9.07909748201318,13.3426664020178,10.6967561100568,3.55125651379049
"NM_001100563",152.307705333101,171.435059503663,192.47686661868,162.942259394338,171.63431394773,158.622790949308
"NM_001017493",96.9230852119734,85.7175297518317,127.107364748185,156.473087805481,121.554046705191,133.172119267143
"NM_001025668",233.076943009746,239.211710935344,185.213588633069,225.208035937088,239.704580102637,282.324892846344
"NM_013114",73.8461601615036,127.579579165517,63.5536823740923,121.296967291071,144.406207485767,84.63828024534
"NM_019177",20.7692325454229,45.8489112626076,32.6847509352475,45.6885243463032,39.8697273193028,39.0638216516954
"NM_001017494",288.461563130873,526.265764057757,408.559386690593,231.677207525945,234.84241823443,279.957388503817
"NM_001030024",4082.30804142812,1582.78415402219,1674.18557568323,6473.61914432443,6887.73850250296,6636.70654818879
"NM_001014131",124.615395272537,117.612424543211,163.423754676237,57.8182210754103,61.2632395394164,65.1063694194923
"NM_001105965",7260.00062087782,2673.19086970247,2302.45912143854,10789.3652405407,13845.0059197213,13351.540739681
"NM_001107193",20.7692325454229,23.9211710935344,25.4214729496369,16.5772521964463,12.1554046705191,21.3075390827429
"NM_001109667",510.000043615384,548.193504226831,568.351502374025,439.095021593675,498.857807678105,436.80455119623
"NM_001034011",3796.15417080229,3829.38080588997,3682.48193870455,3588.77293891847,3784.22058202602,3736.51372859323
"NM_001077643",60.0000051312216,21.9277401690732,19.974014460429,34.3674740658033,41.3283758797651,25.4506716821652
"NM_001108349",219.230787979464,235.224849086422,276.004563453201,296.368923414516,335.975385093149,361.044412235366
"NM_001007728",244.615405534981,155.487612107974,188.845227625874,235.72043976898,221.228365003448,236.750434252699
"NM_001105966",6812.3082748987,4329.73196792973,4214.51705115052,3911.01854868842,6003.79747486281,3074.79626485693
"NM_001191829",131.538472787678,135.553302863362,92.6067943165345,38.410706308839,28.6867550224252,26.6344238534287
"NM_001107194",1426.15396811904,817.306679029093,1432.68158266168,1027.38531295537,1290.41775982231,913.264800129787
"NM_001037980",297.692333151061,283.067191273491,230.609076043135,254.723631311248,287.839982597893,320.204962326776
"NM_001102408",64.6153901413156,115.61899361875,134.370642733795,27.0896560283391,13.6140532309814,13.0212738838985
"NM_022273",23226.9250632979,15993.2963069522,12492.8381352501,22833.7497693197,28119.8269485921,22802.0261989631
"NM_001191594",1320.00011288688,922.958518025536,884.304094748084,1484.2705564184,1947.78204440399,2056.17752148469
"NM_001009631",3480.00029761086,3135.66684417747,2603.88515784138,2816.51558049866,2722.81064619629,2371.05559904078
"NM_031765",833.076994321962,743.549734824028,682.748130647391,869.699255476976,827.053733782122,1007.37309774524
"NM_001012028",55.3846201211277,35.8817566403016,138.0022817266,253.106338414034,88.4913460013793,160.990295291835
"NM_017214",108.461547737208,195.356230597198,154.344657194224,46.0928475706068,92.8672916827662,147.377145322305
"NM_001177830",76.1538526665505,29.901463866918,19.974014460429,93.3986648141243,68.5564823417279,25.4506716821652
"NM_017235",641.538516403062,297.021207744719,292.346938920825,557.966049538924,505.664834293596,236.750434252699
"NM_031764",20.7692325454229,29.901463866918,36.3163899280527,31.1328882713748,29.6591873960667,44.3907064223811
"NM_017293",295.384640646014,468.456267248382,281.452021942409,428.582617761783,348.617005950489,298.897423244033
"NM_001190459",129.230780282631,213.297108917349,152.528837697822,145.556360749285,109.884858221493,106.537695413715
"NM_022248",145.38462781796,121.599286392133,105.317530791353,143.93906785207,150.727017914437,179.33845394642
"NM_175756",2134.61556716846,1704.38344041433,1527.10419647462,1984.41838488191,2693.15145880022,2179.87962338173
"NM_207603",136.153857797772,101.664977147521,219.714159064719,174.667632899142,153.644315035362,253.91484073602
"NM_001100682",2.30769250504699,5.98029277338361,16.3423754676237,27.8983024769462,28.6867550224252,31.3694325384827
"NM_001109075",168.46155286843,131.566441014439,121.659906258977,204.587551497606,175.524043442296,245.628575537175
"NM_001135992",99.2307777170204,35.8817566403016,87.1593358273266,144.343391076374,127.874857133861,122.518349725772
"NM_001126093",120.000010262443,167.448197654741,199.74014460429,418.07021392989,214.907554574778,68.6576259332828
"NM_001083338",228.461557999652,326.922671611637,299.610216906435,171.028723880409,154.616747409003,166.317180062521
"NM_023959",23.0769250504699,15.9474473956896,50.8429458992738,59.031190748321,59.8045909789541,48.5338390218033
"NM_013112",17065.3860748225,10993.7715484035,6954.5886712221,9157.51670725152,16742.8543931731,10648.4426566008
"NM_001131001",360.00003078733,293.034345895797,486.639625035907,404.323224303568,424.466731094528,574.711679148427
"NM_001011907",3510.00030017647,3047.95588350118,2667.43884021547,3527.31580882433,4061.36380851385,4508.32014425703
"NM_001108350",66.9230826463626,39.868618489224,39.948028920858,34.7717972901069,49.1078348688973,32.5531847097461
"NM_001127638",260.769253070309,183.395645050431,190.661047122277,303.242418227676,296.591873960667,321.980590583671
"NM_001009539",609.230821332404,440.548234305926,566.535682877623,406.344840425086,447.805108061925,452.785205508287
"NM_001305647",18.4615400403759,9.96715462230601,16.3423754676237,18.1945450936606,15.5589179782645,17.1644064833207
"NM_001082580",25.3846175555169,25.9146020179956,21.7898339568316,16.5772521964463,16.531350351906,15.3887782264255
"NM_001105968",876.923151917855,631.917603054201,704.537964604223,942.477435851618,1011.81588477401,1268.39045150884
"NM_031800",687.692366504002,510.318316662068,561.088224388415,724.142894727691,775.514817979121,757.009513523006
"NM_001003709",2430.00020781448,2804.75731071691,2218.93142460402,2180.51514866914,2387.32147728996,2244.98599280122
"NM_001109476",1264.61549276575,1377.46076880269,1254.73127201422,763.766570709441,810.522383430216,718.537567956942
"NM_053796",4917.69272825513,3925.06549026411,5191.42794021514,4263.18407705683,4314.68244184747,4138.39759073718
"NM_031777",717.692369069613,607.996431960667,711.801242589834,970.780061552868,872.271839156453,1074.25509542162
"NM_001109077",159.230782848242,125.586148241056,168.871213165445,182.754097385213,215.393770761599,251.547336393493
"NM_001191550",13.8461550302819,7.97372369784481,7.26327798561055,24.6637166825177,27.2281064619629,21.3075390827429
"NM_001191673",11.5384625252349,7.97372369784481,7.26327798561055,8.08646448607137,13.1278370441607,7.69438911321273
"NM_001191932",20.7692325454229,17.9408783201508,16.3423754676237,18.5988683179641,10.2105399232361,18.3481586545842
"NM_001192006",41.5384650908458,27.9080329424568,32.6847509352475,30.7285650470712,28.2005388356044,31.9613086241144
"NM_174864",2462.30790288513,2258.55723741454,2277.03764848891,2516.91207128971,2467.54714811538,2585.90661812511
"NM_001134777",87.6923151917855,77.7438060539869,61.7378628776897,117.658058272338,129.819721881144,127.253358410826
"NM_001159594",76.1538526665505,13.9540164712284,36.3163899280527,27.8983024769462,12.1554046705191,16.5725303976889
"NM_001107375",648.461593918203,984.754876683834,615.562809280494,948.137960991868,855.254272617726,852.301563309717
"NM_001013231",510.000043615384,346.856980856249,670.037394172573,471.440879537961,564.496992898909,550.444759637526
"NM_001014787",150.000012828054,169.441628579202,232.424895539538,138.682865936124,76.3359413308602,133.172119267143
"NM_024144",1116.92317244274,1317.65784106885,1133.07136575525,1115.12345262924,1377.45045726323,1158.89337566696
"NM_001107197",16.1538475353289,21.9277401690732,30.8689314388448,19.4075147665713,24.797025527859,18.9400347402159
"NM_001024882",20.7692325454229,11.9605855467672,9.07909748201318,16.1729289721427,17.9899989123683,11.837521712635
"NM_001105971",36.9230800807518,15.9474473956896,49.0271264028712,20.2161612151784,27.2281064619629,39.0638216516954
"NM_001013127",1467.69243320988,1774.15352277047,3321.13385892042,1305.15536805192,1561.7263920683,1446.54515328399
"NM_001105973",34.6153875757048,23.9211710935344,81.7118773381187,51.3490494865532,55.4286452975673,89.9651650160257
"NM_001191830",168.46155286843,231.237987237499,157.976296187029,161.324966497124,167.258368266343,204.789125628585
"NM_017096",199823.094012019,100626.399635877,79068.0441513564,142535.257617288,126751.697742305,138958.299880279
"NM_017170",8593.84688879498,5306.51312091572,3785.9836499995,16926.1831390203,16960.1930286819,21427.0980520405
"NM_001047103",23.0769250504699,49.83577311153,34.5005704316501,59.8398371969281,57.3735100448503,39.6556977373271
"NM_001012029",152.307705333101,163.461335805819,295.97857791363,158.899027151302,301.940252015695,400.700109972693
"NM_001000081",9.23077002018795,9.96715462230601,5.44745848920791,12.1296967291071,11.1829722968776,11.2456456270032
"NM_001000913",2.30769250504699,1.9934309244612,7.26327798561055,12.1296967291071,12.1554046705191,12.4293977982667
"NM_001001109",11.5384625252349,1.9934309244612,9.07909748201318,10.1080806075892,3.40351330774536,5.91876085631748
"NM_017005",3611.53877039853,3492.49097965603,2774.57219050323,4139.46117041993,5260.85914140068,4440.84627049501
"NM_021593",1573.84628844204,703.681116334804,815.302953884784,3298.46886386851,4080.81245598668,4825.56572615564
"NM_001109524",32.3076950706578,43.8554803381464,19.974014460429,24.2593934582141,9.23810754959454,14.205026055162
"NM_001191933",36.9230800807518,9.96715462230601,34.5005704316501,29.1112721498569,41.8145920665858,36.6963173091684
"NM_022678",895.384691958231,811.326386255709,904.278109208513,830.075579495226,617.494557262372,619.102385570809
"NM_001105975",3103.8464192882,2772.86241592553,2809.07276093488,2924.06555816341,2883.74820403396,2454.51012711486
"NM_001013873",853.846226867385,1008.67604777737,804.408036906368,651.364714353049,558.176182470239,545.11787486684
"NM_001105976",796.15391424121,643.878188600968,699.090506115015,732.229359213762,923.324538772633,897.876021903362
"NM_057139",6863.07751000974,8551.81866593856,8200.24084575431,7158.94700951898,6675.26202886229,5792.69125007792
"NM_001008293",1329.23088290706,1227.9534494681,1098.5707953236,1174.55896660187,1054.60290921424,974.228036949857
"NM_001013985",2760.0002360362,1863.85791437122,1570.68386438828,3231.35120863412,3328.14979878814,3248.21595794703
"NM_001271270",1456.15397068465,1784.12067739278,1390.91773424442,3617.47988784403,2684.39956743745,3452.41320748999
"NM_001013185",9290.77002531917,3041.97559072779,3491.82089158227,11920.2572989178,14423.1169658512,16509.791532612
"NM_001134496",893.076999453184,655.838774147735,562.904043884817,1307.17698417344,1133.3699314792,1482.0577184219
"NM_001012208",168.46155286843,251.172296482111,236.056534532343,162.537936170035,182.331070057787,232.607301653277
"NM_001109081",3159.23103940932,3574.22164755893,2645.64900625864,3562.08760611444,3426.36546852593,3299.11730131136
"NM_001105981",623.076976362686,592.048984564977,720.880340071847,437.882051920765,394.807543698461,404.251366486484
"NM_001105980",263.076945575356,336.889826233943,366.795538273333,210.652399862159,285.408901663789,263.97673419176
"NM_134453",327.692335716672,400.679615816702,403.111928201385,420.496153275711,322.361331862167,315.469953641722
"NM_001012150",73.8461601615036,31.8948947913792,32.6847509352475,53.370665608071,66.6116175944449,60.3713607344383
"NM_001126095",738.461601615036,914.984794327692,764.46000798551,540.984474118175,583.945640371739,588.324829117958
"NM_053323",2259.230962441,1877.81193084245,1732.29179956812,1399.36267931465,1380.85397057097,1286.14673407779
"NM_001107203",413.076958403411,444.535096154848,345.005704316501,412.40968878964,465.308890787472,359.268783978471
"NM_017116",1998.46170937069,2097.08933253318,2482.2252515824,1223.07775351829,1481.98693742969,1372.56064258002
"NM_001145828",25.3846175555169,13.9540164712284,19.974014460429,33.1545043928926,40.3559435061235,31.9613086241144
"NM_001025669",1003.84623969544,950.866550967993,996.884903525048,1036.28042389005,1047.30966641193,1125.74831487158
"NM_001105734",78.4615451715975,79.7372369784481,148.897198705016,101.080806075892,88.0051298145585,48.5338390218033
"NM_001077674",92.3077002018795,87.7109606762929,116.212447769769,123.722906636892,161.909990211315,129.620862753353
"NM_001100857",4846.15426059867,3998.82243446917,2473.14615410039,7657.88186830959,7889.83006354056,8373.86285951797
"NM_134410",2739.23100349077,2697.11204079601,2057.32348942419,3583.11241377822,3475.47330339483,3402.10374021129
"NM_001040154",1105.38470991751,1225.96001854364,1380.022817266,846.652831691672,858.657785925472,849.93405896719
"NM_001024238",16966.1552971054,21766.2722641919,18957.1555424435,12068.6439222372,10202.7604642469,8441.33673327999
"NM_171990",1564.61551842186,1694.41628579202,1167.5719361869,873.338164495708,901.444810365699,871.833474135565
"NM_001105985",1276.15395529098,645.871619525429,851.619343812837,2930.93905297657,2430.59471791701,2880.66090876972
"NM_001105986",814.615454281586,861.162159367239,900.646470215708,400.684315284836,582.000775624456,716.170063614415
"NM_001009702",510.000043615384,526.265764057757,570.167321870428,306.477004022105,318.957818554422,271.079247219341
"NM_001108858",23.0769250504699,69.7700823561421,58.1062238848844,26.6853328040355,19.4486474728306,25.4506716821652
"NM_001011909",140.769242807866,139.540164712284,136.186462230198,130.192078225749,123.012695265654,110.680828013137
"NM_001100827",115.384625252349,53.8226349604525,183.397769136666,604.463220333835,214.421338387958,412.537631685328
"NM_001135119",1121.53855745284,1054.52495903998,1009.59563999987,960.671980945279,1029.80588368638,965.941771751013
"NM_001109083",39.2307725857988,29.901463866918,41.7638484172606,62.2657765427495,26.7418902751421,54.4525998781208
"NM_021865",16.1538475353289,17.9408783201508,25.4214729496369,27.8983024769462,28.6867550224252,30.1856803672192
"NM_001107891",2321.53866007727,1660.52796007618,1665.10647820122,4076.38674742858,3610.641403331,3713.43056125359
"NM_001007679",43.8461575958927,33.8883257158404,38.1322094244554,24.6637166825177,31.6040521433497,42.0232020798541
"NM_001002851",265.384638080403,336.889826233943,363.163899280527,222.782096591266,193.514042354665,200.645993029163
"NM_001191675",383.0769558378,414.63363228793,432.165040143828,444.755546733925,424.466731094528,339.144997066992
"NM_001109376",4783.8465629624,3596.14938772801,2743.70325906438,4648.09978659382,4343.3691968699,3885.66650217243
"NM_022853",1555.38474840167,1455.20457485668,1345.52224683435,2413.405325868,2241.94283743055,2326.6648926184
"NM_053691",53.0769276160807,21.9277401690732,105.317530791353,272.513853180605,98.2156697377946,142.05026055162
"NM_001108351",11.5384625252349,1.9934309244612,3.63163899280527,10.5124038318928,9.72432373641531,20.1237869114794
"NM_001013986",447.692345979115,462.475974474999,666.405755179768,319.415347199819,352.506735445055,284.692397188871
"NM_001014132",18.4615400403759,27.9080329424568,38.1322094244554,32.750181168589,26.2556740883213,36.1044412235366
"NM_001103357",145.38462781796,187.382506899353,187.029408129472,122.509936963981,104.050263979644,135.53962360967
"NM_001108859",3581.53876783292,2087.12217791088,3054.20839294924,3167.87246241846,3659.7492381999,4025.94113446715
"NM_017080",15660.0013392488,10702.7306334322,7221.51413719329,16460.8071078469,21943.9089435948,17928.5185098713
"NM_001009632",2074.61556203724,739.562872975106,995.069084028645,2390.763225307,3708.37085688198,3505.68205519684
"NM_019190",62.3076976362686,57.8094968093749,38.1322094244554,45.2842011219997,48.6216186820765,34.3288129666414
"NM_001100889",496.153888585102,446.528527079309,350.453162805709,764.575217158048,583.945640371739,617.326757313913
"NM_017256",521.538506140619,588.062122716055,386.769552733762,393.002174023069,539.69996737105,388.270712174427
"NM_001100789",286.153870625826,396.692753967779,355.900621294917,370.360073462069,324.792412796271,355.125651379049
"NM_033021",3486.923375126,5214.8152983905,4530.46964352458,3161.80761405391,3976.27597582022,3469.57761397331
"NM_001191595",9.23077002018795,9.96715462230601,9.07909748201318,20.2161612151784,22.3659445937552,2.36750434252699
"NM_022513",20386.1555895851,18810.0142032159,12445.6268283437,10473.9931255839,10681.1971920786,12074.8640229733
"NM_001107212",16.1538475353289,23.9211710935344,30.8689314388448,14.1513128506249,15.5589179782645,16.5725303976889
"NM_001191678",69.2307751514096,61.7963586582973,52.6587653956765,92.9943415898207,127.388640947041,95.2920497867114
"NM_001113776",180.000015393665,247.185434633189,207.003422589901,102.698098973106,153.644315035362,127.253358410826
"NM_001004087",25.3846175555169,29.901463866918,21.7898339568316,74.3954732718566,31.117835956529,54.4525998781208
"NM_001106008",69.2307751514096,115.61899361875,119.844086762574,58.2225442997139,67.0978337812656,69.8413781045463
"NM_013127",316.153873191437,364.7978591764,399.48028920858,462.545768603282,465.795106974293,574.711679148427
"NM_053978",987.69239216011,924.951948949998,946.041957625774,768.21412617678,856.226704991368,721.496948385101
"NM_001109388",1352.30780795753,2009.37837185689,1427.23412417247,1675.11111828968,1726.06746321372,1422.27823377309
"NM_016990",4832.30810556839,5141.05835418544,3809.58930345273,3384.99403386948,3737.0576119044,3409.20625323887
"NM_001170459",1530.00013084615,2047.25355942165,1950.19013913643,1289.38676230408,1475.66612700102,1267.7985754232
"NM_001017461",5810.76972770831,5788.92340463533,5990.3885186323,5081.93860627155,5113.53563679399,5053.43801912387
"NM_001305130",551.53850870623,572.114675320365,414.006845179801,933.986648141243,1001.60534485078,759.377017865533
"NM_001013130",9786.92391390427,11577.8468092707,11138.2367909338,7738.342189946,6883.8487730084,6702.99666977955
"NM_001107245",203.076940444135,197.349661521659,197.924325107887,208.630783740641,190.110529046919,181.114082203315
"NM_031030",3096.92334177306,3315.07562737898,3134.10445079095,3033.23282872537,2899.30712201222,2912.62221739383
"NM_001170456",939.230849554123,761.490613144179,786.249841942342,1050.83605996497,758.983467627215,887.22225236199
"NM_001100898",180.000015393665,205.323385219504,145.265559712211,240.976641684927,210.531608893391,246.220451622807
"NM_001271410",4809.23118051792,4295.84364221389,3112.31461683412,6406.50148909004,6296.01340314209,6840.90379773174
"NM_001105993",147.692320323007,221.270832615193,197.924325107887,126.95749243132,156.561612156286,180.522206117683
"NM_001139484",669.230826463626,829.26726457586,849.803524316434,789.643257064869,869.840758222349,772.990167835063
"NM_001008338",1518.46166832092,1596.73817049342,1806.74039892062,1824.3063880577,2063.50149686733,1723.54316135965
"NM_001128311",2007.69247939088,687.733668939115,1024.12219597109,4084.47321191465,5791.32100122214,6270.33525118274
"NM_001037179",136.153857797772,99.6715462230601,116.212447769769,121.701290515374,173.579178695013,156.255286606782
"NM_001006991",950.769312079358,1088.41328475582,1187.54595064732,797.729721550941,844.557516507669,732.742594012104
"NM_001107206",786.923144221022,709.661409108188,657.326657697755,1089.65108949812,1028.83345131274,1051.17192808198
"NM_001170551",2030.76940444135,2103.06962530657,1774.05564798538,2170.00274483725,1978.89988036051,1935.43480001582
"NM_001009633",191.5384779189,87.7109606762929,205.187603093498,146.769330422195,119.122965771088,136.723375780934
"NM_001004275",1624.61552355308,1730.29804243232,1501.68272352498,1290.19540875269,1290.90397600913,1467.2608162811
"NM_001108354",383.0769558378,231.237987237499,297.794397410032,260.788479675802,182.817286244608,123.110225811404
"NM_012823",851.538534362338,520.285471284374,897.014831222903,973.206000898689,948.607780487313,1618.1892181172
"NM_001108355",777.692374200834,835.247557349244,820.750412373992,1419.98316375413,1313.26992060289,1464.89331193858
"NM_001107208",756.923141655412,855.181866593856,1042.28039093511,562.817928230567,532.406724568738,527.953468383519
"NM_054001",2466.92328789523,3253.27926872068,2774.57219050323,2406.93615427914,2032.3836609108,1980.41738252383
"NM_019379",5681.53894742568,7690.65650657132,6596.87223043078,6883.60289376825,6841.54796475499,5836.49008041467
"NM_001013989",1818.46169397703,1921.6674111806,1601.55279582713,1606.78049338238,1555.40558163963,1498.03837273395
"NM_001007618",713.076984059519,769.464336842024,668.22157467617,709.182935428459,677.299148241326,576.487307405323
"NM_022256",16.1538475353289,33.8883257158404,72.6327798561055,8.89511093467851,4.86216186820765,9.47001737010797
"NM_001107211",9.23077002018795,5.98029277338361,19.974014460429,17.790221869357,10.6967561100568,11.2456456270032
"NM_001106000",401.538495878176,462.475974474999,384.953733237359,345.292033555247,324.30619660945,338.55312098136
"NM_134326",1375507.04071077,708975.668870173,645679.991447828,4157087.64138345,4507046.58292031,5189286.60205024
"NM_012564",174016.168728078,105300.995153739,97229.8707543756,356475.613939484,347477.801424768,354378.703758982
"NM_053424",1082.30778486704,1682.45570024525,855.250982805642,601.228634539406,629.16374574607,414.313259942224
"NM_031533",43606.1575753679,81.7306679029093,39.948028920858,61.0528068698388,47743.998464865,23727.1285208055
"NM_133423",1160.76933003863,1239.91403501487,1149.41374122287,1314.8591254352,1402.73369897791,1300.94363621858
"NM_001007264",21263.0787415029,21018.7356675189,16709.1710058971,23067.8529161915,18647.36319695,20140.3594418771
"NM_001107213",823.846224301774,739.562872975106,842.540246330823,783.578408700316,760.442116187677,765.887654807482
"NM_130822",41.5384650908458,15.9474473956896,19.974014460429,42.0496153275711,47.1629701216142,44.3907064223811
"NM_001013048",1677.69245116916,1052.53152811551,1487.15616755376,2458.2852037657,2385.8628287295,2736.8350199612
"NM_012802",445.384653474068,297.021207744719,484.823805539504,707.161319306941,642.291582790231,802.58397211665
"NM_001017499",604.61543632231,821.293540878015,702.72214510782,626.700997670531,571.79023570122,760.560770036796
"NM_001108358",90.0000076968325,95.6846843741377,58.1062238848844,99.8678364029814,109.884858221493,92.3326693585527
"NM_001191596",916.153924503654,1018.64320239967,924.252123668942,995.848101459689,1161.57047031481,835.729032912028
"NM_001008295",646.153901413156,891.063623234157,889.751553237292,664.707380755067,683.619958669996,583.589820432904
"NM_001108359",1236.92318270518,767.470905917563,1027.75383496389,1315.26344865951,1145.0391199629,878.935987163146
"NM_001191068",276.923100605638,450.515388928232,441.244137625841,108.76294733766,88.9775621882001,89.373288930394
"NM_001024255",11.5384625252349,11.9605855467672,12.7107364748185,19.0031915422677,14.586485604623,16.5725303976889
"NM_182473",16.1538475353289,49.83577311153,21.7898339568316,15.3642825235356,25.7694579015006,8.28626519884447
"NM_021671",1093.84624739227,811.326386255709,855.250982805642,746.380672064387,743.42454964895,618.510509485177
"NM_001005882",1100.76932490741,1439.25712746099,1102.2024343164,1427.2609817916,1593.33044421165,1268.39045150884
"NM_001106006",2277.69250248138,2346.26819809083,2051.87603093498,1973.09733460141,1931.25069405208,1738.93193958608
"NM_001047093",636.923131392968,625.937310280817,622.826087266104,595.97243262346,572.276451888041,627.980526855285
"NM_001037792",5157.69274878001,4929.75467619255,3740.58816258943,4831.25820720334,5659.07019840689,4571.65088541962
"NM_001017500",911.53853949356,781.424922388791,606.483711798481,1021.72478781512,908.73805316801,911.489171872892
"NM_001107216",424.615420928646,386.725599345473,472.113069064686,400.279992060533,328.195926104017,360.452536149735
"NM_001105750",639.230823898015,769.464336842024,611.931170287689,985.7400208521,962.708049905115,859.404076337298
"NM_001191597",2538.46175555169,3043.96902165226,2734.62416158237,2424.3220529242,2328.00310249782,2039.01311500137
"NM_031347",92.3077002018795,91.6978225252153,56.2904043884817,36.3890901873212,43.7594568138689,106.537695413715
"NM_022632",18.4615400403759,9.96715462230601,23.6056534532343,19.4075147665713,8.26567517595301,4.73500868505398
"NM_001106009",99.2307777170204,35.8817566403016,63.5536823740923,113.210502804999,104.050263979644,103.578314985556
"NM_001107222",1322.30780539192,1138.24905786735,1312.83749589911,1172.13302725604,1173.72587498533,1228.73475377151
"NM_001191551",1347.69242294744,1700.39657856541,1305.5742179135,1432.51718370754,1480.04207268241,1511.05964661785
"NM_001012151",1043.07701228124,1279.78265350409,1154.86119971208,883.446245103297,1186.85371202949,785.41956563333
"NM_001134971",1098.46163240237,1052.53152811551,1203.88832611495,914.983456598975,1006.46750671898,1208.61096686003
"NM_001170439",1675.38475866411,243.198572784267,147.081379208614,129.383431777142,189.624312860098,3006.73051500928
"NM_001107225",43.8461575958927,31.8948947913792,52.6587653956765,84.5035538794458,67.0978337812656,63.9226172482288
"NM_001034021",16.1538475353289,15.9474473956896,9.07909748201318,10.1080806075892,17.0175665387268,10.6537695413715
"NM_031766",203.076940444135,151.500750259051,174.318671654653,176.689249020659,150.727017914437,295.938042815874
"NM_019339",122.30770276749,131.566441014439,128.923184244587,173.858986450534,160.451341650853,250.363584222229
"NM_022928",39.2307725857988,37.8751875647628,29.0531119424422,70.7565642531245,60.7770233525957,59.7794846488066
"NM_024357",1610.7693685228,1686.44256209418,1610.63189330914,1835.2231151139,1688.1426006417,1595.69792686319
"NM_001191552",403.846188383223,426.594217834697,670.037394172573,710.39590510137,511.985644722266,501.319044530091
"NM_013033",754.615449150364,1670.49511469849,1719.5810630933,26.6853328040355,18.4762150991891,18.9400347402159
"NM_001191682",676.153903978767,685.740238014653,706.353784100626,557.157403090317,264.987821817317,497.7677880163
"NM_001107229",553.846201211277,598.029277338361,544.745848920791,792.473519634994,814.412112924782,765.29577872185
"NM_001109090",6814.61596740375,3311.08876553006,3691.56103618656,8930.28705519292,7075.9041668026,4896.59085643145
"NM_001107235",789.230836726069,964.820567439222,964.2001525898,917.409395944797,919.921025464888,850.525935052822
"NM_001107232",36.9230800807518,15.9474473956896,32.6847509352475,34.7717972901069,42.7870244402273,43.2069542511176
"NM_024135",1940.76939674452,1606.70532511573,1280.15274496386,738.294207578316,1184.90884728221,631.531783369075
"NM_053649",36.9230800807518,19.934309244612,43.5796679136633,46.0928475706068,33.5489168906328,52.0850955355938
"NM_001012038",1421.53858310894,1215.99286392133,1334.62732985594,1875.25111431995,1890.89475054596,1824.75397200268
"NM_001108862",76.1538526665505,29.901463866918,36.3163899280527,51.3490494865532,65.1529690339826,68.065749847651
"NM_013193",1038.46162727114,1243.90089686379,993.253264532242,1117.14506875076,1181.99155016128,1083.72511279173
"NM_001108365",283.846178120779,299.01463866918,343.189884820098,322.245609769944,298.53673870795,290.611158045188
"NM_001077660",761.538526665506,934.919103572304,1018.67473748188,685.327865194549,754.121305759007,777.725176520117
"NM_001107239",1564.61551842186,1046.55123534213,1312.83749589911,806.624832485619,982.156697377946,755.825761351742
"NM_001030025",80.7692376766445,89.7043916007541,156.160476690627,93.3986648141243,58.8321586053126,138.499004037829
"NM_001107236",904.615461978419,791.392077011097,851.619343812837,1421.19613342704,2039.19068752629,1683.88746362232
"NM_001014232",85.3846226867385,39.868618489224,56.2904043884817,66.7133320100888,65.6391852208033,62.1469889913336
"NM_031507",2420.76943779429,2019.3455264792,1456.28723611491,6401.2452871741,8162.11112816019,5769.01620665265
"NM_001134702",302.307718161155,253.165727406573,192.47686661868,324.671549115765,246.511606718128,309.551192785404
"NM_001047094",150.000012828054,127.579579165517,123.475725755379,143.534744627767,158.50647690357,145.009640979778
"NM_001024743",5157.69274878001,6117.83950717143,3419.18811172617,9261.83209912184,9832.26372988952,8444.88798979378
"NM_001127537",64.6153901413156,87.7109606762929,72.6327798561055,78.4387055148923,59.3183747921334,76.9438911321273
"NM_182814",5658.46202237521,5840.75260867132,6773.00672158184,3843.90089345403,3827.98003883989,3376.65306852912
"NM_001271196",1479.23089573512,1385.43449250054,1189.36177014373,1688.85810791601,1489.280180232,1521.12154007359
"NM_001025278",288.461563130873,239.211710935344,226.97743705033,284.643549909712,262.556740883213,230.23979731075
"NM_001108366",46.1538501009397,63.7897895827585,63.5536823740923,73.5868268232495,54.4562129239257,68.065749847651
"NM_001191684",140.769242807866,129.573010089978,147.081379208614,165.772521964463,196.431339475589,147.377145322305
"NM_001024866",567.692356241559,560.154089773598,552.009126906402,644.491219539888,720.086172681553,622.653642084599
"NM_031831",1112.30778743265,895.05048508308,1078.59678086317,973.610324122993,573.735100448503,913.856676215419
"NM_001169145",131.538472787678,149.50731933459,177.950310647458,80.8646448607137,67.0978337812656,58.0038563919113
"NM_001025140",7451.53909879672,6321.16946146647,6489.73888014302,7926.35248924716,7280.60118145414,6688.79164372439
"NM_001106023",2155.38479971389,2631.32882028879,1893.89973474795,2065.28302974263,1835.46610524839,2146.73456258635
"NM_199114",286.153870625826,253.165727406573,263.293826978382,363.890901873212,362.717275368291,319.021210155512
"NM_001172084",853.846226867385,745.54316574849,588.325516834454,792.069196410691,816.843193858886,857.628448080403
"NM_001013991",290.76925563592,346.856980856249,375.874635755346,281.408964115284,299.022954894771,279.365512418185
"NM_001198804",3477.69260510581,2587.47333995064,2435.01394467594,3411.67936667351,3730.73680147573,4012.32798449762
"NM_022287",9950.7700817626,8234.86314894923,7771.70744460329,10341.3751080124,8723.69082393817,8777.52234991883
"NM_001107246",50.7692351110337,47.8423421870688,30.8689314388448,58.2225442997139,17.9899989123683,35.5125651379049
"NM_080481",2958.46179147024,2406.07112582467,2195.32577115079,2101.26779670565,2471.43687760995,2558.08844210042
"NM_001011914",1038.46162727114,1212.00600207241,1167.5719361869,1010.40373753462,1094.95885272036,996.719328203864
"NM_001007619",2550.00021807692,3037.98872887887,2612.96425532339,2391.1675485313,1756.2128667966,1793.3845394642
"NM_031001",18.4615400403759,61.7963586582973,54.4745848920791,20.620484439482,14.1002694178022,17.1644064833207
"NM_031099",8515.38534362338,11049.5876142884,10346.5394905022,5412.27068052757,5044.00672207862,5535.22515282811
"NM_001013987",293.076948140967,247.185434633189,310.505133884851,280.195994442373,338.892682214073,253.322964650388
"NM_001109563",62.3076976362686,63.7897895827585,94.4226138129371,72.3738571503388,106.967561100568,78.1276433033908
"NM_001107204",560.769278726418,582.081829942671,392.21701122297,828.458286598012,735.158874472997,718.537567956942
"NM_001037205",69.2307751514096,69.7700823561421,58.1062238848844,39.6236759817497,32.0902683301705,36.6963173091684
"NM_001107205",154.615397838148,418.620494136852,323.215870359669,168.198461310284,117.178101023804,203.605373457321
"NM_001134998",36.9230800807518,21.9277401690732,23.6056534532343,20.620484439482,7.29324280231148,10.6537695413715
"NM_001004076",69.2307751514096,75.7503751295257,78.0802383453134,78.0343822905887,98.2156697377946,95.8839258723432
"NM_001191934",170.769245373477,127.579579165517,145.265559712211,204.991874721909,253.80484952044,225.504788625696
"NM_012881",23.0769250504699,19.934309244612,45.3954874100659,30.3242418227676,40.8421596929443,20.7156629971112
"NM_012946",544.615431191089,404.666477665624,401.296108704983,335.588276171962,429.328892962736,490.073398903087
"NM_001009684",4959.23119334597,4367.60715549449,3500.89998906428,6690.33639255115,6701.51770295061,7587.25954171338
"NM_001004209",10458.4624328729,8400.3179156795,7532.01927107814,10102.0157592247,11822.8327987337,9739.91286515605
"NM_001105995",154.615397838148,135.553302863362,203.371783597095,133.426664020178,133.22323518889,136.723375780934
"NM_198049",18.4615400403759,17.9408783201508,10.8949169784158,5.25620191594639,13.1278370441607,7.10251302758098
"NM_001012032",519.230813635572,354.830704554094,321.400050863267,779.130853232976,594.642396481796,714.39443535752
"NM_031242",230.769250504699,209.310247068426,156.160476690627,237.742055890498,277.629442674657,124.293977982667
"NM_001025670",115.384625252349,65.7832205072197,274.188743956798,12.9383431777142,17.9899989123683,5.32688477068573
"NM_022605",214.61540296937,185.389075974892,199.74014460429,160.111996824213,158.020260716749,194.135356087213
"NM_001014134",124.615395272537,125.586148241056,118.028267266171,117.658058272338,102.591615419181,72.2088824470733
"NM_001105996",576.923126261747,530.25262590668,568.351502374025,519.555343230085,568.386722393475,545.11787486684
"NM_001044255",1017.69239472572,785.411784237714,862.514260791252,740.315823699834,811.494815803857,911.489171872892
"NM_001108353",286.153870625826,229.244556313038,544.745848920791,249.467429395302,229.980256366222,408.986375171538
"NM_001100564",627.69236137278,584.075260867132,513.876917481946,572.117362389549,473.088349776605,536.831609667996
"NM_001033696",1366.15396298782,1503.04691704375,1443.5764996401,1468.09762744626,1505.32531439709,1417.54322508804
"NM_001009391",426.923113433692,354.830704554094,599.22043381287,328.714781358801,371.469166731065,361.044412235366
"NM_001024742",23.0769250504699,63.7897895827585,27.2372924460396,26.281009579732,6.80702661549071,4.73500868505398
"NM_001012033",330.000028221719,301.008069593641,346.821523812904,394.619466920283,610.687530646881,379.392570889951
"NM_001105997",572.307741251653,607.996431960667,677.300672158183,600.015664866496,723.97590217612,671.187481106402
"NM_001017496",11.5384625252349,17.9408783201508,1.81581949640264,63.8830694399638,38.8972949456612,67.4738737620193
"NM_001105725",604.61543632231,384.732168421012,450.323235107854,796.112428653726,414.256191171292,944.042356582638
"NM_001105998",2360.76943266307,2220.68204984978,2157.19356172633,2428.76960839154,2556.52471030358,2677.64741139803
"NM_001013988",8596.15458130002,6038.10227019298,8096.73913445936,3010.18640494007,2748.58010409779,1777.40388515214
"NM_001012034",34.6153875757048,35.8817566403016,23.6056534532343,26.281009579732,31.117835956529,26.0425477677969
"NM_182952",360.00003078733,229.244556313038,444.875776618646,389.76758822864,437.108351951868,530.320972726046
"NM_145672",623.076976362686,548.193504226831,1192.99340913653,301.625125330462,147.809720793513,367.555049177316
"NM_139089",221.538480484511,145.520457485668,1741.37089705013,62.6700997670531,86.0602650672755,240.30169076649
"NM_017361",431.538498443786,408.653339514546,512.061097985544,362.677932200301,526.085914140068,393.597596945113
"NM_001006958",353.076953272189,637.897895827585,611.931170287689,240.976641684927,263.529173256855,186.440966974001
"NM_001010967",32.3076950706578,55.8160658849137,50.8429458992738,62.6700997670531,66.6116175944449,75.7601389608638
"NM_001107209",156.923090343195,137.546733787823,114.396628273366,143.534744627767,142.947558925305,142.642136637251
"NM_001012035",78.4615451715975,67.7766514316809,87.1593358273266,35.9847669630176,29.1729712092459,20.7156629971112
"NM_173114",43.8461575958927,45.8489112626076,65.3695018704949,12.1296967291071,8.75189136277378,11.837521712635
"NM_030845",92.3077002018795,145.520457485668,301.426036402838,69.9479178045173,87.5189136277378,44.9825825080129
"NM_001007729",20.7692325454229,25.9146020179956,39.948028920858,39.6236759817497,25.2832417146798,103.578314985556
"NM_001025671",867.692381897667,1050.53809719105,860.69844129485,837.757720756994,1792.67908080816,1545.38845958449
"NM_012493",150.000012828054,109.638700845366,143.449740215808,307.285650470712,417.659704479037,555.771644408212
"NM_172320",12579.2318450111,5645.39637807412,5434.74775273309,46571.1619449579,42464.1768921784,48901.3940709807
"NM_001105999",2480.76944292551,3446.64206839342,2881.70554079098,2825.41069143334,3000.92630505776,2447.99949017291
"NM_001108357",530.769276160807,667.799359694503,575.614780359636,615.379947390031,477.950511644812,549.261007466262
"NM_024158",73.8461601615036,65.7832205072197,88.9751553237292,90.9727254683029,81.1981031990678,91.740793272921
"NM_001025127",553.846201211277,466.462836323921,497.534542014322,555.540110193103,529.003211260993,455.152709850814
"NM_001100890",2600.76945318795,2561.55873793264,1993.7698070501,2307.06831787616,2417.95309705967,2205.33029506389
"NM_001012036",604.61543632231,918.971656176614,887.935733740889,584.65138234296,675.354283494043,493.624655416878
"NM_012883",17607.6938135085,7415.56303899567,3697.00849467577,73865.0012015703,50329.6961463779,39194.0343905344
"NM_001135869",12447.6933722234,7102.59438385526,5598.17150740933,1895.06295231083,2694.12389117386,2748.67254167384
"NM_153314",23741.5404919234,20410.7392355582,16620.1958505733,19709.9485383504,18645.9045483895,17803.632655803
"NM_001004271",35051.5414591587,32050.3824034872,26380.2256437375,25588.8082197242,26709.3137906251,24665.2521165318
"NM_173295",56760.0048541357,41062.6836129763,36832.0826650311,7138.3265250795,9432.59402432285,5216.2039426726
"NM_001191676",1562.30782591681,1359.51989048254,871.593358273266,2214.07397628634,1958.96501670086,2182.24712772426
"NM_001025115",4.61538501009397,7.97372369784481,10.8949169784158,8.08646448607137,13.6140532309814,9.47001737010797
"NM_001004098",246.923098040028,271.106605726723,208.819242086303,393.002174023069,299.995387268412,316.653705812985
"NM_001106002",2268.46173246119,1931.6345658029,2021.00709949613,2757.88871297464,3023.29224965152,2577.62035292626
"NM_031788",293.076948140967,354.830704554094,352.268982302112,440.71231449089,397.238624632565,402.475738229589
"NM_001006959",276.923100605638,273.100036651185,276.004563453201,210.248076637856,295.133225400205,225.504788625696
"NM_133621",39.2307725857988,45.8489112626076,25.4214729496369,38.410706308839,37.9248625720197,46.1663346792764
"NM_080910",1299.23088034145,1680.46226932079,1832.16187187026,1086.01218047938,991.881021114361,986.065558662492
"NM_057198",2157.69249221893,2154.89882934256,1710.50196561128,2073.773817453,1989.11042028375,1324.61867964385
"NM_001024770",376.153878322659,376.758444723167,395.848650215775,421.709122948622,379.734841907018,407.802623000274
"NM_001024802",376.153878322659,426.594217834697,473.928888561088,359.443346405872,333.058087972224,378.800694804319
"NM_001013990",433.846190948833,514.30517851099,548.377487913596,202.970258600391,161.909990211315,217.218523426852
"NM_022264",152.307705333101,141.533595636745,94.4226138129371,158.090380702695,135.654316122994,128.437110582089
"NM_001105736",233.076943009746,217.283970766271,261.47800748198,230.868561077338,233.869985860788,197.686612601004
"NM_001002830",18.4615400403759,51.8292040359912,119.844086762574,11.3210502804999,14.1002694178022,3.55125651379049
"NR_130115",94.6153927069264,81.7306679029093,116.212447769769,38.8150295331426,49.1078348688973,30.1856803672192
"NM_001013874",3283.84643468186,3333.01650569913,3164.9733822298,2753.4411575073,3015.02657447557,2947.54290644611
"NM_001271181",669.230826463626,424.600786910236,468.48143007188,868.486285804065,1035.64047792823,1031.04814117051
"NM_001107214",1428.46166062408,1676.47540747187,1532.55165496383,1026.17234328246,1111.49020307227,867.098465450511
"NM_053432",636.923131392968,504.338023888684,541.114209927986,845.439862018762,832.888328023971,896.100393646467
"NM_001106003",482.30773355482,552.180366075753,464.849791079075,354.187144489926,445.374027127821,424.967029483595
"NM_001170438",496.153888585102,781.424922388791,711.801242589834,346.505003228158,356.882681126442,390.046340431322
"NM_001106004",579.230818766794,546.200073302369,459.402332589867,461.332798930372,451.694837556491,439.172055538757
"NM_001107215",1250.76933773547,1341.57901216239,1094.93915633079,1106.63266491887,1213.59560230463,1198.54907340429
"NM_001106005",30.0000025656108,67.7766514316809,58.1062238848844,54.1793120566782,63.2081042866995,59.1876085631748
"NM_001109087",101.538470222067,117.612424543211,78.0802383453134,110.784563459178,114.747020089701,73.3926346183368
"NM_001109088",1066.15393733171,1054.52495903998,849.803524316434,981.696788609064,1025.42993800499,944.63423266827
"NM_001013430",23.0769250504699,27.9080329424568,63.5536823740923,47.7101404678211,60.2908071657749,50.9013433643303
"NM_001083624",1839.23092652245,1764.18636814816,1599.73697633072,1715.13911749574,1507.27017914437,1325.80243181512
"NM_031325",14178.4627510087,16812.5964169058,16511.2466807892,9177.7328684667,7623.8698093496,7004.26159736611
"NM_001012037",729.230831594848,687.733668939115,570.167321870428,675.219784586959,928.672916827662,1037.55877811245
"NM_001007598",136.153857797772,195.356230597198,208.819242086303,85.7165235523565,128.847289507503,101.210810643029
"NM_053547",1800.00015393665,1562.84984477758,1354.60134431637,2091.96836254666,2119.41635835172,2111.81387353408
"NM_001191679",96.9230852119734,139.540164712284,203.371783597095,103.10242219741,88.4913460013793,91.1489171872892
"NM_001025138",30.0000025656108,33.8883257158404,21.7898339568316,32.750181168589,31.117835956529,30.1856803672192
"NM_207604",43.8461575958927,59.8029277338361,61.7378628776897,93.3986648141243,93.3535078695869,99.4351823861337
"NM_001172120",53.0769276160807,43.8554803381464,105.317530791353,87.7381396738744,81.1981031990678,148.560897493569
"NM_001105742",916.153924503654,793.385507935558,844.356065827226,1013.23400010474,1123.15939155597,916.816056643578
"NM_001106007",369.230800807518,452.508819852693,492.087083525115,329.119104583105,337.434033653611,361.044412235366
"NM_001271306",1084.61547737208,1421.31624914084,1459.91887510772,1666.21600735501,2265.76743058477,1998.17366509278
"NM_001134639",126.923087777584,121.599286392133,110.764989280561,104.315391870321,104.536480166465,134.947747524039
"NM_053380",706.153906544378,265.12631295334,1634.23754676237,3493.35265798283,3363.15736423923,2597.74413983774
"NM_001107220",743.07698662513,952.859981892454,936.962860143761,674.815461362656,735.158874472997,665.860596335717
"NM_001005883",1689.23091369439,1594.74473956896,1630.60590776957,1173.34599692896,1015.70561426858,1099.11389101816
"NM_001108360",147.692320323007,123.592717316595,143.449740215808,143.534744627767,152.67188266172,168.684684405048
"NM_012880",828.461609311868,346.856980856249,479.376347050296,1017.27723234778,1095.93128509401,1100.29764318942
"NM_022390",7502.30833390775,5123.11747586529,4784.68437302095,8238.49001840951,10349.11153648,8936.14514086813
"NM_001011910",6805.38519738356,5322.46056831141,6021.25745007114,7300.86446124954,10107.9483078169,9347.4990203822
"NM_001107217",747.692371635224,711.654840032649,804.408036906368,803.390246691191,785.239141715536,779.500804777012
"NM_030848",6.92307751514096,7.97372369784481,14.5265559712211,9.70375738328564,11.6691884836984,7.10251302758098
"NM_001107221",25.3846175555169,9.96715462230601,12.7107364748185,25.0680399068212,17.0175665387268,23.6750434252699
"NM_053391",18.4615400403759,27.9080329424568,19.974014460429,28.3026257012498,23.3383769673967,17.1644064833207
"NM_001014135",2725.38484846049,2675.18430062693,3675.21866071894,2320.41098427818,2301.26121222268,2164.4908451553
"NM_001108362",699.230829029237,679.75994524127,697.274686618613,524.407221921728,564.496992898909,513.156566242726
"NM_001107223",83.0769301816915,97.6781152985989,67.1853213668976,88.1424628981779,85.5740488804547,70.433254190178
"NM_024128",20.7692325454229,9.96715462230601,10.8949169784158,8.49078771037494,18.9624312860098,10.0618934557397
"NM_001011911",346.153875757048,422.607355985775,401.296108704983,293.538660844391,317.49916999396,294.162414558979
"NM_001106012",76.1538526665505,11.9605855467672,9.07909748201318,16.9815754207499,11.6691884836984,88.7814128447622
"NM_012932",16.1538475353289,9.96715462230601,10.8949169784158,12.9383431777142,18.9624312860098,27.2262999390604
"NM_031823",750.000064140271,1030.60378794644,726.327798561055,541.793120566782,524.627265579606,479.419629361716
"NM_001100766",304.615410666202,301.008069593641,321.400050863267,287.069489255534,329.654574664479,247.404203794071
"NM_001009264",4726.15425033623,4981.58388022854,4550.44365798501,4845.40952005396,4882.0967318673,5148.73006891058
"NM_001170455",1490.76935826035,1520.9877953639,1272.88946697825,1489.93108155865,1449.89666909952,1260.10418630999
"NM_024487",3703.84647060041,3570.23478571001,3117.76207532333,2610.31073610384,2904.16928388043,2701.91433090893
"NM_080900",13.8461550302819,13.9540164712284,27.2372924460396,30.3242418227676,35.0075654510951,50.3094672786986
"NM_001107226",210.000017959276,115.61899361875,165.23957417264,203.374581824695,235.32863442125,247.404203794071
"NM_001271027",6.92307751514096,15.9474473956896,23.6056534532343,37.1977366359283,15.5589179782645,24.8587955965334
"NM_053339",5704.61587247615,4419.43635953048,3261.21181553914,10221.6954336185,9383.97240564077,10100.9572773914
"NM_001130061",283.846178120779,253.165727406573,225.161617553927,332.353690377533,308.261062444365,394.189473030744
"NM_001169113",1084.61547737208,970.800860212605,1049.54366892072,1196.39242071426,1288.95911126185,1387.94942080645
"NM_053320",8040.0006875837,6351.07092533339,4677.55102273319,7449.25108456894,8417.37462624109,10263.1313248545
"NM_001191680",150.000012828054,147.513888410129,256.030548992772,136.661249814606,117.178101023804,155.66341052115
"NM_001106013",770.769296685693,978.77458391045,1116.72899028762,591.929200380424,558.662398657059,444.498940309443
"NM_001024771",184.615400403759,247.185434633189,188.845227625874,177.497895469267,163.368638771777,193.543480001582
"NM_001100684",528.46158365576,556.167227924675,597.404614316467,534.110979305014,549.424291107465,638.042420311024
"NM_019182",1248.46164523042,1178.11767635657,1222.04652107897,1074.28680697458,985.560210685691,871.241598049933
"NM_001108364",1144.61548250331,988.741738532756,884.304094748084,1106.63266491887,1018.6229113895,1161.85275609512
"NM_001109412",191.5384779189,195.356230597198,196.108505611485,220.356157245445,165.31350351906,166.317180062521
"NM_001008339",581.538511271841,695.707392636959,577.430599856038,517.533727108568,489.13348394169,442.723312052548
"NM_053429",957.692389594499,1152.20307433857,996.884903525048,903.258083094172,1071.13425956615,1255.96105371057
"NM_001005884",2273.07711747128,2246.59665186777,2280.66928748171,2451.81603217684,2346.47931759701,2346.78867952988
"NM_001107228",300.000025656108,364.7978591764,328.663328848877,250.276075843909,283.950253103327,219.586027769379
"NM_001126274",643.846208908109,665.805928770041,673.669033165378,598.802695193585,659.309149328958,540.382866181786
"NM_001004424",193.846170423947,159.474473956896,345.005704316501,698.266208372263,346.185925016385,520.259079270307
"NM_019201",2464.61559539018,2178.82000043609,2142.66700575511,2263.80573287568,2422.81525892787,2275.17167316844
"NM_138533",221.538480484511,53.8226349604525,183.397769136666,341.653124536515,335.489168906328,423.783277312332
"NM_001134558",83.0769301816915,171.435059503663,125.291545251782,92.1856951412136,71.9599956494733,92.9245454441845
"NM_001008319",2000.76940187574,1792.09440109062,1928.4003051796,2069.32626198566,2097.53662994478,2214.800312434
"NM_013052",3101.53872678315,2844.62592920613,3480.92597460385,1961.77628432091,1636.6036848387,1525.26467267301
"NM_139099",1555.38474840167,1263.8352061084,1143.96628273366,1956.11575918066,2371.76255931169,2571.10971598431
"NM_001107230",627.69236137278,621.950448431895,653.695018704949,693.818652904923,790.587519770564,733.926346183368
"NM_001009685",863.076996887573,1008.67604777737,976.910889064619,647.321482110013,789.615087396923,602.52985517312
"NM_001017453",55.3846201211277,61.7963586582973,39.948028920858,31.1328882713748,51.0526996161804,28.4100521103239
"NM_001024271",1396.15396555343,1475.13888410129,1626.97426877676,929.539092673904,1123.15939155597,927.469826184949
"NM_001013049",526.153891150713,398.68618489224,472.113069064686,864.443053561029,1043.41993691736,953.512373952746
"NM_001115013",103.846162727114,65.7832205072197,70.8169603597028,78.4387055148923,63.6943204735203,83.4545280740765
"NM_001106016",447.692345979115,406.659908590085,506.613639496336,491.657040753139,519.765103711398,433.845170768071
"NM_022534",1506.92320579568,1251.87462056163,1169.3877556833,2023.63773763936,1534.49828560634,1529.40780527244
"NM_153316",62.3076976362686,25.9146020179956,99.870072302145,66.3090087857852,47.1629701216142,49.7175911930668
"NM_001044228",1633.84629357327,2316.36673422392,2298.82748244574,1010.40373753462,1004.03642578488,988.433063005019
"NM_001013128",87.6923151917855,85.7175297518317,141.633920719406,90.5684022439993,103.564047792823,116.007712783823
"NM_053801",2702.30792341002,1532.94838091066,946.041957625774,6225.36468460204,5070.26239616694,4940.98156285383
"NM_001107234",468.461578524538,472.443129097305,506.613639496336,497.721889117693,433.704838644123,513.156566242726
"NM_001006960",493.846196080055,637.897895827585,379.506274748151,582.629766221442,713.765362252884,699.597533216726
"NM_001025128",32.3076950706578,43.8554803381464,61.7378628776897,37.1977366359283,47.1629701216142,50.3094672786986
"NM_001015022",263.076945575356,287.054053122413,259.662187985577,198.927026357356,202.752149904259,200.054116943531
"NM_001109091",680.769288988861,914.984794327692,769.907466474718,564.839544352085,498.857807678105,551.036635723157
"NM_001170465",724.615446584754,795.37893886002,684.563950143794,691.797036783406,895.123999937029,796.665211260333
"NM_001007730",120.000010262443,91.6978225252153,99.870072302145,69.9479178045173,75.3635089572186,66.8819976763875
"NM_001012153",738.461601615036,865.149021216162,873.409177769668,700.692147718084,706.958335637393,746.355743981634
"NM_001100730",6983.07752027218,7032.82430149912,5289.48219302088,6820.12414755259,8552.54272617726,9466.46611359418
"NM_001308298",115.384625252349,81.7306679029093,81.7118773381187,42.8582617761783,57.8597262316711,44.9825825080129
"NM_001109467",66.9230826463626,31.8948947913792,47.2113069064686,101.889452524499,114.26080390288,129.028986667721
"NM_001025632",2349.23097013783,2665.21714600463,2834.49423388452,2580.39081750537,2461.71255387353,2418.40568589132
"NM_001013875",406.15388088827,442.541665230387,446.691596115049,440.307991266586,364.175923928753,408.394499085906
"NM_001017502",463.846193514444,600.022708262822,486.639625035907,538.558534772353,443.429162380538,483.562761961138
"NM_001077659",842.30776434215,751.523458521873,746.301813021484,565.648190800692,578.11104612989,598.978598659329
"NM_017328",34.6153875757048,45.8489112626076,27.2372924460396,20.620484439482,29.1729712092459,30.1856803672192
"NM_001011912",189.230785413853,221.270832615193,196.108505611485,167.389814861677,125.443776199757,191.767851744686
"NM_031692",694.615444019143,592.048984564977,630.089365251715,580.608150099924,638.401853295665,581.222316090377
"NM_001100970",295.384640646014,209.310247068426,328.663328848877,286.66516603123,307.774846257544,365.77942092042
"NM_001013050",228.461557999652,277.086898500107,308.689314388448,177.90221869357,115.719452463342,139.090880123461
"NM_001107238",1285.38472531117,1140.24248879181,1022.30637647468,902.045113421261,1032.23696462048,903.202906674048
"NM_001004211",1266.9231852708,1491.08633149698,1516.2092794962,783.982731924619,764.818061869064,771.214539578168
"NM_001100507",1456.15397068465,1401.38193989622,1231.12561856099,2874.73812479837,2399.9630981473,2337.9105382454
"NM_001017503",759.230834160458,665.805928770041,695.45886712221,798.134044775244,766.762926616347,733.926346183368
"NM_001106019",108.461547737208,133.559871938901,130.73900374099,268.874944161873,270.336199872346,276.998008075658
"NM_017101",90.0000076968325,147.513888410129,125.291545251782,113.210502804999,124.957560012937,108.905199756242
"NM_001134843",106.153855232161,83.7240988273705,163.423754676237,104.719715094624,83.1429679463509,140.274632294724
"NM_001012154",1352.30780795753,1776.14695369493,1550.70984992785,1016.06426267487,1120.24209443504,1150.01523438249
"NM_001126275",1380.0001180181,1339.58558123793,1321.91659338112,881.828952206083,961.735617531474,948.777365267692
"NM_012588",1260.00010775565,767.470905917563,786.249841942342,3240.6506427931,3553.26789328615,4096.96626474296
"NM_013144",5670.00048490045,4403.4889121348,8681.43301230101,943.286082300225,12667.3903152414,411.353879514065
"NM_001135915",9.23077002018795,17.9408783201508,27.2372924460396,14.5556360749285,22.3659445937552,11.837521712635
"NM_001109092",1160.76933003863,1227.9534494681,1180.28267266171,749.615257858816,948.121564300492,937.531719640689
"NM_001107237",64.6153901413156,51.8292040359912,79.896057841716,95.8246041599457,82.1705355727093,125.477730153931
"NM_001109093",325.384643211625,336.889826233943,668.22157467617,169.815754207499,164.341071145419,140.866508380356
"NM_001135020",443.076960969021,741.556303899567,704.537964604223,503.786737482246,622.35671913058,568.79291829211
"NM_001025750",108.461547737208,63.7897895827585,127.107364748185,148.790946543713,134.681883749352,121.334597554508
"NM_017309",2291.53865751166,2537.63756683911,2462.25123712198,2035.76743436847,2098.50906231842,1831.26460894463
"NM_001106021",256.153868060215,293.034345895797,236.056534532343,254.723631311248,262.070524696393,240.893566852121
"NM_199083",773.07698919074,980.768014834911,1196.62504812934,464.5673847248,451.694837556491,345.063757923309
"NM_001127559",334.615413231813,350.843842705172,305.057675395643,266.044681591748,226.090526871656,280.549264589449
"NM_001109094",43.8461575958927,65.7832205072197,63.5536823740923,59.031190748321,66.6116175944449,69.2495020189145
"NM_001009268",2111.53864211799,2457.90032986066,2663.80720122267,2047.08848464897,1920.55393794202,2125.42702350361
"NM_031090",5905.38512041524,7280.00973613231,5946.80885071864,5457.15055842526,6084.99557806188,5257.63526866682
"NM_198763",422.307728423599,436.561372457003,675.484852661781,187.605976076856,185.248367178712,110.088951927505
"NM_001024903",143.076935312913,189.375937823814,163.423754676237,232.890177198855,171.63431394773,168.092808319416
"NM_001305127",1689.23091369439,1740.26519705463,1979.24325107887,1212.96967291071,1340.49802706485,1101.48139536068
"NM_001134730",798.461606746257,550.186935151292,791.69730043155,1219.84316772387,1557.83666257373,1256.5529297962
"NM_001100565",203.076940444135,279.080329424568,335.926606834488,265.236035143141,330.1407908513,258.649849421074
"NM_173147",969.230852119734,811.326386255709,809.855495395576,1389.65892193136,1386.68856481282,1381.4387838645
"NM_001010961",140.769242807866,161.467904881357,134.370642733795,119.275351169553,195.458907101948,143.234012722883
"NM_001107240",636.923131392968,615.970155658511,858.882621798447,587.481644913085,742.452117275309,497.7677880163
"NM_001017504",198.461555434041,362.804428251939,205.187603093498,237.337732666195,213.935122201137,191.767851744686
"NM_001115022",904.615461978419,731.589149277261,944.226138129371,742.741763045655,877.134001024661,890.181632790149
"NM_053490",1832.30784900731,2527.6704122168,2752.7823565464,1666.21600735501,1702.2428700595,1459.56642716789
"NM_001107241",650.76928642325,530.25262590668,686.379769640197,496.104596220478,521.22375227186,378.800694804319
"NM_001107242",1894.61554664358,1646.57394360495,1332.81151035954,2012.72101058316,2187.0004083198,1830.08085677337
"NM_001100971",302.307718161155,434.567941532542,410.375206186996,186.797329628249,172.606746321372,168.092808319416
"NM_001107244",212.307710464323,221.270832615193,270.557104963993,245.82852037657,232.411337300326,230.831673396382
"NM_001012039",9.23077002018795,35.8817566403016,29.0531119424422,54.9879585052853,22.3659445937552,41.4313259942224
"NM_001108367",2280.00019498642,2561.55873793264,2273.4060094961,2291.29971212832,2355.71742514661,2188.7577646662
"NM_001142371",1534.61551585625,1624.64620343588,1705.05450712208,1386.82865936124,1447.46558816542,1468.44456845237
"NM_001106022",180.000015393665,207.316816143965,156.160476690627,147.577976870802,140.516477991201,172.82781700447
"NM_001004254",498.461581090149,462.475974474999,363.163899280527,449.203102201265,501.288888612209,419.640144712909
"NM_001108864",323.076950706578,448.52195800377,343.189884820098,358.230376732962,367.579437236499,321.980590583671
"NM_021774",108.461547737208,135.553302863362,74.4485993525081,73.1825035989459,84.6016165068132,97.6595541292384
"NM_001271488",814.615454281586,968.807429288144,735.406896043068,1002.31727304855,1268.05181522856,813.829617743654
"NM_001109099",851.538534362338,1014.65634055075,822.566231870395,945.307698421743,1047.79588259875,875.976606734987
"NM_001107281",558.461586221371,386.725599345473,401.296108704983,984.931374403493,848.933462189056,960.023010894696
"NM_001109441",76.1538526665505,87.7109606762929,49.0271264028712,40.8366456546604,23.8245931542175,30.1856803672192
"NM_012895",8083.84684517959,7024.85057780128,5084.29458992738,9225.84733215882,10570.8261176703,9565.30941989468
"NM_001013878",530.769276160807,506.331454813145,466.665610575478,564.030897903478,678.757796801788,671.779357192034
"NM_134356",955.384697089452,960.833705590299,597.404614316467,915.792103047582,811.981031990678,748.13137223853
"NM_024356",2030.76940444135,2447.93317523836,1719.5810630933,2332.54068100729,1736.27800313695,1329.94556441454
"NM_001007680",1569.23090343195,1429.28997283868,967.831791582605,1160.40765375124,1253.46532962393,1208.61096686003
"NM_001191686",426.923113433692,436.561372457003,417.638484172606,652.577684025959,607.770233525957,578.85481174785
"NM_001106042",948.461619574311,1146.22278156519,916.988845683332,767.405479728173,711.8204975056,671.187481106402
"NM_001012042",20.7692325454229,27.9080329424568,34.5005704316501,37.6020598602319,28.2005388356044,19.5319108258477
"NM_001135855",16.1538475353289,17.9408783201508,36.3163899280527,34.7717972901069,22.852160780576,26.0425477677969
"NM_213626",1082.30778486704,942.892827270148,866.145899784058,1368.22979104328,1135.31479622649,1028.68063682798
"NM_001012157",553.846201211277,747.536596672951,650.063379712144,491.657040753139,501.77510479903,453.968957679551
"NM_053520",516.923121130525,566.134382546981,581.062238848844,629.93558346496,728.838064044327,630.939907283444
"NM_001305172",36.9230800807518,35.8817566403016,108.949169784158,169.007107758892,73.9048603967563,102.394562814292
"NM_001013997",60.0000051312216,75.7503751295257,99.870072302145,149.195269768017,125.929992386578,175.787197432629
"NM_019330",1294.61549533136,1080.43956105797,867.96171928046,1377.52922520226,1744.05746212609,1536.51031830002
"NM_001162408",80.7692376766445,41.8620494136852,56.2904043884817,20.2161612151784,13.6140532309814,6.51063694194923
"NM_001107248",1296.92318783641,1602.71846326681,1899.34719323716,1888.59378072197,2229.78743276003,1953.7829586704
"NM_130416",1742.30784131047,2268.52439203685,3105.05133884851,809.859418280048,477.950511644812,556.955396579475
"NM_001271275",1299.23088034145,1463.17829855452,1472.62961158254,1607.58913983099,1840.3282671166,1516.97840747417
"NM_001008863",516.923121130525,588.062122716055,537.482570935181,516.320757435657,627.218880998787,609.632368200701
"NM_001012005",270.000023090497,177.415352277047,205.187603093498,375.616275378015,374.386463851989,449.825825080129
"NM_001013992",6.92307751514096,3.9868618489224,5.44745848920791,8.89511093467851,9.23810754959454,15.3887782264255
"NM_001108371",470.769271029585,352.837273629633,414.006845179801,357.421730284355,339.865114587715,400.108233887062
"NM_001014136",1986.92324684546,1881.79879269137,1534.36747446023,1724.43855165472,1878.73934587544,1831.26460894463
"NM_013219",11.5384625252349,7.97372369784481,29.0531119424422,8.89511093467851,16.0451341650853,18.3481586545842
"NM_001025129",6.92307751514096,7.97372369784481,5.44745848920791,11.3210502804999,12.1554046705191,7.10251302758098
"NM_001007620",3851.53879092342,4895.86635047671,2505.83090503564,3279.46567232624,4435.26405617902,4215.34148186931
"NM_001107288",5646.92355984998,6283.29427390171,7455.75485222923,4540.95413215338,4862.64808439447,4199.36082755725
"NM_001011915",4562.30808247789,4162.28377027499,4154.59500776923,4665.89000846318,4847.08916641621,4531.40331159666
"NM_001100509",2607.69253070309,2414.04484952252,2208.03650762561,2563.81356530893,2714.54497102033,2104.11948442086
"NM_001107254",916.153924503654,1050.53809719105,1401.81265122284,516.72508065996,687.023471977741,468.765859820345
"NM_001107257",491.538503575008,482.410283719611,533.850931942375,485.996515612889,677.785364428147,491.257151074351
"NM_001107255",161.538475353289,175.421921352586,210.635061582706,294.347307292998,141.002694178022,214.259142998693
"NM_031832",360.00003078733,996.715462230601,1191.17758964013,321.032640097033,267.905118938242,300.081175415296
"NM_001107259",184.615400403759,217.283970766271,174.318671654653,318.606700751212,302.426468202516,243.85294728028
"NM_022204",611.538513837451,657.832205072197,590.141336330857,727.781803746423,701.123741395544,572.3441748059
"NM_001347661",1320.00011288688,1479.12574595021,1323.73241287752,1506.9126569794,1488.30774785836,1395.64380991966
"NM_001108376",516.923121130525,550.186935151292,455.770693597062,404.727547527872,446.832675688283,362.820040492262
"NM_053503",597.69235880717,889.070192309696,1458.10305561132,589.503261034603,805.660221562008,809.686485144231
"NM_138878",2245.38480741072,2372.18280010883,2209.85232712201,1498.82619249333,1530.12233992495,1528.22405310117
"NM_019323",9.23077002018795,7.97372369784481,9.07909748201318,20.620484439482,16.0451341650853,26.0425477677969
"NM_139342",126.923087777584,193.362799672737,281.452021942409,135.852603365999,138.571613243918,146.785269236674
"NM_001107265",503.076966100243,291.040914971335,535.666751438778,789.643257064869,480.381592578916,771.8064156638
"NM_175757",1744.61553381552,470.449698172844,826.1978708632,593.142170053335,555.258885349314,646.920561595501
"NM_134396",1509.23089830073,1969.50975336767,1982.87489007168,1681.17596665424,1960.90988144815,1311.59740575995
"NM_001014235",23.0769250504699,29.901463866918,38.1322094244554,22.6421005609998,30.1454035828875,28.4100521103239
"NM_001024272",440.769268463974,285.060622197952,626.45772625891,478.314374351121,239.218363915817,613.183624714491
"NM_139091",473.076963534632,544.206642377908,475.744708057491,402.301608182051,401.614570313952,324.93997101183
"NM_001108381",2245.38480741072,1694.41628579202,1799.47712093501,1399.76700253895,1674.0423312239,1608.12732466146
"NM_031052",1744.61553381552,1291.74323905086,1011.41145949627,1544.91904006393,1838.38340236931,1790.42515903604
"NM_001109102",20.7692325454229,37.8751875647628,21.7898339568316,43.6669082247854,76.8221575176809,63.3307411625971
"NM_001107269",1239.23087521023,1122.30161047166,1051.35948841713,1806.92048941265,1777.1201628299,2040.19686717264
"NM_001107270",25.3846175555169,41.8620494136852,30.8689314388448,2.42593934582141,15.5589179782645,9.47001737010797
"NM_053307",1084.61547737208,956.846843741377,504.797819999933,826.840993700798,996.743182982569,850.525935052822
"NM_017318",244.615405534981,526.265764057757,677.300672158183,381.681123742569,342.296195521819,473.500868505399
"NM_001025142",276.923100605638,295.027776820258,310.505133884851,330.332074256015,356.882681126442,374.065686119265
"NM_001105717",620.769283857639,370.778151949784,833.46114884881,539.36718122096,507.609699040879,562.874157435792
"NM_080888",3300.00028221719,4251.98816187574,2956.15414014349,2444.53821413937,2314.87526545366,2323.11363610461
"NM_001108384",1266.9231852708,1626.63963436034,1138.51882424445,956.224425477939,1114.89371638001,1103.25702361758
"NM_001013996",507.692351110337,532.246056831141,346.821523812904,368.338457340551,271.794848432808,228.464169053855
"NM_001107275",9713.07775374277,10818.3496270509,7579.23057798461,8835.67542070588,10234.8507325771,10462.5935657124
"NM_001108386",2090.76940957257,2192.77401690732,2071.85004539541,2678.23703778684,2710.16902533895,2634.44045714691
"NM_001170474",837.692379332056,781.424922388791,755.380910503497,764.979540382352,746.341846769875,920.959189243
"NM_001005762",491.538503575008,606.003001036205,410.375206186996,721.312632157566,818.788058606169,970.084904350435
"NM_001107278",1864.61554407797,2453.91346801174,1806.74039892062,2129.57042240689,2218.60446046315,2487.65518791024
"NM_001108387",2951.5387139551,2521.69011944342,2180.79921517957,3363.56490298139,3771.09274498186,3995.1635780143
"NM_017045",664.615441453532,426.594217834697,433.98085964023,1563.9222316062,1067.7307462584,1043.47753896877
"NM_001134727",156.923090343195,183.395645050431,214.266700575511,146.769330422195,177.468908189579,133.763995352775
"NM_031042",216.923095474417,352.837273629633,323.215870359669,286.260842806926,244.566741970845,251.547336393493
"NM_053867",18567.6938956081,23317.1615234227,27104.7376228022,19993.3791185872,22965.4491521052,18361.1799284681
"NM_001024875",489.230811069961,572.114675320365,492.087083525115,401.08863850914,394.321327511641,420.823896884173
"NM_001109912",30.0000025656108,47.8423421870688,30.8689314388448,38.8150295331426,48.1354024952558,37.8800694804319
"NM_001107279",25.3846175555169,17.9408783201508,12.7107364748185,52.9663423837675,13.6140532309814,16.5725303976889
"NM_001012043",272.307715595544,352.837273629633,352.268982302112,224.803712712784,205.183230838363,165.133427891258
"NM_001305419",168.46155286843,217.283970766271,237.872354028745,211.461046310766,212.962689827495,175.195321346997
"NM_001001515",180.000015393665,548.193504226831,230.609076043135,457.289566687336,613.604827767806,452.193329422656
"NM_001106055",1571.538595937,1901.73310193599,1454.47141661851,1887.78513427336,1851.02502322665,1853.164024113
"NM_133411",1479.23089573512,1792.09440109062,2277.03764848891,839.375013654208,493.023213436256,367.555049177316
"NM_001111064",3092.30795676296,3213.41065023146,2649.28064525145,2519.74233385984,2647.44713723907,2342.64554693046
"NM_001105759",768.461604180646,817.306679029093,728.143618057457,737.485561129709,629.649961932891,559.322900922002
"NM_001127494",519.230813635572,625.937310280817,582.878058345246,688.158127764674,876.64778483784,673.554985448929
"NM_001034937",1105.38470991751,918.971656176614,993.253264532242,1239.65500571474,1110.03155451181,1266.61482325194
"NM_001100685",147.692320323007,149.50731933459,101.685891798548,188.010299301159,168.717016826806,238.526062509594
"NM_001017505",50.7692351110337,49.83577311153,38.1322094244554,44.4755546733925,44.2456730006896,50.3094672786986
"NM_001107250",147.692320323007,141.533595636745,85.3435163309239,178.306541917874,115.719452463342,121.334597554508
"NM_001107249",678.461596483814,922.958518025536,922.43630417254,537.749888323746,437.108351951868,414.905136027855
"NM_031354",3394.61567492412,4244.0144381779,4078.33058892032,3172.7243411101,3148.24980966446,3183.70146461317
"NM_001012040",306.923103171249,318.948947913792,237.872354028745,305.668357573498,282.491604542865,203.01349737169
"NM_133593",1705.38476122972,1987.45063168782,1645.13246374079,1078.73436244192,1118.29722968776,1032.23189334177
"NM_001105740",881.538536927949,897.043916007541,533.850931942375,1411.49237604376,1199.49533288683,1458.97455108226
"NM_133605",184.615400403759,185.389075974892,157.976296187029,188.818945749766,164.341071145419,169.27656049068
"NM_013085",207.692325454229,153.494181183513,294.162758417227,190.436238646981,260.61187613593,192.359727830318
"NM_001108369",849.230841857291,741.556303899567,699.090506115015,569.691423043728,701.609957582364,537.423485753627
"NM_173308",184.615400403759,107.645269920905,139.818101223003,126.95749243132,137.599180870277,140.274632294724
"NM_001109456",5898.4620429001,5960.35846413899,5254.98162258923,5807.69879389646,6455.4923124193,6201.67762524946
"NM_001106025",101.538470222067,121.599286392133,110.764989280561,102.293775748803,95.7845888036908,138.499004037829
"NM_001108865",461.538501009397,406.659908590085,432.165040143828,640.043664072549,436.622135765047,506.645929300776
"NM_001109518",1033.84624226105,930.932241723381,835.276968345213,774.278974541334,978.26696788338,1032.8237694274
"NM_001039516",330.000028221719,619.957017507434,644.615921222936,440.71231449089,990.422372553899,434.437046853703
"NM_001047874",3392.30798241907,3697.81436487553,3784.1678305031,2675.81109844102,3119.07683845521,2838.63770668986
"NM_134459",1437.69243064427,1128.28190324504,1305.5742179135,1502.86942473636,1737.25043551059,1731.8294265585
"NM_001107252",300.000025656108,303.001500518103,243.319812517953,394.619466920283,375.358896225631,331.450607953779
"NM_139114",2942.30794393491,3968.92097060225,3976.64469712177,2185.77135058509,1944.86474728306,2473.45016185508
"NM_031529",203.076940444135,193.362799672737,217.898339568316,158.494703926999,135.168099936173,179.930330032051
"NM_001100508",431.538498443786,464.46940539946,312.320953381254,485.187869164282,499.830240051747,501.910920615722
"NM_198730",2081.53863955238,2266.53096111239,1993.7698070501,1570.39140319506,1657.51098087199,1382.62253603576
"NM_001106026",540.000046180995,468.456267248382,501.166181007128,476.697081453907,669.033473065373,545.709750952472
"NM_001106027",2.30769250504699,13.9540164712284,1.81581949640264,6.46917158885709,1.4586485604623,5.32688477068573
"NM_001107253",429.230805938739,458.489112626076,292.346938920825,625.48802799762,907.765620794369,606.08111168691
"NM_145770",8046.92376509884,5151.02550880775,2970.68069611471,11555.557750596,11800.9530703268,15807.2346189671
"NM_182821",733.846216604942,763.48404406864,791.69730043155,832.501518841047,788.642655023281,770.030787406904
"NM_001108372",41.5384650908458,33.8883257158404,27.2372924460396,26.6853328040355,29.1729712092459,25.4506716821652
"NM_053907",1933.84631922937,1072.46583736013,1261.99454999983,1530.76772721331,2162.68959897876,2051.44251279964
"NM_138528",724.615446584754,1072.46583736013,713.617062086236,815.924266644601,863.033731606859,612.591748628859
"NM_001271541",73.8461601615036,73.7569442050645,65.3695018704949,123.722906636892,104.050263979644,82.270775902813
"NM_001134756",85.3846226867385,41.8620494136852,23.6056534532343,10.9167270561963,17.0175665387268,9.47001737010797
"NM_001033066",415.384650908458,354.830704554094,446.691596115049,526.428838043246,1054.60290921424,1321.65929921569
"NM_012827",27.6923100605638,23.9211710935344,9.07909748201318,30.3242418227676,40.8421596929443,33.1450607953779
"NM_001106029",2146.1540296937,1656.54109822726,1786.76638446019,2077.00840324743,2051.34609219681,2069.19879536859
"NM_031032",1098.46163240237,1511.02064074159,1151.22956071927,908.918608234422,907.279404607548,909.121667530365
"NM_001106028",36.9230800807518,19.934309244612,47.2113069064686,157.281734254088,59.3183747921334,95.2920497867114
"NM_053899",888.46161444309,881.096468611851,642.800101726533,1145.85201767631,1203.87127856822,982.514302148702
"NM_001108373",636.923131392968,691.720530788037,599.22043381287,653.79065369887,654.44698746075,606.08111168691
"NM_001107256",200.769247939088,233.231418161961,174.318671654653,308.094296919319,228.52160780576,243.85294728028
"NM_001135802",69.2307751514096,47.8423421870688,179.766130143861,334.779629723355,151.699450288079,239.709814680858
"NM_001107258",369.230800807518,348.85041178071,355.900621294917,369.551427013462,305.829981510261,371.106305691106
"NM_001170475",1273.84626278594,1142.23591971627,915.173026186929,1317.68938800533,1399.81640185698,1511.05964661785
"NM_001030036",415.384650908458,466.462836323921,415.822664676204,387.745972107122,444.40159475418,427.926409911754
"NM_001144779",4.61538501009397,3.9868618489224,7.26327798561055,31.5372114956783,20.9072960332929,39.0638216516954
"NM_001106030",496.153888585102,560.154089773598,493.902903021517,496.104596220478,490.592132502152,525.585964040992
"NM_022591",990.000084665157,1509.02720981713,1661.47483920841,849.078771037494,699.178876648261,924.510445756791
"NR_002703",6.92307751514096,11.9605855467672,10.8949169784158,8.08646448607137,54.4562129239257,14.205026055162
"NM_001013131",235.384635514793,193.362799672737,266.925465971188,255.127954535552,246.025390531307,265.752362448655
"NM_001106031",4119.23112150887,3037.98872887887,3036.05019798521,5339.08817692862,6093.26125323783,5563.0433288528
"NM_001100510",212.307710464323,247.185434633189,263.293826978382,180.328158039392,221.228365003448,203.605373457321
"NM_001014233",639.230823898015,418.620494136852,439.428318129438,699.883501269477,777.945898913225,706.108170158676
"NM_024148",1389.23088803829,1660.52796007618,1746.81835553934,728.186126970727,592.697531734513,568.79291829211
"NM_001012476",30.0000025656108,11.9605855467672,9.07909748201318,23.8550702339105,6.80702661549071,18.3481586545842
"NM_020082",20981.5402558872,7361.74040403522,4356.15097186993,41446.3650769102,44097.8632798961,35045.5749063414
"NM_206815",13.8461550302819,17.9408783201508,12.7107364748185,10.5124038318928,10.2105399232361,7.10251302758098
"NM_001006992",5162.30813379011,2150.91196749364,1249.28381352501,10902.1714201214,12655.2349105709,10292.7251291361
"NM_001012359",2.30769250504699,7.97372369784481,12.7107364748185,14.5556360749285,24.797025527859,31.9613086241144
"NM_001012231",13.8461550302819,5.98029277338361,1.81581949640264,17.3858986450534,10.2105399232361,37.8800694804319
"NM_001271313",175.384630383571,281.073760349029,236.056534532343,293.134337620087,244.566741970845,389.45446434569
"NM_001007681",473.076963534632,442.541665230387,591.95715582726,455.267950565818,405.504299808518,481.787133704243
"NM_001107261",1615.38475353289,2029.3126811015,2084.56078187023,1761.63628829065,1754.26800204932,1573.79851169482
"NM_001037645",177.692322888618,165.45476673028,145.265559712211,174.667632899142,166.285935892702,165.133427891258
"NM_001107262",57.6923126261747,23.9211710935344,32.6847509352475,48.5187869164282,33.062700703812,44.9825825080129
"NM_173324",1213.84625765471,1556.8695520042,1385.47027575521,1224.69504641551,1403.21991516473,1242.93977982667
"NM_001024794",726.923139089801,679.75994524127,797.144758920758,484.379222715675,552.341588228389,540.974742267418
"NM_138910",3099.2310342781,3665.91947008415,3283.00164949597,2030.51123245252,2213.25608240812,1886.90096099401
"NM_001108866",3110.76949680334,2908.41571878889,2948.89086215788,1741.42012707547,1505.81153058391,1534.73469004312
"NM_031341",309.230795676296,225.257694464116,277.820382949603,283.026257012498,205.183230838363,171.052188747575
"NM_031056",1887.69246912843,1790.10097016616,2137.2195472659,2812.87667147993,2102.88500799981,2501.8602139654
"NM_001168583",2330.76943009746,2166.85941488933,2022.82291899254,2283.61757086655,2131.57176302224,2393.54689029479
"NM_001108375",1474.61551072502,1859.8710525223,1799.47712093501,1261.08413660283,1653.1350351906,1643.63988979936
"NM_022685",6.92307751514096,35.8817566403016,36.3163899280527,56.200928178196,39.8697273193028,43.7988303367494
"NM_001037777",2162.30787722903,2471.85434633189,2197.14159064719,2633.35715988914,2550.69011606173,2445.04010974475
"NM_001108867",1043.07701228124,1265.82863703286,1325.54823237392,618.210209960156,672.923202559939,651.655570280555
"NM_001013995",76.1538526665505,117.612424543211,174.318671654653,225.612359161391,151.699450288079,256.282345078547
"NM_001105727",3163.84642441942,3205.43692653361,2776.38800999963,2190.21890605243,1976.46879942641,2347.38055561551
"NM_001170468",2893.84640132892,2497.76894834989,2914.39029172623,2884.84620540596,2910.97631049592,2989.56610852596
"NM_001109101",216.923095474417,141.533595636745,201.555964100693,165.772521964463,151.699450288079,191.175975659055
"NM_053442",101.538470222067,65.7832205072197,132.554823237392,150.003916216624,176.496475815938,181.705958288947
"NM_152849",170.769245373477,125.586148241056,136.186462230198,252.70201518973,255.749714267723,279.365512418185
"NM_001169575",11.5384625252349,5.98029277338361,38.1322094244554,9.29943415898207,9.72432373641531,10.6537695413715
"NM_021850",1220.76933516986,1162.17022896088,1218.41488208617,1264.72304562156,1042.93372073054,1268.39045150884
"NM_177421",493.846196080055,344.863549931788,310.505133884851,802.985923466887,681.675093922713,755.825761351742
"NM_001106033",13.8461550302819,5.98029277338361,10.8949169784158,18.5988683179641,18.4762150991891,15.9806543120572
"NM_001135008",2342.30789262269,2216.69518800086,1973.79579258967,2727.16014792757,2206.93527197945,2369.27997078389
"NM_001107263",376.153878322659,470.449698172844,582.878058345246,340.844478087908,345.213492642743,305.408060185982
"NM_001098803",85.3846226867385,79.7372369784481,79.896057841716,203.778905048998,154.130531222183,156.255286606782
"NM_001003711",18.4615400403759,15.9474473956896,19.974014460429,107.549977664749,68.0702661549071,155.071534435518
"NM_001007682",971.538544624781,1186.09140005442,1025.93801546749,1113.50615973203,1067.7307462584,1157.11774741007
"NM_001014138",11.5384625252349,13.9540164712284,21.7898339568316,1.61729289721427,10.2105399232361,5.91876085631748
"NM_153315",3440.76952502506,3490.49754873156,3016.07618352478,3612.22368592808,3376.28520128339,3160.61829727354
"NM_001108377",1172.30779256387,2057.22071404396,2456.80377863277,641.660956969763,591.725099360871,751.090752666688
"NM_001012155",1876.1540066032,1891.76594731368,1714.13360460409,1918.51369932043,1807.75178259961,1958.51796735545
"NM_001106039",415.384650908458,257.152589255495,217.898339568316,367.12548766764,371.469166731065,375.84131437616
"NM_001108868",396.923110868082,645.871619525429,611.931170287689,400.279992060533,356.396464939621,485.930266303665
"NM_001011916",27.6923100605638,71.7635132806033,59.922043381287,17.790221869357,16.531350351906,18.9400347402159
"NM_017257",210.000017959276,217.283970766271,308.689314388448,240.976641684927,203.724582277901,297.713671072769
"NM_001106038",3932.30802860006,4269.92904019589,5320.35112445973,2258.14520773543,1961.88231382179,2152.65332344267
"NM_001012041",463.846193514444,600.022708262822,884.304094748084,644.086896315585,598.045909789541,1068.92821065094
"NM_017264",3336.92336229794,2449.92660616282,2890.784638273,3641.73928130224,2834.64036916506,3783.86381544377
"NM_001009686",94.6153927069264,83.7240988273705,110.764989280561,73.5868268232495,62.7218880998787,68.065749847651
"NM_001008296",60.0000051312216,45.8489112626076,45.3954874100659,71.9695339260352,80.711887012247,70.433254190178
"NR_073088",71.5384676564566,23.9211710935344,38.1322094244554,32.3458579442855,41.8145920665858,47.3500868505399
"NM_001108869",3791.5387857922,3293.14788720991,3094.15642187009,5135.71359510393,5714.98505989128,5124.46314939967
"NM_031659",249.230790545075,259.146020179956,419.454303669009,51.7533727108568,79.7394546386055,63.9226172482288
"NM_031654",823.846224301774,779.43149146433,706.353784100626,863.634407112422,936.938592003615,871.833474135565
"NM_001013036",588.461588786982,558.160658849137,415.822664676204,397.045406266104,438.56700051233,426.74265774049
"NM_019285",193.846170423947,165.45476673028,234.24071503594,278.578701545159,256.722146641364,268.711742876814
"NM_001106040",586.153896281935,564.14095162252,611.931170287689,453.650657668604,452.667269930133,387.678836088795
"NM_001006962",486.923118564914,380.74530657209,305.057675395643,400.279992060533,413.283758797651,353.941899207785
"NM_001007621",1156.15394502854,1347.55930493577,1350.96970532356,1346.80066015519,1292.36262456959,1150.01523438249
"NM_001107264",13.8461550302819,301.008069593641,136.186462230198,50.9447262622496,199.348636596514,43.7988303367494
"NM_001109330",1116.92317244274,41.8620494136852,163.423754676237,737.485561129709,373.414031478348,1019.21061945787
"NM_001108378",1506.92320579568,1499.06005519482,1094.93915633079,1746.27200576711,2001.75204114109,2717.30310913536
"NM_172044",16.1538475353289,7.97372369784481,18.1581949640264,52.9663423837675,44.2456730006896,45.5744585936446
"NM_001025672",219.230787979464,386.725599345473,317.768411870461,281.813287339587,285.89511785061,224.321036454433
"NM_001017375",1380.0001180181,1558.86298292866,1167.5719361869,1187.09298655528,1198.52290051319,1245.3072841692
"NM_001004099",3207.69258201531,4636.72033029676,3666.13956323692,1373.89031618353,1564.1574730024,1309.22990141743
"NM_001107266",219.230787979464,243.198572784267,263.293826978382,147.982300095106,147.809720793513,166.909056148153
"NM_001134990",117.692317757396,143.527026561207,145.265559712211,120.08399761816,106.967561100568,149.152773579201
"NM_001107267",731.538524099895,737.569442050645,655.510838201352,812.689680850173,895.123999937029,852.301563309717
"NM_001109649",546.923123696136,460.482543550538,423.085942661814,348.526619349676,376.817544786093,407.210746914643
"NM_001039336",186.923092908806,322.935809762715,234.24071503594,280.195994442373,242.621877223562,258.057973335442
"NM_001108379",53.0769276160807,47.8423421870688,70.8169603597028,82.0776145336244,49.5940510557181,65.698245505124
"NM_001033685",182.307707898712,173.428490428125,145.265559712211,138.682865936124,139.057829430739,129.028986667721
"NM_001108380",2919.23101888444,1774.15352277047,1432.68158266168,3374.88595326189,2201.1006777376,3254.13471880335
"NM_001011917",461.538501009397,468.456267248382,597.404614316467,387.745972107122,453.153486116953,440.947683795652
"NM_001012156",789.230836726069,689.727099863576,711.801242589834,659.046855614817,769.680223737271,619.102385570809
"NM_001107268",1283.07703280612,1212.00600207241,1182.09849215812,1064.9873728156,1033.20939699413,984.289930405597
"NM_001013433",30.0000025656108,29.901463866918,52.6587653956765,37.1977366359283,44.7318891875104,35.5125651379049
"NM_001014792",1107.69240242255,1724.31774965894,2021.00709949613,977.249233141725,835.319408958075,788.97082214712
"NM_001012210",66.9230826463626,93.6912534496765,85.3435163309239,75.6084429447673,55.914861484388,75.168262875232
"NM_001009635",2180.7694172694,2043.26669757273,1683.26467316524,1453.13766814702,1543.25017696911,1332.9049448427
"NM_012770",6.92307751514096,1.9934309244612,3.63163899280527,19.8118379908749,23.3383769673967,21.8994151683747
"NM_001007007",373.846185817612,398.68618489224,306.873494892046,368.338457340551,329.654574664479,322.572466669303
"NM_022597",17598.4630434883,17095.6636081793,15392.7018710052,13494.6919343559,15890.5174176763,14012.074451246
"NM_019238",11134.6163368517,3905.13118101949,3735.14070410022,10406.4711471252,9485.10537249949,6816.63687822084
"NM_144730",996.923162180298,731.589149277261,702.72214510782,1023.74640393664,994.798318235286,1254.77730153931
"NM_001025751",50.7692351110337,47.8423421870688,45.3954874100659,62.6700997670531,58.8321586053126,83.4545280740765
"NM_001005761",293.076948140967,384.732168421012,314.136772877656,318.606700751212,305.343765323441,338.55312098136
"NM_001106045",32.3076950706578,39.868618489224,45.3954874100659,59.031190748321,59.3183747921334,53.8607237924891
"NM_001083337",279.230793110685,384.732168421012,314.136772877656,261.192802900105,302.912684389337,185.257214802737
"NM_020097",392.307725857988,602.016139187283,479.376347050296,575.351948183978,523.654833205964,533.872229239837
"NM_001107271",563.076971231465,460.482543550538,408.559386690593,671.580875568227,638.401853295665,882.487243676936
"NM_001108382",943.846234564217,1058.5118208889,1033.2012934531,697.861885147959,793.504816891489,691.903144103514
"NM_001079937",60.0000051312216,29.901463866918,110.764989280561,240.976641684927,91.4086431223039,232.607301653277
"NM_022220",7451.53909879672,3873.23628622812,3026.9711005032,25545.1413114995,29825.4733319594,23924.8151334065
"NM_053021",39242.311048324,41070.6573366741,54590.7973398489,29804.6864795375,29118.0287801352,24774.1573162881
"NM_022936",1899.23093165367,1024.62349517306,840.724426834421,2961.66761802364,2622.16389552439,1271.349831937
"NM_053999",837.692379332056,843.221281047088,837.092787841616,869.294932252672,902.903458926161,836.912785083292
"NM_001108871",810.000069271492,773.451198690946,729.95943755386,967.545475758439,834.346976584433,890.773508875781
"NM_012767",30.0000025656108,17.9408783201508,14.5265559712211,29.9199185984641,17.0175665387268,27.2262999390604
"NM_001107273",41.5384650908458,63.7897895827585,134.370642733795,267.661974488962,130.305938067965,200.645993029163
"NM_001106047",466.153886019491,364.7978591764,481.192166546699,585.055705567264,488.647267754869,706.108170158676
"NM_001013133",108.461547737208,133.559871938901,145.265559712211,151.621209113838,124.957560012937,166.909056148153
"NM_001108873",429.230805938739,412.640201363469,461.21815208627,300.412155657551,266.9326865646,156.255286606782
"NM_001108872",1285.38472531117,1160.17679803642,1205.70414561135,1257.4452275841,1389.11964574693,1252.40979719678
"NM_001170472",1151.53856001845,1124.29504139612,1123.99226827323,1157.17306795681,1239.85127639295,1250.04229285425
"NM_001134571",30.0000025656108,13.9540164712284,7.26327798561055,25.4723631311248,11.1829722968776,29.0019281959557
"NM_001013186",546.923123696136,655.838774147735,539.298390431583,549.475261828549,558.176182470239,582.40606826164
"NM_001007622",39.2307725857988,105.651838996444,101.685891798548,38.410706308839,64.180536660341,48.5338390218033
"NM_134367",168.46155286843,203.329954295043,174.318671654653,135.852603365999,159.965125464032,134.355871438407
"NM_001031653",565.384663736512,859.168728442778,780.802383453134,458.502536360247,605.339152591853,412.537631685328
"NM_001107276",4.61538501009397,3.9868618489224,5.44745848920791,3.23458579442855,4.86216186820765,2.36750434252699
"NM_031323",3567.69261280264,2266.53096111239,2945.25922316508,4799.31667248336,4762.4875499094,5734.09551760038
"NM_024364",2.30769250504699,19.934309244612,29.0531119424422,23.450747009607,27.2281064619629,20.1237869114794
"NM_001100732",602.307743817263,807.339524406787,717.248701079042,358.634699957265,418.145920665858,421.415772969805
"NM_001025279",586.153896281935,502.344592964223,713.617062086236,543.8147366883,405.018083621698,585.957324775431
"NM_001108385",316.153873191437,165.45476673028,167.055393669043,289.091105377051,426.411595841811,332.042484039411
"NM_001106048",27.6923100605638,35.8817566403016,67.1853213668976,63.4787462156602,64.6667528471618,72.800758532705
"NM_012750",2.30769250504699,5.98029277338361,3.63163899280527,11.7253735048035,10.6967561100568,16.5725303976889
"NM_199084",2596.15406817786,1869.83820714461,1307.3900374099,2751.01521816148,3173.04683519231,3345.28363599064
"NM_001045843",699.230829029237,550.186935151292,486.639625035907,856.760912299262,744.396982022592,1074.84697150725
"NM_001006963",17326.1553278928,14789.2640285777,14488.4237617966,22259.6107908087,24632.1982405268,23464.335538785
"NM_001024256",302.307718161155,259.146020179956,234.24071503594,492.061363977443,326.737277543554,565.833537863951
"NM_001106049",27.6923100605638,21.9277401690732,12.7107364748185,25.8766863554284,16.531350351906,20.1237869114794
"NM_001012044",673.84621147372,576.101537169287,1064.07022489195,713.630490895798,778.432115100045,817.972750343076
"NM_001170471",556.153893716324,797.372369784481,706.353784100626,677.241400708477,781.835628407791,597.202970402434
"NM_053617",10832.3086186906,7056.74547259265,7099.85423093431,18383.3640394103,19392.2463951594,20983.1909878167
"NM_001013187",733.846216604942,538.226349604525,492.087083525115,2344.67037773639,2325.0858053769,2096.42509530765
"NM_001007758",431.538498443786,398.68618489224,528.403473453167,362.273608975997,386.541868522508,285.876149360134
"NM_013043",191.5384779189,133.559871938901,225.161617553927,682.497602624424,1104.19696026996,482.970885875506
"NM_001106050",643.846208908109,755.510320370796,720.880340071847,514.299141314139,619.439422009655,590.692333460485
"NM_001044257",99.2307777170204,59.8029277338361,107.133350287756,86.9294932252672,62.7218880998787,121.92647364014
"NM_012773",992.307777170204,1004.68918592845,829.829509856005,1198.00971361147,1000.63291247714,845.199050282136
"NM_001025414",1495.38474327045,2079.14845421303,1795.84548194221,1081.16030178774,1146.49776852336,957.655506552169
"NM_001013051",909.230846988513,1263.8352061084,1243.83635503581,568.478453370817,692.858066219591,542.750370524313
"NM_001047879",196.153862928994,364.7978591764,265.109646474785,54.1793120566782,51.5389158030011,68.6576259332828
"NM_053766",115.384625252349,209.310247068426,176.134491151056,188.818945749766,203.724582277901,197.686612601004
"NM_017326",2672.30792084441,3277.20043981422,3001.54962755356,3384.99403386948,3428.79654946004,3585.58532675713
"NM_001107280",6.92307751514096,21.9277401690732,5.44745848920791,6.46917158885709,14.586485604623,14.205026055162
"NM_001127483",422.307728423599,480.41685279515,524.771834460362,437.073405472158,359.799978247366,310.734944956668
"NM_001110165",34.6153875757048,89.7043916007541,108.949169784158,57.4138978511067,51.5389158030011,56.8201042206478
"NM_001109105",486.923118564914,474.436560021766,406.743567194191,319.011023975516,333.058087972224,395.965101287639
"NM_001191689",445.384653474068,526.265764057757,345.005704316501,489.635424631621,446.832675688283,378.800694804319
"NM_001100568",960.000082099546,1012.66290962629,987.805806043034,1005.95618206728,1117.81101350094,1053.53943242451
"NM_017333",140.769242807866,123.592717316595,108.949169784158,228.038298507213,207.614311772467,156.847162692413
"NM_001108389",69.2307751514096,81.7306679029093,90.7909748201318,79.651675187803,68.5564823417279,84.0464041597082
"NM_001277160",770.769296685693,877.109606762929,849.803524316434,826.03234725219,813.925896737961,852.301563309717
"NM_001108390",1896.92323914862,1821.99586495754,1543.44657194224,2262.18843997847,2236.59445937552,1923.00540221755
"NM_001012046",115.384625252349,53.8226349604525,107.133350287756,90.9727254683029,113.288371529238,71.0251302758098
"NM_001107286",560.769278726418,785.411784237714,653.695018704949,516.72508065996,606.797801152315,578.85481174785
"NM_001006994",625.384668867733,793.385507935558,720.880340071847,652.982007250263,550.882939667927,616.734881228282
"NM_022232",8466.92380101739,7929.86821750666,8312.82165453127,10175.1982628236,9005.69621229422,8388.06788557313
"NM_053741",36.9230800807518,43.8554803381464,32.6847509352475,35.1761205144105,27.7143226487836,17.7562825689524
"NM_001107287",703.846214039331,715.641701881572,915.173026186929,627.913967343442,780.376979847328,606.08111168691
"NM_001079710",9.23077002018795,3.9868618489224,3.63163899280527,5.66052514024996,5.83459424184918,7.10251302758098
"NM_001109386",18.4615400403759,17.9408783201508,12.7107364748185,10.5124038318928,11.1829722968776,10.0618934557397
"NM_001005554",7940.76990986668,6965.04765006744,6954.5886712221,7509.89956821448,6991.30255029579,7093.04301021087
"NM_001134414",429.230805938739,384.732168421012,228.793256546732,461.737122154675,293.674576839742,375.84131437616
"NM_001107319",36.9230800807518,7.97372369784481,1.81581949640264,49.3274333650353,37.9248625720197,30.7775564528509
"NM_001029920",41.5384650908458,41.8620494136852,58.1062238848844,35.580443738714,63.2081042866995,64.5144933338605
"NM_001135838",11.5384625252349,25.9146020179956,32.6847509352475,27.0896560283391,30.6316197697082,25.4506716821652
"NM_001108393",2141.5386446836,2762.89526130323,2010.11218251772,1476.99273838094,1617.64125355269,1435.89138374262
"NM_170787",55.3846201211277,103.658408071982,156.160476690627,102.698098973106,129.333505694324,71.6170063614415
"NM_198774",276.923100605638,340.876688082866,254.214729496369,220.356157245445,279.57430742194,224.912912540064
"NM_001013881",2741.53869599582,2310.38644145053,2642.01736726584,2970.56272895832,2844.36469290148,2548.02654864468
"NM_001012212",110.769240242255,85.7175297518317,59.922043381287,62.6700997670531,78.767022264964,69.8413781045463
"NM_053363",1403.07704306857,1740.26519705463,2244.35289755366,1143.8304015548,1093.98642034672,925.694197928054
"NM_001134863",39.2307725857988,39.868618489224,12.7107364748185,50.9447262622496,58.8321586053126,15.3887782264255
"NM_001107322",13.8461550302819,5.98029277338361,9.07909748201318,23.0464237853034,9.72432373641531,13.6131499695302
"NM_001108878",69.2307751514096,93.6912534496765,114.396628273366,70.3522410288209,50.5664834293596,71.0251302758098
"NM_001004107",565.384663736512,546.200073302369,506.613639496336,690.179743886191,823.650220474377,797.848963431597
"NM_001037327",1073.07701484685,1634.61335805819,1523.47255748181,507.021323276675,241.1632286631,281.14114067508
"NM_031574",138.461550302819,121.599286392133,257.846368489174,195.288117338624,182.331070057787,181.705958288947
"NM_001177684",784.615451715975,490.384007417456,473.928888561088,718.482369587441,899.499945618416,966.533647836645
"NM_001014239",260.769253070309,281.073760349029,266.925465971188,252.297691965427,233.383769673967,262.201105934864
"NM_017222",309.230795676296,171.435059503663,201.555964100693,458.098213135943,373.414031478348,181.705958288947
"NM_024151",5296.15429908283,7852.12441145267,10203.0897502864,4743.11574430516,4987.11942822059,4398.23119232952
"NM_001108394",2042.30786696658,1973.49661521659,1396.36519273363,2892.12402344342,3009.19198023372,3227.50029494992
"NM_001106061",417.692343413505,318.948947913792,646.431740719339,301.220802106158,275.684577927374,600.754226916224
"NM_022631",20.7692325454229,53.8226349604525,27.2372924460396,44.4755546733925,60.7770233525957,54.4525998781208
"NM_031647",1126.15394246293,914.984794327692,857.066802302045,1288.17379263117,1089.12425847851,1120.4214301009
"NM_198731",3920.76956607483,2904.42885693997,1815.81949640264,6803.54689535615,11049.7490616887,9226.16442282769
"NM_017298",240.000020524887,289.047484046874,223.345798057524,772.661681644119,607.770233525957,765.29577872185
"NM_001329897",76.1538526665505,69.7700823561421,67.1853213668976,73.1825035989459,82.6567517595301,65.1063694194923
"NM_133307",327.692335716672,209.310247068426,483.007986043101,410.388072668122,380.707274280659,374.657562204897
"NM_001030037",1024.61547224086,1010.66947870183,878.856636258876,1035.87610066574,1095.44506890718,1010.33247817339
"NM_001107293",1320.00011288688,1433.2768346876,1735.92343856092,1160.40765375124,973.404806015172,1110.35953664516
"NM_001107292",1536.92320836129,1831.96301957984,1603.36861532353,1614.05831141985,1537.41558272726,1679.7443310229
"NM_053493",2903.07717134911,1698.40314764094,780.802383453134,3878.26836751983,6009.63206910466,3844.2351761782
"NM_031339",837.692379332056,946.879689119071,657.326657697755,892.341356037976,969.028860333785,799.03271560286
"NM_001107297",13.8461550302819,11.9605855467672,98.0542528057424,35.1761205144105,32.0902683301705,18.3481586545842
"NM_001025028",1036.1539347661,819.300109953554,822.566231870395,1207.71347099476,1283.61073320682,1076.03072367852
"NM_024375",30.0000025656108,33.8883257158404,25.4214729496369,19.4075147665713,23.3383769673967,13.0212738838985
"NM_030849",450.000038484162,550.186935151292,446.691596115049,533.70665608071,614.577260141447,478.235877190452
"NM_001170349",6.92307751514096,11.9605855467672,12.7107364748185,19.0031915422677,13.1278370441607,25.4506716821652
"NM_001014140",2658.46176581413,1656.54109822726,1565.23640589907,1428.47395146451,2141.78230294547,1927.7404109026
"NM_012860",33600.0028734841,37944.957647119,13707.6213783435,37963.9291459836,49210.9127005033,49964.9953968609
"NM_053998",1640.76937108841,1602.71846326681,1474.44543107894,1811.36804487999,1892.35339910642,1818.24333506073
"NM_001047115",103.846162727114,79.7372369784481,101.685891798548,94.2073112627315,69.5289147153694,66.2901215907558
"NM_001108397",258.461560565262,257.152589255495,281.452021942409,221.569126918356,249.428903839053,259.241725506706
"NM_001107309",126.923087777584,85.7175297518317,85.3435163309239,131.000724674356,122.040262892012,129.028986667721
"NM_012598",392.307725857988,332.902964385021,404.927747697788,321.84128654564,271.308632245987,465.806479392186
"NM_153470",20.7692325454229,23.9211710935344,25.4214729496369,56.6052514024996,13.6140532309814,73.3926346183368
"NM_053854",64.6153901413156,21.9277401690732,38.1322094244554,60.6484836455353,78.767022264964,73.3926346183368
"NM_198764",270.000023090497,285.060622197952,232.424895539538,177.497895469267,289.784847345176,166.317180062521
"NM_001106082",182.307707898712,257.152589255495,216.082520071914,191.649208319891,187.193231925995,178.154701775156
"NM_022926",9.23077002018795,23.9211710935344,14.5265559712211,18.5988683179641,21.3935122201137,24.2669195109017
"NM_178105",600.000051312216,310.975224215947,268.74128546759,473.462495659479,468.712404095218,954.69612612401
"NM_053653",263.076945575356,217.283970766271,223.345798057524,226.825328834302,192.055393794202,214.259142998693
"NM_001169133",23.0769250504699,31.8948947913792,19.974014460429,62.2657765427495,48.6216186820765,44.9825825080129
"NM_001169115",1414.6155055938,1570.82356847543,1289.23184244587,1483.05758674549,1730.4434088951,1685.66309187922
"NM_001109111",413.076958403411,438.554803381464,443.059957122243,562.817928230567,519.278887524577,478.235877190452
"NM_053770",5644.61586734493,4465.28527079309,7112.56496740913,4006.43882962406,5378.03724242449,5203.77454487433
"NM_031076",1017.69239472572,1235.92717316595,1009.59563999987,1116.74074552646,1003.06399341124,989.024939090651
"NM_001191892",94.6153927069264,109.638700845366,78.0802383453134,101.889452524499,126.90242476022,98.2514302148702
"NM_001107312",71.5384676564566,49.83577311153,39.948028920858,175.880602572052,141.002694178022,135.53962360967
"NM_178093",3062.30795419735,3209.42378838253,2278.85346798531,3335.26227728014,3749.21301657492,3474.90449874399
"NM_145096",1015.38470222067,847.208142896011,1015.04309848907,377.637891499533,231.925121113505,298.897423244033
"NM_022619",196.153862928994,133.559871938901,94.4226138129371,86.1208467766601,104.050263979644,75.7601389608638
"NM_001004212",191.5384779189,310.975224215947,328.663328848877,127.361815655624,143.433775112126,205.381001714217
"NM_138912",5166.9235188002,3219.39094300484,1988.32234856089,9510.08655884423,18684.3156271484,14681.4863040955
"NM_001014143",332.307720726766,354.830704554094,366.795538273333,440.307991266586,440.998081446434,453.377081593919
"NM_001107316",274.615408100591,167.448197654741,245.135632014356,146.365007197892,423.008082534066,232.607301653277
"NM_001106084",655.384671433344,827.273833651399,590.141336330857,652.173360801656,562.065911964805,623.837394255862
"NM_053906",9726.92390877305,11272.8518778281,9100.88731597002,3752.52384476142,3145.81872873035,3247.03220577577
"NM_001271244",996.923162180298,833.254126424782,833.46114884881,733.442328886673,787.67022264964,662.309339821926
"NM_001014002",357.692338282283,456.495681701615,542.930029424388,308.498620143623,346.672141203206,242.669195109017
"NM_001107320",812.307761776539,753.516889446334,762.644188489107,602.441604212317,688.968336725025,674.146861534561
"NM_001136098",660.000056443438,492.377438341917,660.95829669056,486.805162061496,490.105916315331,398.924481715798
"NM_024146",237.69232801984,157.481043032435,138.0022817266,294.751630517301,303.398900576158,273.446751561868
"NM_001106090",738.461601615036,918.971656176614,775.354924963926,889.511093467851,827.053733782122,732.150717926472
"NM_001107321",23.0769250504699,5.98029277338361,18.1581949640264,18.5988683179641,19.4486474728306,15.3887782264255
"NM_031355",3936.92341361016,4624.75974474999,4839.15895791303,3130.67472578253,3222.15467006121,2966.48294118632
"NM_017223",1234.61549020014,1666.50825284956,985.989986546632,1990.48323324647,2133.51662776952,2111.81387353408
"NM_001134744",456.923115999303,510.318316662068,439.428318129438,336.396922620569,379.248625720197,301.26492758656
"NM_001107326",161.538475353289,29.901463866918,67.1853213668976,78.8430287391958,171.148097760909,84.63828024534
"NM_001100791",76.1538526665505,51.8292040359912,65.3695018704949,65.5003623371781,39.8697273193028,78.7195193890225
"NM_001127680",96.9230852119734,93.6912534496765,103.50171129495,90.1640790196958,92.3810754959454,98.8433063005019
"NM_053951",99.2307777170204,155.487612107974,88.9751553237292,169.411430983195,201.293501343797,190.584099573423
"NM_001134798",166.153860363383,215.29053984181,159.792115683432,155.26011813257,202.752149904259,145.60151706541
"NM_001127301",5319.2312241333,3937.02607581087,3673.40284122253,6689.93206932684,7054.02443839566,6429.54991821768
"NM_001107324",2173.84633975426,1469.15859132791,1666.92229769762,2187.38864348231,2583.26660057873,2089.9144583657
"NM_001135009",3780.00032326696,2601.42735642187,3914.90683424409,3854.81762051022,3475.47330339483,4814.32008052864
"NM_031112",2065.38479201705,1748.23892075247,1843.05678884868,784.387055148923,824.136436661197,915.040428386683
"NM_172243",1211.53856514967,1100.37387030258,844.356065827226,1312.83750931369,1863.66664408399,1541.24532698507
"NM_001011918",2503.84636797598,2326.33388884622,2405.96083273349,2309.08993399768,2467.06093192856,2543.88341604525
"NM_001108395",9.23077002018795,5.98029277338361,19.974014460429,21.0248076637856,15.5589179782645,14.205026055162
"NM_001008297",957.692389594499,452.508819852693,521.140195467557,898.406204402529,855.254272617726,842.831545939609
"NM_001106060",1292.30780282631,1365.50018325592,993.253264532242,1296.26025711724,1259.7861400526,1285.55485799216
"NM_001134467",1017.69239472572,1086.41985383136,969.647611079008,848.270124588887,871.299406782812,858.220324166035
"NM_001013998",290.76925563592,362.804428251939,319.584231366864,286.66516603123,336.94781746679,234.382929910172
"NM_001170749",11.5384625252349,9.96715462230601,21.7898339568316,6.06484836455353,5.83459424184918,11.2456456270032
"NM_001191937",11.5384625252349,5.98029277338361,10.8949169784158,29.5155953741605,10.6967561100568,28.4100521103239
"NM_001107290",267.69233058545,237.218280010883,192.47686661868,372.78601280789,1118.78344587458,625.021146427126
"NM_207589",1140.00009749321,1020.63663332414,1131.25554625884,1131.70070482569,1244.22722207434,1113.91079315895
"NM_001309459",699.230829029237,657.832205072197,639.168462733728,558.370372763228,594.642396481796,596.611094316802
"NM_001191831",203.076940444135,201.336523370581,205.187603093498,236.124762993284,215.87998694842,189.400347402159
"NM_022592",19283.0785721726,15941.4671029162,16631.0907675518,10329.2454112833,11615.7047031481,11192.968655382
"NM_001135866",436.15388345388,578.094968093749,466.665610575478,229.251268180123,281.519172169223,295.938042815874
"NM_017351",93939.2388029477,73352.2777273988,65060.8125561065,161351.651829928,142865.874605919,158150.473832974
"NM_001013134",392.307725857988,418.620494136852,288.715299928019,313.754822059569,323.81998042263,301.856803672192
"NM_001107291",24323.0790031952,13993.8850897176,14984.1424843146,52167.3996925436,50716.7242310872,61326.0568605623
"NM_181368",11.5384625252349,19.934309244612,7.26327798561055,19.8118379908749,24.797025527859,7.69438911321273
"NM_019369",94416.9311514924,63207.7077528158,53437.7519596332,152944.154703759,121738.808856183,154429.940758693
"NM_001131006",1206.92318013957,1237.92060409041,1202.07250661855,1006.76482851589,1014.73318189494,968.901152179172
"NM_175580",2210.76941983501,2232.64263539655,2246.16871705006,1614.46263464415,2290.56445611263,1207.42721468877
"NM_001007683",304.615410666202,392.705892118857,337.74242633089,272.918176404909,263.529173256855,305.408060185982
"NM_001012211",235.384635514793,255.159158331034,194.292686115082,275.748438975034,234.84241823443,260.425477677969
"NM_001034105",13.8461550302819,7.97372369784481,5.44745848920791,10.5124038318928,5.83459424184918,7.69438911321273
"NM_001100882",11.5384625252349,9.96715462230601,12.7107364748185,16.9815754207499,20.4210798464721,14.205026055162
"NM_001009271",200.769247939088,135.553302863362,167.055393669043,177.093572244963,179.413772936862,200.054116943531
"NM_001033655",41.5384650908458,79.7372369784481,92.6067943165345,38.410706308839,37.4386463851989,41.4313259942224
"NM_054011",1419.2308906039,978.77458391045,847.987704820031,1169.70708791022,1500.46315252888,1456.0151706541
"NM_001007623",401.538495878176,372.771582874245,381.322094244554,268.874944161873,395.293759885282,294.754290644611
"NM_019274",23.0769250504699,306.988362367025,50.8429458992738,8.89511093467851,26.2556740883213,14.205026055162
"NM_001012047",1377.69242551305,1251.87462056163,931.515401654553,1872.42085174983,1747.94719162065,1933.65917175892
"NM_001107295",1105.38470991751,1136.25562694289,951.489416114982,912.557517253154,983.129129751588,1029.86438899924
"NM_001134850",542.307738686042,643.878188600968,571.983141366831,344.48338710664,267.418902751421,346.839386180204
"NM_019352",1206.92318013957,1383.44106157607,1254.73127201422,1121.1883009938,1131.42506673192,1126.34019095722
"NM_001106062",18.4615400403759,39.868618489224,29.0531119424422,20.620484439482,25.7694579015006,29.0019281959557
"NM_001107296",784.615451715975,761.490613144179,789.881480935147,700.692147718084,823.164004287556,749.315124409793
"NM_001134605",16.1538475353289,15.9474473956896,10.8949169784158,17.790221869357,20.4210798464721,20.1237869114794
"NM_053829",881.538536927949,984.754876683834,902.462289712111,1012.82967688044,952.497509981879,917.40793272921
"NM_001191832",18.4615400403759,15.9474473956896,10.8949169784158,16.9815754207499,43.2732406270481,26.0425477677969
"NM_031688",6.92307751514096,1.9934309244612,3.63163899280527,12.9383431777142,9.72432373641531,1.1837521712635
"NM_012570",21773.0787851183,17930.9111655285,12961.319565322,33465.8332756064,43561.080609646,34155.9851496369
"NM_001005908",15516.9244039359,14135.4186853544,13760.2801437392,8254.25862415735,8818.50298036822,8391.02726600129
"NR_138253",13.8461550302819,37.8751875647628,50.8429458992738,32.3458579442855,29.1729712092459,23.6750434252699
"NM_001169127",1056.92316731152,693.713961712498,818.934592877589,1520.65964660572,1919.09528938156,1587.41166166435
"NM_012599",5044.61581603271,2836.65220550829,2291.56420446013,6491.40936619379,6731.6631065335,8224.71008593877
"NM_001100175",85.3846226867385,55.8160658849137,36.3163899280527,65.0960391128745,74.3910765835771,72.800758532705
"NM_001135252",1243.84626022033,1269.81549888179,1203.88832611495,925.091537206565,1113.92128400637,1032.8237694274
"NM_001107300",140.769242807866,135.553302863362,128.923184244587,172.24169355332,156.075395969466,146.785269236674
"NM_001109107",1061.53855232161,1584.77758494666,1352.78552481996,1052.04902963789,1301.11451593237,974.819913035489
"NM_001013879",343.846183252001,352.837273629633,335.926606834488,283.026257012498,281.032955982402,245.036699451544
"NM_001106064",1211.53856514967,1401.38193989622,1338.25896884874,1025.76802005815,1116.35236494048,1051.76380416762
"NM_001007684",78.4615451715975,39.868618489224,88.9751553237292,124.127229861196,233.383769673967,139.090880123461
"NM_001029921",643.846208908109,729.5957183528,700.906325611418,554.327140520192,554.286452975673,572.3441748059
"NM_001128078",2233.84634488548,2222.67548077424,2082.74496237382,1701.39212786942,1715.85692329048,1555.45035304023
"NM_001271328",16.1538475353289,19.934309244612,34.5005704316501,20.620484439482,21.8797284069344,49.7175911930668
"NM_001044239",2485.3848279356,2671.19743877801,2371.46026230184,1523.08558595154,1688.62881682852,1696.31686142059
"NM_012678",994.615469675251,1100.37387030258,1330.99569086313,838.162043981297,1098.84858221493,969.493028264803
"NM_001024971",147.692320323007,199.34309244612,285.083660935214,107.145654440446,104.536480166465,115.415836698191
"NM_153731",242.307713029934,211.303677992887,163.423754676237,285.452196358319,254.777281894081,233.791053824541
"NM_001106065",260.769253070309,169.441628579202,210.635061582706,347.717972901069,318.957818554422,342.10437749515
"NM_001169100",1188.4616400992,1357.52645955808,1065.88604438835,809.455095055744,798.366978759697,849.342182881559
"NM_139113",2086.15402456248,1586.77101587112,2155.37774222993,3147.25197797898,2869.64793461616,2653.97236797276
"NM_001033687",214.61540296937,243.198572784267,161.607935179835,237.742055890498,246.997822904949,278.773636332553
"NM_001006964",976.153929634875,1010.66947870183,996.884903525048,830.884225943833,811.008599617037,991.392443433178
"NM_001134790",468.461578524538,478.423421870688,481.192166546699,463.758738276193,505.178618106775,416.680764284751
"NM_020086",286.153870625826,121.599286392133,210.635061582706,356.613083835747,259.639443762289,466.990231563449
"NM_001107301",113.076932747302,43.8554803381464,54.4745848920791,182.349774160909,167.258368266343,141.458384465988
"NM_198134",6756.92365477758,6642.11184030472,9026.43871661751,4484.75320397518,2929.45252559511,5492.61007466262
"NM_199375",1663.84629613888,1566.8367066265,1732.29179956812,997.0610711326,999.660480103494,1125.74831487158
"NM_001011919",228.461557999652,265.12631295334,256.030548992772,171.433047104713,160.937557837673,253.322964650388
"NM_001006965",500.769273595196,512.311747586529,421.270123165412,492.465687201746,435.649703391406,400.108233887062
"NM_001106066",1020.00008723077,1016.64977147521,851.619343812837,868.486285804065,899.013729431595,1026.90500857108
"NM_053580",648.461593918203,390.712461194396,515.692736978349,604.463220333835,666.116175944449,763.520150464955
"NM_001106067",2323.84635258232,2077.15502328857,2213.48396611481,2486.58782946695,2376.6247211799,2437.34572063154
"NM_012855",228.461557999652,404.666477665624,335.926606834488,429.795587434693,351.534303071413,354.533775293417
"NM_001106069",23.0769250504699,23.9211710935344,32.6847509352475,30.3242418227676,22.3659445937552,30.1856803672192
"NM_019313",101.538470222067,87.7109606762929,108.949169784158,38.8150295331426,69.5289147153694,52.0850955355938
"NM_001107303",120.000010262443,175.421921352586,179.766130143861,137.06557303891,194.000258541485,245.628575537175
"NM_212510",8584.61611877479,10850.2445218423,10366.5135049627,4486.3704968724,4183.40407140586,5196.08015576112
"NM_001106071",687.692366504002,683.746807090192,860.69844129485,610.123745474085,661.254014076241,654.614950708713
"NM_001106070",170.769245373477,189.375937823814,285.083660935214,176.689249020659,144.892423672588,116.599588869454
"NM_013018",46.1538501009397,37.8751875647628,30.8689314388448,58.6268675240174,37.4386463851989,69.8413781045463
"NM_001276765",71.5384676564566,41.8620494136852,27.2372924460396,24.6637166825177,51.0526996161804,43.7988303367494
"NM_001134796",357.692338282283,322.935809762715,337.74242633089,585.460028791567,478.922944018454,623.245518170231
"NM_022185",923.077002018795,829.26726457586,804.408036906368,1018.49020202069,919.921025464888,1157.7096234957
"NM_001030026",2079.23094704733,2483.81493187866,2912.57447222983,1364.99520524885,1354.59829648265,1618.1892181172
"NM_001106073",699.230829029237,588.062122716055,655.510838201352,517.938050332871,407.449164555801,539.790990096154
"NM_001106072",443.076960969021,482.410283719611,493.902903021517,355.400114162837,318.957818554422,374.657562204897
"NM_001013880",3009.23102658127,2204.73460245409,2798.17784395646,1528.74611109179,664.657527383986,634.491163797234
"NM_001014236",122.30770276749,97.6781152985989,123.475725755379,151.621209113838,156.075395969466,162.174047463099
"NM_134399",10834.6163111956,9183.73626899276,6831.11294546672,4657.39922075281,5331.36048848969,5831.75507172961
"NM_019216",1917.69247169405,2091.1090397598,2326.06477489178,191.244885095588,859.630218299113,141.458384465988
"NM_001107304",796.15391424121,623.943879356356,588.325516834454,862.825760663815,771.138872297734,1032.8237694274
"NM_201988",6540.00055930316,5768.98909539072,4397.91482028719,3186.06700751212,3390.3854707012,3965.56977373271
"NM_031687",7539.2314139885,9261.48007504674,9028.25453611391,4736.6465727163,5168.96428209156,5693.25606769179
"NM_001037180",15939.2321323595,10413.6831493853,9789.08290510662,8724.4865340224,9067.93188420727,9860.65558662492
"NM_001106075",182.307707898712,197.349661521659,241.503993021551,232.081530750248,239.218363915817,239.117938595226
"NM_001025143",1991.53863185555,1650.56080545388,1385.47027575521,1496.40025314751,1493.16990972657,1499.22212490522
"NM_001107305",616.153898847545,486.397145568533,370.427177266138,394.619466920283,381.679706654301,418.456392541646
"NM_001106076",1663.84629613888,2033.29954295043,1941.11104165442,1143.42607833049,1268.05181522856,1366.05000563807
"NM_053310",138.461550302819,185.389075974892,301.426036402838,171.028723880409,194.972690915127,165.133427891258
"NM_001115023",1020.00008723077,1257.85491333502,1191.17758964013,621.444795754585,703.554822329647,675.330613705825
"NM_001145726",803.076991756351,867.142452140623,849.803524316434,339.227185190694,312.637008125752,491.257151074351
"NM_001107306",115.384625252349,117.612424543211,152.528837697822,58.6268675240174,40.3559435061235,42.0232020798541
"NM_001013136",200.769247939088,181.402214125969,177.950310647458,147.577976870802,180.872421497325,182.297834374578
"NM_001127590",1200.00010262443,2328.32731977068,855.250982805642,1392.48918450149,1169.83614549076,1302.71926447548
"NM_001108874",503.076966100243,504.338023888684,559.272404892012,435.05178935064,405.504299808518,432.661418596808
"NM_001047104",837.692379332056,645.871619525429,809.855495395576,346.100680003855,395.779976072103,339.736873152623
"NM_001106077",1382.30781052314,1080.43956105797,1316.46913489191,1463.24574875461,1476.15234318784,1644.231765885
"NM_001127654",1483.84628074521,1267.82206795732,1200.25668712214,1011.61670720753,1478.09720793513,1638.31300502868
"NM_001011920",690.000059009049,779.43149146433,808.039675899173,529.663423837675,494.968078183539,504.870301043881
"NM_001107307",9.23077002018795,1.9934309244612,12.7107364748185,14.959959299232,10.6967561100568,4.73500868505398
"NM_001277222",1022.30777973581,1058.5118208889,993.253264532242,1095.71593786267,1293.82127313006,1259.51231022436
"NM_001107308",205.384632949182,153.494181183513,210.635061582706,257.553893881373,242.621877223562,256.282345078547
"NM_001109109",39.2307725857988,13.9540164712284,52.6587653956765,107.145654440446,64.6667528471618,86.4139085022352
"NM_001106079",2233.84634488548,2424.01200414482,2694.67613266151,2304.64237853034,2122.81987165946,2326.6648926184
"NM_001009538",263.076945575356,247.185434633189,216.082520071914,375.211952153712,438.08078432551,387.086960003163
"NM_001134416",408.461573393317,510.318316662068,504.797819999933,561.604958557657,512.958077095907,488.297770646192
"NM_057213",1973.07709181517,2258.55723741454,2336.95969187019,1616.88857398997,2291.05067229945,1605.1679442333
"NM_001012048",1686.92322118935,1261.84177518394,1274.70528647465,1509.74291954952,1548.11233883732,1698.68436576312
"NM_001024772",117.692317757396,109.638700845366,130.73900374099,108.76294733766,119.122965771088,84.63828024534
"NM_001169102",207.692325454229,215.29053984181,314.136772877656,94.611634487035,113.774587716059,68.065749847651
"NM_001014141",581.538511271841,647.865050449891,670.037394172573,547.453645707032,546.020777799719,555.771644408212
"NM_080886",8656.15458643125,2103.06962530657,1884.82063726594,10908.236268486,7861.14330851813,3754.27001116218
"NM_182672",385.384648342847,440.548234305926,343.189884820098,345.292033555247,420.577001599962,482.379009789875
"NM_001169105",182.307707898712,193.362799672737,263.293826978382,264.831711918837,245.539174344486,220.769779940642
"NM_001012049",156.923090343195,125.586148241056,83.5276968345213,139.491512384731,110.857290595135,104.170191071188
"NM_017193",4954.61580833588,2567.53903070603,2117.24553280547,6207.17013950838,6411.24663941861,6581.07019613941
"NM_017187",41.5384650908458,59.8029277338361,23.6056534532343,105.528361543231,23.3383769673967,60.9632368200701
"NM_022696",34.6153875757048,55.8160658849137,32.6847509352475,72.7781803746423,77.7945898913225,56.8201042206478
"NM_001037181",431.538498443786,442.541665230387,457.586513093464,489.231101407318,433.704838644123,464.030851135291
"NM_001012050",1068.46162983675,839.234419198166,679.116491654586,923.47424430935,855.254272617726,846.974678539032
"NM_024390",46.1538501009397,19.934309244612,10.8949169784158,59.031190748321,33.062700703812,27.8181760246922
"NM_012963",34.6153875757048,113.625562694289,94.4226138129371,107.549977664749,124.471343826116,120.742721468877
"NM_001044247",36.9230800807518,21.9277401690732,18.1581949640264,12.9383431777142,6.32081042866995,10.6537695413715
"NM_001191073",1804.61553894674,2306.39957960161,1708.68614611488,2003.01725319988,1800.45853979729,1756.0963460694
"NM_001031641",1144.61548250331,964.820567439222,960.568513596995,821.989115009155,942.773186245464,1101.48139536068
"NM_001106083",300.000025656108,386.725599345473,270.557104963993,407.153486873693,335.975385093149,408.394499085906
"NM_001014000",676.153903978767,675.773083392347,686.379769640197,694.222976129227,611.173746833702,585.957324775431
"NM_001034994",1246.15395272537,1600.72503234235,1162.12447769769,1221.86478384538,1373.56072776866,1177.24153432155
"NM_001047086",634.615438887921,613.97672473405,566.535682877623,733.442328886673,715.224010813346,690.71939193225
"NM_001025673",27.6923100605638,27.9080329424568,49.0271264028712,52.9663423837675,30.1454035828875,60.9632368200701
"NM_012922",2056.15402199686,1798.074693864,1441.76068014369,1526.72449497027,1513.10477338622,1235.24539071346
"NM_012820",48939.2349545314,22535.7366010339,11693.877556833,79333.0684870518,98151.0029849474,79894.9852950872
"NM_053515",228.461557999652,249.17886555765,374.058816258943,272.918176404909,206.155663212004,321.980590583671
"NM_001014001",210.000017959276,251.172296482111,203.371783597095,210.248076637856,187.193231925995,200.645993029163
"NM_001014142",1276.15395529098,1359.51989048254,1394.54937323723,961.076304169582,1159.1393893807,1071.29571499346
"NM_001108400",34.6153875757048,93.6912534496765,90.7909748201318,31.5372114956783,41.8145920665858,21.3075390827429
"NM_198791",514.615428625478,677.766514316809,682.748130647391,795.708105429423,706.958335637393,1126.34019095722
"NM_001047848",2612.30791571319,1477.13231502575,1136.70300474805,4406.31449846029,5076.58320659561,7031.48789730517
"NM_012725",11127.6932593366,8581.72012980547,7161.592093812,11930.7697027497,9223.0348478031,13525.5523088567
"NM_001135600",7527.69295146327,4620.77288290107,3586.24350539521,9035.41109351184,9775.86265221831,8990.59774074625
"NM_031819",4742.30809787156,7664.74190455332,10780.5203501425,2880.80297316293,2758.3044278342,2533.82152258951
"NM_001290133",78.4615451715975,113.625562694289,83.5276968345213,98.2505435057671,106.481344913748,105.945819328083
"NM_053407",1262.3078002607,1365.50018325592,1414.52338769765,1021.72478781512,829.971030903046,935.164215298162
"NM_172010",10140.0008671765,8410.28507030181,5273.13981755326,18374.0646052514,10657.8588151112,12653.1269586355
"NM_001011921",18.4615400403759,29.901463866918,19.974014460429,29.9199185984641,20.9072960332929,21.3075390827429
"NM_001024867",438.461575958927,422.607355985775,426.71758165462,415.239951359765,450.236188996029,293.570538473347
"NM_001107313",699.230829029237,721.621994654955,800.776397913563,718.886692811745,819.27427479299,733.334470097736
"NM_001191939",879.230844422902,526.265764057757,624.641906762507,702.309440615298,698.69266046144,690.127515846618
"NM_001109512",23.0769250504699,45.8489112626076,27.2372924460396,25.8766863554284,13.6140532309814,27.2262999390604
"NM_001127446",990.000084665157,964.820567439222,1005.96400100706,1816.21992357163,1553.94693307917,1410.44071206046
"NM_001107314",66.9230826463626,121.599286392133,119.844086762574,15.3642825235356,13.1278370441607,5.91876085631748
"NM_001107315",41.5384650908458,27.9080329424568,43.5796679136633,53.370665608071,57.8597262316711,55.0444759637526
"NM_022199",25.3846175555169,11.9605855467672,29.0531119424422,12.1296967291071,13.1278370441607,20.7156629971112
"NM_001106085",406.15388088827,444.535096154848,415.822664676204,337.205569069176,333.544304159045,306.591812357246
"NM_001013188",588.461588786982,609.989862885128,653.695018704949,640.447987296852,592.697531734513,504.870301043881
"NM_001004213",5847.69280778906,7949.80252675127,7201.54012273286,4263.18407705683,4287.45433538551,3718.75744602427
"NM_001107318",708.461599049425,795.37893886002,806.223856402771,533.302332856407,565.46942527255,583.589820432904
"NM_017040",1449.23089316951,1483.11260779913,1646.94828323719,1029.40692907689,1040.50263979644,886.630376276359
"NM_001106086",671.538518968673,697.700823561421,777.170744460329,475.484111780996,448.777540435566,383.535703489373
"NM_001191554",16.1538475353289,31.8948947913792,18.1581949640264,38.8150295331426,25.7694579015006,17.7562825689524
"NM_001013883",244.615405534981,253.165727406573,223.345798057524,243.402581030748,276.657010301015,234.974805995804
"NM_053857",1677.69245116916,1576.80386124881,1933.84776366881,589.098937810299,478.436727831633,474.684620676662
"NM_001024773",198.461555434041,215.29053984181,185.213588633069,168.602784534588,238.732147728996,219.586027769379
"NM_001191555",27.6923100605638,41.8620494136852,52.6587653956765,39.2193527574461,35.4937816379159,21.3075390827429
"NM_001106088",2003.07709438078,2248.59008279224,1645.13246374079,1401.38429543617,1426.0720759453,1400.37881860472
"NM_001109425",583.846203776888,755.510320370796,831.645329352408,295.964600190212,177.468908189579,237.342310338331
"NM_001008340",156.923090343195,145.520457485668,183.397769136666,120.08399761816,118.150533397446,100.618934557397
"NM_012847",916.153924503654,948.873120043532,1207.51996510775,765.788186830959,740.993468714846,726.231957070155
"NM_001024883",542.307738686042,594.042415489438,526.587653956765,743.550409494262,737.589955407101,771.8064156638
"NM_001106089",826.153916806821,889.070192309696,1049.54366892072,839.375013654208,774.542385605479,738.06947878279
"NM_001318416",433.846190948833,398.68618489224,276.004563453201,299.603509208944,390.917814203895,336.185616638833
"NM_001108876",249.230790545075,257.152589255495,226.97743705033,252.297691965427,249.915120025873,225.504788625696
"NM_001025130",150.000012828054,143.527026561207,108.949169784158,145.556360749285,169.689449200447,158.622790949308
"NM_001109411",1599.23090599756,2316.36673422392,2080.92914287742,1056.90090832953,1094.95885272036,1003.82184123144
"NM_001012158",62.3076976362686,63.7897895827585,49.0271264028712,66.3090087857852,61.2632395394164,45.5744585936446
"NM_001017444",930.000079533935,861.162159367239,715.432881582639,956.628748702243,1026.40237037864,1016.25123902971
"NM_001014772",2513.07713799617,2348.2616290153,1855.76752532349,1494.37863702599,1538.87423128772,1395.05193383403
"NM_001276712",69.2307751514096,35.8817566403016,58.1062238848844,52.1576959351603,46.6767539347935,63.9226172482288
"NM_001030027",78.4615451715975,63.7897895827585,112.580808776963,130.596401450053,75.8497251440394,95.8839258723432
"NM_001007731",1633.84629357327,1636.60678898265,1728.66016057531,1567.15681740063,1627.3655772891,1650.15052674131
"NM_001047849",2393.07712773372,2784.8230014723,2634.75408928023,3387.8242964396,3300.43547613936,2260.96664711328
"NM_001100570",840.000071837103,944.88625819461,871.593358273266,1109.8672507133,1148.44263327065,999.678708632023
"NM_133305",90.0000076968325,91.6978225252153,145.265559712211,61.861453318446,69.5289147153694,76.9438911321273
"NM_013151",143.076935312913,237.218280010883,459.402332589867,180.328158039392,190.59674523374,162.765923548731
"NM_017141",500.769273595196,504.338023888684,492.087083525115,419.2831836028,450.722405182849,366.371297006052
"NM_001109332",240.000020524887,225.257694464116,221.529978561122,235.72043976898,264.501605630496,195.910984344109
"NM_053355",1377.69242551305,1678.46883839633,1981.05907057528,1345.99201370658,1324.93910908659,1296.80050361916
"NM_001106091",650.76928642325,789.398646086636,648.247560215741,514.703464538443,627.218880998787,477.052125019189
"NM_001047880",5688.46202494082,5392.23065066755,3853.1689713664,8624.61869761942,10733.7085402552,7114.35054929361
"NR_148404",4137.69266154925,3675.88662470646,2511.27836352485,6401.2452871741,8765.50541600476,5301.43409900357
"NM_001169139",73.8461601615036,41.8620494136852,295.97857791363,557.561726314621,169.689449200447,279.365512418185
"NM_001106092",662.307748948485,771.457767766485,789.881480935147,538.962857996657,515.875374216832,523.218459698465
"NM_001108401",1227.692412685,1453.21114393222,1218.41488208617,1479.01435450245,1436.76883205536,1428.78887071504
"NM_012511",1707.69245373477,2105.06305623103,1528.92001597102,2770.01840970375,2628.97092213988,3656.01858094731
"NM_134454",32.3076950706578,47.8423421870688,72.6327798561055,25.4723631311248,36.9524301983782,54.4525998781208
"NM_001007686",590.769281292028,524.272333133296,617.378628776897,485.996515612889,673.895634933581,575.895431319691
"NM_001169121",92.3077002018795,81.7306679029093,132.554823237392,101.889452524499,104.536480166465,84.63828024534
"NM_001107329",528.46158365576,598.029277338361,566.535682877623,661.877118184942,754.607521945828,709.067550586834
"NM_001012159",498.461581090149,558.160658849137,497.534542014322,481.144636921246,435.649703391406,395.965101287639
"NM_001024744",943.846234564217,1072.46583736013,1131.25554625884,849.887417486101,1008.41237146627,887.814128447622
"NM_057100",6055.38513324329,8334.53469517229,7339.54240445946,2836.73174171384,2198.6695968035,2305.35735353566
"NM_001135857",191.5384779189,273.100036651185,274.188743956798,200.139996030266,243.108093410383,269.303618962445
"NM_001025718",985.384699655063,964.820567439222,1024.12219597109,1069.03060505864,890.261838068821,742.804487467844
"NM_001170477",32.3076950706578,13.9540164712284,18.1581949640264,8.49078771037494,4.37594568138689,7.10251302758098
"NM_012857",13481.5396144845,11765.22931617,12176.8855428761,7608.95875816885,8770.36757787296,7800.33493254081
"NM_017143",9978.46239182317,6357.05121810677,4668.47192525118,13801.5732616023,14049.7029343728,15526.093478292
"NM_152846",1680.00014367421,1449.22428208329,1614.26353230194,1934.68662829258,1624.934496355,1919.45414570376
"NM_001309433",8681.53920398676,6977.00823561421,5501.93307409999,12225.1170100427,11865.619823174,12771.5021757619
"NM_001169144",346.153875757048,448.52195800377,430.349220647425,330.332074256015,391.404030390716,359.860660064103
"NM_001107323",526.153891150713,492.377438341917,510.245278489141,531.685039959193,546.993210173361,568.201042206478
"NM_001038591",267.69233058545,362.804428251939,270.557104963993,344.887710330944,245.539174344486,305.408060185982
"NM_001271219",226.153865494605,247.185434633189,216.082520071914,205.396197946213,174.065394881834,200.645993029163
"NM_001108402",1760.76938135085,2246.59665186777,1445.3923191365,914.579133374672,1064.32723295066,1337.04807744212
"NM_001109535",413.076958403411,633.911033978662,375.874635755346,170.624400656106,292.21592827928,263.384858106128
"NM_001168633",505.38465860529,408.653339514546,463.033971582672,514.299141314139,1673.55611503707,514.932194499621
"NM_001271072",1013.07700971563,1269.81549888179,831.645329352408,1034.25880776853,1194.63317101862,997.903080375127
"NM_001106095",431.538498443786,281.073760349029,421.270123165412,429.39126421039,387.51430089615,423.783277312332
"NM_001109112",13.8461550302819,3.9868618489224,12.7107364748185,17.790221869357,14.586485604623,18.9400347402159
"NM_001024972",1202.30779512948,1170.14395265873,1218.41488208617,1259.06252048131,1106.62804120406,997.903080375127
"NM_001107328",126.923087777584,129.573010089978,94.4226138129371,64.691715888571,100.646750671898,89.373288930394
"NM_057188",30.0000025656108,7.97372369784481,21.7898339568316,22.2377773366963,24.3108093410383,26.0425477677969
"NM_001107365",360.00003078733,456.495681701615,276.004563453201,495.700272996175,613.118611580985,557.547272665107
"NM_001012162",1354.61550046258,1423.3096800653,1341.89060784155,1305.55969127622,1221.86127748058,1255.96105371057
"NM_012557",106.153855232161,97.6781152985989,145.265559712211,175.071956123445,177.9551243764,213.667266913061
"NM_013156",39334.6187485259,69491.0020267175,55066.5420479064,12588.6035886916,15210.7871885008,14621.1149433611
"NM_001346427",230.769250504699,177.415352277047,177.950310647458,296.368923414516,288.812414971535,282.324892846344
"NM_001107339",20.7692325454229,19.934309244612,3.63163899280527,21.0248076637856,26.2556740883213,30.7775564528509
"NM_013107",80.7692376766445,63.7897895827585,52.6587653956765,60.2441604212317,79.7394546386055,65.698245505124
"NM_001170334",41.5384650908458,67.7766514316809,52.6587653956765,51.3490494865532,35.9799978247366,28.4100521103239
"NM_001039606",18.4615400403759,23.9211710935344,29.0531119424422,14.5556360749285,19.9348636596514,22.4912912540064
"NM_001013139",456.923115999303,480.41685279515,483.007986043101,420.091830051408,440.025649072793,575.303555234059
"NM_001100512",5907.69281292029,2647.27626768448,2151.74610323712,8790.39121958388,9555.6067195885,7606.79145253923
"NM_080405",18.4615400403759,5.98029277338361,16.3423754676237,18.5988683179641,19.4486474728306,26.6344238534287
"NM_001108415",62.3076976362686,45.8489112626076,70.8169603597028,87.3338164495708,82.6567517595301,104.170191071188
"NM_001014146",325.384643211625,241.205141859805,183.397769136666,322.245609769944,369.038085796961,316.061829727353
"NM_001107359",853.846226867385,970.800860212605,916.988845683332,693.010006456316,742.452117275309,703.148789730517
"NM_001191833",1264.61549276575,1084.42642290689,1105.83407330921,1453.54199137133,1315.70100153699,1223.40786900082
"NM_001015031",431.538498443786,524.272333133296,466.665610575478,377.637891499533,399.183489379848,315.469953641722
"NM_001191821",73.8461601615036,77.7438060539869,67.1853213668976,103.911068646017,114.747020089701,107.721447584978
"NM_001170326",4.61538501009397,3.9868618489224,5.44745848920791,25.0680399068212,55.4286452975673,28.4100521103239
"NM_001107333",909.230846988513,1275.79579165517,808.039675899173,605.271866782442,480.867808765737,683.616878904669
"NM_001039003",816.923146786633,767.470905917563,729.95943755386,875.764103841529,942.286970058643,919.183560986105
"NM_001108404",320.769258201531,251.172296482111,214.266700575511,415.644274584068,415.228623544934,419.640144712909
"NM_001012346",133.846165292725,131.566441014439,103.50171129495,147.982300095106,149.268369353975,142.642136637251
"NM_001107335",1116.92317244274,1345.56587401131,1191.17758964013,1503.67807118497,1291.39019219595,1508.10026618969
"NM_001106100",281.538485615732,442.541665230387,550.193307409999,141.108805281945,90.4362107486623,91.740793272921
"NM_001163168",2.30769250504699,5.98029277338361,3.63163899280527,12.1296967291071,10.6967561100568,4.73500868505398
"NM_001012160",773.07698919074,586.068691791593,561.088224388415,1041.9409490303,989.936156367078,770.030787406904
"NM_001271297",50.7692351110337,45.8489112626076,41.7638484172606,33.9631508414997,53.969996737105,49.7175911930668
"NM_001013137",126.923087777584,137.546733787823,76.2644188489108,61.0528068698388,77.7945898913225,43.7988303367494
"NM_001009703",6221.53899360667,7030.83087057466,5770.67435956758,5216.57823996464,4996.84375195701,5432.83059001382
"NM_001024998",1426.15396811904,1136.25562694289,1109.46571230201,1697.75321885068,1717.31557185094,1780.3632655803
"NM_001013884",1029.23085725096,1070.47240643567,1038.64875194231,816.732913093208,833.374544210792,793.705830832174
"NM_031024",41.5384650908458,35.8817566403016,50.8429458992738,69.5435945802138,84.1154003199924,81.6788998171812
"NM_001107337",2386.15405021858,3281.18730166314,2473.14615410039,3545.9146771423,3011.62306116782,2728.54875476236
"NM_001024795",736.153909109989,649.858481374352,709.985423093431,631.14855313787,607.284017339136,652.839322451818
"NM_001014007",1195.38471761434,1313.67097921993,769.907466474718,1047.60147417055,1088.15182610487,1207.42721468877
"NM_012758",242.307713029934,181.402214125969,219.714159064719,287.473812479837,335.975385093149,465.806479392186
"NM_001108407",1866.92323658301,1337.59215031347,1118.54480978402,1377.93354842656,1488.79396404518,1495.67086839143
"NM_001271143",166.153860363383,121.599286392133,205.187603093498,164.155229067249,175.037827255476,223.729160368801
"NM_024002",646.153901413156,835.247557349244,708.169603597028,557.157403090317,612.146179207344,539.790990096154
"NR_144439",20.7692325454229,17.9408783201508,5.44745848920791,22.2377773366963,6.80702661549071,8.28626519884447
"NR_144438",78.4615451715975,89.7043916007541,83.5276968345213,86.1208467766601,54.9424291107465,88.1895367591305
"NM_001191816",4910.76965073999,5446.053285628,5300.3771099993,4849.8570755213,5560.36831248227,5234.55210132718
"NM_001033674",73.8461601615036,59.8029277338361,83.5276968345213,68.7349481316066,67.5840499680864,69.2495020189145
"NM_001108881",1345.38473044239,1106.35416307597,1403.62847071924,1307.17698417344,1279.23478752543,1618.78109420283
"NM_001107462",1001.53854719039,1054.52495903998,884.304094748084,1473.3538293622,1191.7158738977,1135.81020832732
"NM_012726",323.076950706578,287.054053122413,187.029408129472,474.675465332389,433.704838644123,403.06761431522
"NM_214457",13.8461550302819,13.9540164712284,10.8949169784158,25.8766863554284,18.9624312860098,22.4912912540064
"NM_001105751",595.384666302122,731.589149277261,617.378628776897,710.800228325673,692.858066219591,646.920561595501
"NM_001014144",11310.0009672353,8400.3179156795,8770.40816762474,10186.5193131041,8876.36270659989,8940.88014955319
"NM_001107347",459.23080850435,470.449698172844,414.006845179801,386.937325658515,463.364026040189,472.317116334135
"NM_001271330",4836.92349057848,6295.25485944848,4799.21092899217,4099.02884798958,3696.70166839828,3723.49245470933
"NM_001012052",55.3846201211277,59.8029277338361,76.2644188489108,55.7966049538924,64.180536660341,73.9845107039685
"NM_001107348",1920.00016419909,2210.71489522747,1592.47369834511,2794.68212638627,2359.12093845435,2312.45986656324
"NM_001106128",103.846162727114,67.7766514316809,121.659906258977,109.571593786267,133.22323518889,210.116010399271
"NM_021698",13.8461550302819,7.97372369784481,10.8949169784158,22.6421005609998,8.75189136277378,47.3500868505399
"NM_001014145",133.846165292725,149.50731933459,150.713018201419,97.8462202814636,126.416208573399,111.8645801844
"NM_001271083",11.5384625252349,35.8817566403016,25.4214729496369,20.2161612151784,12.6416208573399,35.5125651379049
"NM_022624",2734.61561848068,3051.9427453501,2162.64102021554,6130.3487268907,7028.74119668098,6295.7859228649
"NM_134414",1303.84626535155,1253.8680514861,1222.04652107897,1117.14506875076,1164.00155124891,1186.11967560602
"NM_001108412",475.384656039679,578.094968093749,575.614780359636,289.495428601355,315.068089059856,275.222379818763
"NM_030985",2293.8463500167,1213.99943299687,1301.94257892069,4016.54691023165,4034.62191823871,5162.34321888011
"NM_001106110",13.8461550302819,33.8883257158404,47.2113069064686,75.6084429447673,90.4362107486623,55.6363520493843
"NM_001024273",6.92307751514096,11.9605855467672,23.6056534532343,17.3858986450534,4.86216186820765,7.10251302758098
"NM_001014009",55.3846201211277,57.8094968093749,67.1853213668976,59.8398371969281,58.3459424184918,67.4738737620193
"NM_001191692",57.6923126261747,91.6978225252153,94.4226138129371,92.5900183655172,89.4637783750208,78.7195193890225
"NM_001191940",4.61538501009397,15.9474473956896,7.26327798561055,12.9383431777142,8.26567517595301,22.4912912540064
"NM_001107355",1382.30781052314,1423.3096800653,1345.52224683435,1652.06469450438,1718.28800422458,1720.58378093149
"NM_001271295",43.8461575958927,27.9080329424568,19.974014460429,13.3426664020178,22.3659445937552,7.69438911321273
"NM_053421",918.461617008701,811.326386255709,690.011408633002,1192.34918847122,1158.65317319388,1084.31698887736
"NM_001012161",990.000084665157,1080.43956105797,1125.80808776963,916.60074949619,876.64778483784,825.075263370657
"NM_001107357",1276.15395529098,996.715462230601,1093.12333683439,1534.81095945635,1477.61099174831,1434.70763157136
"NM_001107358",43.8461575958927,81.7306679029093,72.6327798561055,29.9199185984641,46.1905377479727,19.5319108258477
"NM_001108416",1193.07702510929,663.81249784558,1009.59563999987,2706.94398671239,1991.05528503103,2295.29546007992
"NM_001309462",491.538503575008,572.114675320365,510.245278489141,656.216593044692,782.808060781432,568.201042206478
"NM_001100575",71.5384676564566,61.7963586582973,39.948028920858,55.3922817295889,37.4386463851989,27.2262999390604
"NM_001270417",1276.15395529098,1351.54616678469,1530.73583546742,1471.73653646499,1546.65369027685,1360.72312086739
"NM_053518",1026.92316474591,855.181866593856,532.035112445973,1797.21673202936,1063.84101676383,920.367313157368
"NM_030864",904.615461978419,944.88625819461,1100.38661482,943.286082300225,535.810237876483,638.634296396656
"NM_001107361",3223.84642955064,3392.81943343297,2921.65356971184,3882.71592298717,4589.88080358802,3269.52349702978
"NM_053689",83.0769301816915,225.257694464116,245.135632014356,113.614826029303,168.717016826806,61.5551129057018
"NM_001107360",438.461575958927,649.858481374352,475.744708057491,565.648190800692,510.526996161804,479.419629361716
"NM_001107362",480.000041049773,572.114675320365,463.033971582672,624.679381549013,691.399417659128,531.50472489731
"NM_001107363",1920.00016419909,2101.07619438211,2286.11674597092,1388.44595225845,1390.57829430739,1571.43100735229
"NM_138547",49043.0811172586,45189.085626611,28009.0157320107,31747.8638955405,24446.9498733481,37520.2088203678
"NM_001013057",526.153891150713,402.673046741163,800.776397913563,1594.65079665327,1093.5002041599,1575.57413995171
"NM_001276721",2.30769250504699,11.9605855467672,9.07909748201318,12.9383431777142,12.6416208573399,10.6537695413715
"NM_057135",32.3076950706578,59.8029277338361,96.2384333093398,32.750181168589,47.1629701216142,56.8201042206478
"NM_017276",7278.46216091819,7385.66157512875,7477.54468618606,6265.3926838081,6883.8487730084,6450.26558121479
"NM_001107364",62.3076976362686,89.7043916007541,88.9751553237292,149.195269768017,92.8672916827662,110.680828013137
"NM_001271342",145.38462781796,225.257694464116,201.555964100693,209.439430189248,209.072960332929,165.725303976889
"NM_001170343",510.000043615384,486.397145568533,517.508556474751,570.095746268031,577.138613756248,614.367376885755
"NM_001108421",228.461557999652,215.29053984181,190.661047122277,279.387347993766,201.779717530618,253.91484073602
"NM_001106120",717.692369069613,988.741738532756,826.1978708632,780.343822905887,741.965901088488,671.779357192034
"NM_001191834",69.2307751514096,65.7832205072197,96.2384333093398,63.8830694399638,83.6291841331716,55.0444759637526
"NM_001004257",431.538498443786,408.653339514546,388.585372230164,435.456112574943,421.549433973604,365.77942092042
"NM_001173972",85.3846226867385,95.6846843741377,103.50171129495,121.701290515374,89.9499945618416,96.475801957975
"NM_001106122",1290.00011032127,1399.38850897176,871.593358273266,1745.0590360942,1934.65420735983,1902.88161530607
"NM_001109404",1142.30778999826,1088.41328475582,1162.12447769769,812.689680850173,755.093738132649,876.568482820619
"NM_001031643",99.2307777170204,101.664977147521,112.580808776963,91.78137191691,128.361073320682,99.4351823861337
"NM_213624",11.5384625252349,15.9474473956896,10.8949169784158,14.959959299232,11.1829722968776,29.0019281959557
"NM_053851",57.6923126261747,57.8094968093749,34.5005704316501,122.509936963981,136.140532309814,168.092808319416
"NM_001106123",2614.61560821824,2230.64920447208,1695.97540964006,3101.15913040837,3397.19249731669,3254.72659488898
"NM_001108422",41.5384650908458,47.8423421870688,45.3954874100659,44.071231449089,42.7870244402273,44.3907064223811
"NM_053926",110.769240242255,167.448197654741,174.318671654653,153.238502011052,204.210798464721,180.522206117683
"NM_001106127",136.153857797772,358.817566403016,299.610216906435,126.95749243132,148.782153167154,148.560897493569
"NM_001191693",1059.23085981657,1062.49868273782,1094.93915633079,1196.39242071426,1155.24965988614,981.330549977438
"NM_024397",406.15388088827,478.423421870688,464.849791079075,396.641083041801,408.421596929443,424.967029483595
"NM_001107369",39.2307725857988,43.8554803381464,83.5276968345213,173.454663226231,46.6767539347935,113.048332355664
"NM_001108879",690.000059009049,617.963586582973,526.587653956765,472.653849210871,557.689966283418,607.264863858174
"NM_001106097",378.461570827706,466.462836323921,394.032830719372,280.600317666677,325.278628983092,314.87807755609
"NM_001108403",3666.92339051966,4377.5743101168,4430.59957122243,2524.18988932718,2257.98797159563,2450.95887060107
"NM_017070",3844.61571340828,3217.39751208038,3001.54962755356,11536.1502358294,4519.37945649901,22816.2312250183
"NM_001082574",503.076966100243,494.370869266378,475.744708057491,475.079788556693,564.496992898909,462.255222878395
"NM_001139491",226.153865494605,221.270832615193,119.844086762574,167.389814861677,148.295936980333,147.377145322305
"NM_001346428",216.923095474417,141.533595636745,161.607935179835,239.763672012016,249.915120025873,261.609229849233
"NM_001107334",1532.3078233512,1373.47390695377,1280.15274496386,1922.15260833916,1882.14285918318,1721.17565701712
"NM_001025752",493.846196080055,456.495681701615,548.377487913596,382.894093415479,349.58943832413,432.661418596808
"NM_001109114",431.538498443786,245.192003708728,350.453162805709,391.384881125854,333.544304159045,335.593740553201
"NM_001106098",1596.92321349251,1792.09440109062,1187.54595064732,848.67444781319,880.051298145585,865.322837193616
"NM_001079940",600.000051312216,580.08839901821,575.614780359636,559.987665660442,564.010776712088,478.235877190452
"NM_001012051",96.9230852119734,143.527026561207,185.213588633069,213.886985656588,92.3810754959454,138.499004037829
"NM_053566",357.692338282283,352.837273629633,301.426036402838,454.054980892907,329.168358477658,443.315188138179
"NM_012558",7834.61605463452,5988.26649708145,5176.90138424392,14220.4521219808,13151.1754211281,14800.4533973075
"NM_001109115",145.38462781796,143.527026561207,78.0802383453134,208.226460516338,217.824851695703,178.746577860788
"NM_181626",1779.23092139123,1806.04841756185,1447.2081386329,1670.25923959804,1997.3760954597,2031.91060197379
"NM_133324",1193.07702510929,1120.3081795472,1374.5753587768,1005.14753561867,1081.8310156762,894.916641475203
"NR_031795",9.23077002018795,7.97372369784481,12.7107364748185,6.06484836455353,17.9899989123683,11.837521712635
"NM_001173436",2330.76943009746,2128.98422732456,1906.61047122277,1679.15435053272,2093.64690045022,2054.4018932278
"NM_057141",3062.30795419735,4411.46263583264,3580.796046906,4078.40836355009,4139.15839840518,3616.95475929561
"NM_053747",5199.23121387086,5290.56567352003,4911.79173776913,5056.87056636473,5019.20969655076,4083.94499085906
"NM_001037362",221.538480484511,358.817566403016,259.662187985577,203.778905048998,246.997822904949,198.870364772267
"NM_021692",364.615415797424,512.311747586529,430.349220647425,359.847669630176,384.110787588405,355.717527464681
"NM_053802",5817.69280522345,4214.11297431098,4483.25833661811,8077.56937513669,8762.58811888383,9139.75051432545
"NM_001108405",3867.69263845875,3709.7749504223,3491.82089158227,3752.92816798572,3991.83489379848,4160.88888199119
"NM_001291408",27.6923100605638,53.8226349604525,38.1322094244554,40.8366456546604,46.6767539347935,45.5744585936446
"NM_001025029",78.4615451715975,79.7372369784481,114.396628273366,67.9263016829995,71.4737794626525,113.640208441296
"NM_017182",2293.8463500167,1991.43749353674,2050.06021143858,2420.27882068116,2211.79743384766,2186.98213640931
"NM_139098",2351.53866264288,2621.36166566648,2511.27836352485,2240.35498586607,1837.89718618249,1906.43287181986
"NM_001031661",360.00003078733,374.765013798706,341.374065323696,340.844478087908,309.233494818007,382.351951318109
"NM_053334",343.846183252001,352.837273629633,364.97971877693,310.520236265141,318.471602367601,245.628575537175
"NM_001108046",791.538529231116,727.602287428339,769.907466474718,574.138978511067,641.80536660341,629.75615511218
"NM_001170408",1061.53855232161,994.72203130614,993.253264532242,1162.83359309706,1259.7861400526,1324.02680355822
"NM_173125",99.2307777170204,75.7503751295257,159.792115683432,208.226460516338,165.31350351906,158.030914863677
"NM_001107336",20.7692325454229,17.9408783201508,45.3954874100659,56.200928178196,35.4937816379159,25.4506716821652
"NM_001014006",16149.2321503188,10884.1328475582,9451.34047877572,24378.6688093837,23838.2072074485,26731.4915314723
"NM_053764",11.5384625252349,33.8883257158404,34.5005704316501,33.5588276171962,31.117835956529,40.8394499085906
"NM_001115024",5379.23122926453,4800.18166610257,4450.57358568286,5731.28170450308,5612.39344447209,5938.29276714333
"NM_145773",11.5384625252349,7.97372369784481,18.1581949640264,46.9014940192139,15.5589179782645,42.6150781654859
"NM_001015023",1140.00009749321,1010.66947870183,1285.60020345307,796.51675187803,827.053733782122,842.239669853978
"NM_001009636",6083.07744330386,5633.43579252736,5614.51388287695,5229.11225991805,4959.89132175863,5344.64105325469
"NM_001107338",290.76925563592,326.922671611637,256.030548992772,288.686782152748,306.316197697082,317.245581898617
"NM_001109904",1089.23086238218,1122.30161047166,975.095069568216,2185.77135058509,1919.58150556838,2002.3167976922
"NM_022179",223.846172989558,113.625562694289,404.927747697788,194.88379411432,150.240801727616,304.224308014719
"NM_022206",6.92307751514096,1.9934309244612,7.26327798561055,6.46917158885709,7.77945898913225,1.1837521712635
"NM_053835",2037.69248195649,1851.89732882446,1777.68728697818,1171.72870403174,982.156697377946,945.226108753902
"NM_001047095",1114.61547993769,1122.30161047166,1227.49397956818,594.759462950549,546.020777799719,565.241661778319
"NM_001106102",736.153909109989,711.654840032649,639.168462733728,479.527344024032,524.141049392785,543.342246609945
"NM_207165",20.7692325454229,43.8554803381464,25.4214729496369,9.70375738328564,14.586485604623,18.3481586545842
"NM_001017445",1216.15395015976,1421.31624914084,1265.62618899264,1151.10821959226,1146.49776852336,1100.29764318942
"NM_001106059",655.384671433344,707.667978183727,633.72100424452,649.343098231531,612.632395394164,701.373161473622
"NM_053878",18.4615400403759,17.9408783201508,30.8689314388448,26.6853328040355,27.2281064619629,22.4912912540064
"NM_001012213",2764.61562104629,3669.90633193307,2658.35974273346,2339.81849904475,2298.83013128858,2958.19667598748
"NM_001108406",1089.23086238218,1128.28190324504,1016.85891798548,872.125194822797,851.850759309981,796.665211260333
"NM_053727",1924.61554920919,709.661409108188,1390.91773424442,2038.19337371429,2204.01797485853,1931.29166741639
"NM_001077640",1262.3078002607,442.541665230387,804.408036906368,2943.47307292998,1036.12669411505,628.572402940917
"NM_001170563",69.2307751514096,105.651838996444,161.607935179835,103.10242219741,100.646750671898,146.193393151042
"NM_001126083",136.153857797772,119.605855467672,196.108505611485,255.532277759855,216.366203135241,307.775564528509
"NM_001024796",140.769242807866,115.61899361875,143.449740215808,122.509936963981,115.233236276521,94.108297615448
"NM_001082409",57.6923126261747,71.7635132806033,127.107364748185,51.3490494865532,29.1729712092459,56.8201042206478
"NM_001100572",3438.46183252001,3251.28583779622,4328.91367942389,1781.04380305722,1744.54367831291,1359.53936869613
"NM_001108408",537.692353675948,717.635132806033,820.750412373992,362.677932200301,335.975385093149,287.65177761703
"NM_031817",286.153870625826,253.165727406573,127.107364748185,386.533002434211,499.344023864926,188.216595230896
"NM_001106103",346.153875757048,215.29053984181,230.609076043135,502.978091033639,549.910507294286,601.346103001856
"NM_001014008",27.6923100605638,11.9605855467672,36.3163899280527,50.5404030379461,54.9424291107465,49.1257151074351
"NM_001008556",138.461550302819,181.402214125969,161.607935179835,152.429855562445,168.717016826806,105.353943242451
"NM_001108409",32.3076950706578,85.7175297518317,50.8429458992738,58.2225442997139,56.4010776712088,59.1876085631748
"NM_001134572",117.692317757396,187.382506899353,219.714159064719,73.1825035989459,66.6116175944449,77.535767217759
"NM_012867",4073.07727140793,4088.52682606992,5309.45620748131,3657.10356382578,3653.42842777123,3836.54078706499
"NM_001107342",1050.00008979638,1058.5118208889,995.069084028645,977.249233141725,1050.22696353285,1019.8024955435
"NM_001106104",85.3846226867385,99.6715462230601,94.4226138129371,196.501087011534,123.985127639295,156.847162692413
"NM_175582",671.538518968673,328.916102536098,492.087083525115,1898.70186132956,2025.09041810849,1835.40774154405
"NM_001079531",1017.69239472572,1034.59064979536,833.46114884881,959.054688048064,1058.00642252199,1055.31506068141
"NM_001107343",867.692381897667,817.306679029093,833.46114884881,853.526326504833,843.585084134028,699.005657131094
"NM_001004255",1661.53860363383,1491.08633149698,1757.71327251775,2095.6072715654,1751.3507049284,1630.61861591547
"NM_199236",71.5384676564566,49.83577311153,76.2644188489108,89.7597557953922,52.5113481766427,62.1469889913336
"NM_001305175",3535.38491773198,3592.16252587909,2727.36088359676,2801.95994442373,3174.9916999396,2390.58750986663
"NM_001100470",1493.0770507654,1831.96301957984,1939.29522215802,1478.61003127815,1471.29018131964,1132.25895181353
"NM_001107344",120.000010262443,143.527026561207,76.2644188489108,192.457854768499,174.551611068655,223.137284283169
"NM_001108410",85.3846226867385,67.7766514316809,121.659906258977,89.7597557953922,88.4913460013793,95.8839258723432
"NM_001305178",168.46155286843,181.402214125969,203.371783597095,242.189611357837,194.972690915127,176.970949603893
"NM_001004256",752.307756645318,779.43149146433,802.592217409965,636.404755053817,919.434809278067,865.914713279248
"NM_001108411",320.769258201531,394.699323043318,341.374065323696,274.535469302123,311.17835956529,311.3268210423
"NM_012548",9.23077002018795,15.9474473956896,25.4214729496369,15.3642825235356,37.4386463851989,22.4912912540064
"NM_001177820",6.92307751514096,9.96715462230601,7.26327798561055,0.808646448607137,2.43108093410383,3.55125651379049
"NM_001008774",83.0769301816915,83.7240988273705,45.3954874100659,92.5900183655172,72.9324280231148,61.5551129057018
"NM_001011922",1144.61548250331,863.1555902917,842.540246330823,1206.50050132185,1018.13669520268,755.233885266111
"NM_001135576",64.6153901413156,71.7635132806033,88.9751553237292,84.9078771037494,82.1705355727093,105.353943242451
"NM_001109118",1389.23088803829,1305.69725552209,1071.33350287756,2843.20091330269,3386.49574120663,2678.83116356929
"NM_134395",34.6153875757048,15.9474473956896,12.7107364748185,18.1945450936606,12.1554046705191,13.0212738838985
"NM_001135169",53.0769276160807,25.9146020179956,30.8689314388448,20.2161612151784,19.4486474728306,15.3887782264255
"NM_001145021",60.0000051312216,97.6781152985989,32.6847509352475,57.4138978511067,12.1554046705191,29.5938042815874
"NM_001037356",295.384640646014,448.52195800377,452.139054604257,215.908601778106,197.889988036052,133.172119267143
"NM_001001511",85.3846226867385,145.520457485668,54.4745848920791,120.08399761816,127.874857133861,88.1895367591305
"NM_001106106",570.000048746606,703.681116334804,726.327798561055,332.353690377533,423.494298720887,272.262999390604
"NM_001106107",318.461565696484,384.732168421012,315.952592374059,341.653124536515,295.133225400205,290.019281959557
"NM_001100511",410.769265898364,516.298609435451,535.666751438778,388.958941780033,433.704838644123,305.999936271614
"NM_001008891",5734.61587504176,6871.35639661776,6170.15464877616,5054.84895024321,4865.5653815154,4603.61219404374
"NM_001013055",212.307710464323,275.093467575646,305.057675395643,163.750905842945,174.551611068655,144.417764894147
"NM_001006966",4684.61578524538,4020.75017463824,2836.31005338092,5908.77959997235,5765.06532713382,5852.47073472673
"NM_001013885",23.0769250504699,23.9211710935344,9.07909748201318,32.3458579442855,8.26567517595301,30.7775564528509
"NM_001009275",7410.00063370587,6133.78695456712,4123.72607633039,9835.56675440861,9161.77160826368,10829.5567388041
"NM_001011923",1848.46169654264,2198.75430968071,1948.37431964003,2055.98359558365,1803.86205310504,1662.57992453958
"NM_001025719",1105.38470991751,641.884757676507,875.224997266071,1125.63585646113,1412.94423890114,1234.65351462783
"NM_001129879",482.30773355482,717.635132806033,586.509697338052,295.560276965909,251.859984773156,321.388714498039
"NM_001013886",6.92307751514096,3.9868618489224,9.07909748201318,21.4291308880891,39.8697273193028,37.8800694804319
"NM_001037206",2178.46172476436,988.741738532756,1260.17873050343,1614.86695786845,2577.43200633688,1812.32457420441
"NM_001107350",953.077004584405,1024.62349517306,987.805806043034,1074.69113019888,1169.83614549076,1126.93206704285
"NM_001109119",3346.15413231813,1857.87762159784,3631.63899280527,4845.40952005396,4745.46998337067,4456.82692480706
"NM_199085",233.076943009746,199.34309244612,246.951451510759,287.878135704141,262.556740883213,289.427405873925
"NM_001004214",1220.76933516986,873.122744914006,786.249841942342,1405.83185090351,1475.1799108142,1485.60897493569
"NM_001012214",85.3846226867385,59.8029277338361,76.2644188489108,83.2905842065351,69.0426985285487,133.172119267143
"NM_001007732",1116.92317244274,675.773083392347,1189.36177014373,940.860142954404,859.630218299113,1189.67093211981
"NM_172332",401.538495878176,438.554803381464,535.666751438778,487.2094852858,415.714839731754,404.843242572116
"NM_001031642",64.6153901413156,29.901463866918,99.870072302145,59.8398371969281,100.160534485078,54.4525998781208
"NM_001106108",34.6153875757048,45.8489112626076,45.3954874100659,21.0248076637856,18.4762150991891,26.0425477677969
"NM_001008888",4883.07734067942,4479.23928726432,3914.90683424409,4891.50236762457,5172.85401158612,5080.07244297729
"NM_001109120",216.923095474417,157.481043032435,221.529978561122,217.121571451016,197.403771849231,152.704030092991
"NM_001137626",272.307715595544,221.270832615193,241.503993021551,246.637166825177,266.9326865646,203.01349737169
"NM_001271205",180.000015393665,267.119743877801,439.428318129438,218.738864348231,234.356202047609,268.711742876814
"NM_024001",440.769268463974,502.344592964223,363.163899280527,360.25199285448,423.008082534066,381.168199146846
"NM_022851",2713.84638593526,1339.58558123793,1261.99454999983,4464.94136598431,5215.64103602635,4532.58706376793
"NM_001034947",775.384681695787,841.227850122627,771.723285971121,651.769037577352,814.898329111603,869.465969793038
"NM_001106111",223.846172989558,137.546733787823,159.792115683432,244.615550703659,362.23105918147,340.328749238255
"NM_001106112",60.0000051312216,63.7897895827585,105.317530791353,101.889452524499,77.7945898913225,54.4525998781208
"NM_001305277",1823.07707898712,2368.19593825991,2200.77322964,2927.30014395784,2991.20198132135,2750.44816993073
"NM_133554",394.615418363035,450.515388928232,650.063379712144,430.199910658997,607.284017339136,580.630440004745
"NM_001271214",1587.69244347233,1084.42642290689,1343.70642733795,1708.66994590688,1744.05746212609,1966.8042325543
"NM_053301",276.923100605638,143.527026561207,108.949169784158,138.682865936124,149.754585540796,164.541551805626
"NM_001107352",3069.23103171249,1682.45570024525,1921.13702719399,2443.72956769077,2585.21146532601,2243.21036454433
"NM_001106113",34.6153875757048,15.9474473956896,32.6847509352475,27.4939792526427,29.1729712092459,30.1856803672192
"NM_153622",7119.23137806995,6626.16439290904,10426.4355483439,4255.50193579506,3870.28084709329,4626.10348529774
"NM_001107353",1980.00016933031,1114.32788677381,1029.5696544603,5176.95456398289,4633.64026040189,4663.98355477817
"NM_001025674",343.846183252001,316.955516989331,319.584231366864,292.32569117148,314.095656686214,275.222379818763
"NM_001135084",196.153862928994,225.257694464116,190.661047122277,207.417814067731,195.945123288768,251.547336393493
"NM_022686",590.769281292028,265.12631295334,283.267841438811,668.750612998102,620.898070570117,719.129444042574
"NM_001100574",251.538483050122,279.080329424568,221.529978561122,302.433771779069,165.799719705881,323.756218840566
"NR_128670",166.153860363383,139.540164712284,134.370642733795,122.914260188285,119.122965771088,171.644064833207
"NM_001012053",556.153893716324,578.094968093749,435.796679136633,746.380672064387,705.985903263751,741.028859210949
"NM_001134974",1200.00010262443,1443.24398930991,1619.71099079115,843.01392267294,943.259402432285,722.680700556365
"NM_001008298",666.923133958579,737.569442050645,659.142477194157,470.632233089354,521.22375227186,453.377081593919
"NM_001107356",1218.46164266481,1622.65277251142,1779.50310647458,730.207743092245,756.06617050629,684.208754990301
"NM_031093",583.846203776888,462.475974474999,742.670174028679,412.814012013943,378.762409533376,372.881933948001
"NM_001109452",311.538488181343,326.922671611637,301.426036402838,274.131146077819,314.095656686214,256.874221164179
"NM_017128",159.230782848242,51.8292040359912,70.8169603597028,895.575941832404,638.401853295665,738.06947878279
"NM_017279",1689.23091369439,1752.2257826014,1510.76182100699,1374.29463940783,1357.51559360358,1300.35176013295
"NM_001014010",625.384668867733,897.043916007541,655.510838201352,623.466411876103,853.309407870443,642.185552910447
"NM_001106116",653.076978928297,721.621994654955,715.432881582639,582.629766221442,626.246448625146,613.183624714491
"NM_001007626",316.153873191437,269.113174802262,319.584231366864,321.032640097033,302.426468202516,308.367440614141
"NM_001144851",750.000064140271,811.326386255709,608.299531294883,543.006090239692,591.725099360871,544.525998781208
"NM_057202",1232.30779769509,1227.9534494681,1240.204716043,1096.92890753558,1041.47507217008,888.406004533254
"NM_001308265",542.307738686042,631.917603054201,571.983141366831,621.040472530281,634.99833998792,568.201042206478
"NM_053847",83.0769301816915,85.7175297518317,92.6067943165345,93.3986648141243,81.6843193858886,76.3520150464955
"NM_139082",115.384625252349,113.625562694289,154.344657194224,157.686057478392,168.717016826806,133.763995352775
"NM_001108417",2102.3078720978,1969.50975336767,1608.81607381274,1766.08384375799,1791.70664843452,1305.67864490364
"NM_001012468",1280.76934030108,1485.1060387236,1154.86119971208,1674.70679506538,1559.78152732102,1532.95906178623
"NM_001044251",927.692387028889,649.858481374352,571.983141366831,1638.72202810236,1390.09207812057,1634.76174851489
"NM_001191893",1292.30780282631,1802.06155571293,1467.18215309333,1443.83823398804,1437.25504824218,1048.21254765383
"NM_001105978",131.538472787678,213.297108917349,152.528837697822,105.124038318928,99.6743182982569,106.537695413715
"NM_053862",4929.23119078036,3588.17566403016,3370.16098532329,4801.74261182918,3763.79950217954,3686.20426131453
"NM_001108418",1338.46165292725,1582.78415402219,1913.87374920838,783.982731924619,894.151567563388,488.889646731824
"NM_001170325",126.923087777584,79.7372369784481,141.633920719406,71.5652107017316,37.9248625720197,40.2475738229589
"NM_053539",3985.38495621615,829.26726457586,1149.41374122287,6511.22120418467,4212.09082642829,1522.30529224486
"NM_206847",71.5384676564566,71.7635132806033,98.0542528057424,67.1176552343924,89.9499945618416,74.5763867896003
"NM_031642",2695.38484589488,2585.47990902618,4109.19952035917,767.809802952477,2897.84847345176,604.897359515647
"NM_001164396",452.307730989209,219.277401690732,119.844086762574,433.434496453425,353.965384005517,588.324829117958
"NM_001008342",2533.84637054159,2037.28640479935,1826.71441338105,1999.37834418115,2151.50662668189,2543.88341604525
"NM_001135744",6.92307751514096,33.8883257158404,12.7107364748185,44.4755546733925,78.2808060781432,75.7601389608638
"NM_001170342",916.153924503654,709.661409108188,1541.63075244584,1534.40663623204,1658.48341324563,1813.50832637568
"NM_001033697",826.153916806821,293.034345895797,332.294967841683,2348.71360997943,1302.57316449283,2443.85635757349
"NM_001100576",258.461560565262,301.008069593641,602.852072805675,199.735672805963,227.549175432118,233.199177738909
"NM_138510",267.69233058545,37.8751875647628,43.5796679136633,309.30726659223,282.491604542865,337.369368810096
"NM_001014240",9256.15463774346,3917.09176656626,2859.91570683415,14375.7122401134,16009.6403834473,13210.6742313006
"NM_001109900",221.538480484511,338.883257158404,216.082520071914,257.958217105677,324.30619660945,289.427405873925
"NM_001039023",5653.84663736512,3404.78001897973,5532.80200553883,3279.86999555055,2963.97387485939,2864.08837837203
"NM_001108420",754.615449150364,695.707392636959,659.142477194157,644.895542764192,658.336716955316,507.237805386408
"NM_001106119",1518.46166832092,1477.13231502575,1543.44657194224,1465.67168810044,1503.86666583663,1560.18536172529
"NM_001033698",53.0769276160807,77.7438060539869,65.3695018704949,63.8830694399638,47.1629701216142,57.4119803062796
"NM_013163",2.30769250504699,1.9934309244612,3.63163899280527,6.87349481316066,13.6140532309814,7.69438911321273
"NM_001013058",763.846219170552,877.109606762929,895.1990117265,679.667340054299,734.186442099356,623.837394255862
"NM_053825",5870.76973283953,5428.11240730785,4980.79287863243,6018.35119375862,6888.7109348766,7350.50910746068
"NM_001109529",196.153862928994,209.310247068426,150.713018201419,210.652399862159,210.531608893391,190.584099573423
"NM_001025720",7871.53913471527,4943.70869266378,3651.6130072657,12796.4257259836,15309.4890744254,14786.2483712523
"NM_053877",971.538544624781,1096.38700845366,1024.12219597109,887.085154122029,909.710485541652,907.937915359102
"NM_001007733",574.6154337567,665.805928770041,713.617062086236,447.58580930405,385.569436148867,477.052125019189
"NM_145081",4050.00034635746,4929.75467619255,3998.43453107861,5432.48684174275,5667.33587358284,4865.22142389297
"NM_001106121",2.30769250504699,1.9934309244612,3.63163899280527,10.5124038318928,12.6416208573399,3.55125651379049
"NM_001107366",69.2307751514096,109.638700845366,79.896057841716,205.396197946213,215.87998694842,109.497075841873
"NM_001104630",1587.69244347233,1483.11260779913,1276.52110597105,2162.32060357548,2046.97014651542,1785.69015035098
"NM_053674",6507.6928642325,6281.30084297725,2807.25694143848,23102.2203902573,25334.294414296,12566.7130501333
"NM_138523",1100.76932490741,1295.73010089978,1078.59678086317,906.088345664297,1092.04155559944,1144.09647352617
"NM_001025034",1520.76936082596,1395.40164712284,1463.55051410053,2121.48395792082,2314.87526545366,2045.52375194332
"NM_001108883",50.7692351110337,29.901463866918,43.5796679136633,48.5187869164282,40.8421596929443,34.3288129666414
"NM_147145",152.307705333101,191.369368748275,165.23957417264,170.624400656106,172.606746321372,172.82781700447
"NM_207590",83.0769301816915,73.7569442050645,156.160476690627,82.0776145336244,62.235671913058,55.0444759637526
"NM_001033063",122.30770276749,227.251125388577,279.636202446006,98.2505435057671,171.148097760909,96.475801957975
"NM_022224",468.461578524538,594.042415489438,944.226138129371,262.001449348712,270.336199872346,182.297834374578
"NM_031140",976.153929634875,749.530027597412,1207.51996510775,1379.95516454808,1492.19747735293,1518.16215964543
"NM_001101001",66.9230826463626,83.7240988273705,88.9751553237292,105.124038318928,113.288371529238,87.5976606734987
"NM_001109121",646.153901413156,739.562872975106,808.039675899173,597.994048744978,682.161310109534,513.156566242726
"NM_001107367",60.0000051312216,53.8226349604525,72.6327798561055,71.9695339260352,62.7218880998787,79.3113954746542
"NM_198732",1340.7693454323,1566.8367066265,1409.07592920845,1304.34672160331,1314.72856916335,1248.26666459736
"NM_001107368",396.923110868082,334.896395309482,306.873494892046,467.801970519229,434.191054830943,422.007649055436
"NM_001031660",810.000069271492,562.147520698059,653.695018704949,790.451903513476,812.95346436432,951.144869610219
"NM_001025035",276.923100605638,263.132882028879,401.296108704983,175.071956123445,171.148097760909,126.661482325194
"NM_001100577",71.5384676564566,77.7438060539869,101.685891798548,120.488320842463,84.1154003199924,157.439038778045
"NM_001077635",510.000043615384,600.022708262822,479.376347050296,665.920350427977,592.211315547692,545.11787486684
"NM_053682",3673.8464680348,4267.93560927143,3709.71923115059,3320.3023179809,3589.73410729771,3293.19854045505
"NM_001107378",450.000038484162,412.640201363469,410.375206186996,638.426371175335,368.55186961014,575.303555234059
"NM_001025721",48.4615426059867,33.8883257158404,69.0011408633002,72.7781803746423,98.7018859246154,62.7388650769653
"NM_001100516",32.3076950706578,45.8489112626076,32.6847509352475,16.9815754207499,20.4210798464721,20.1237869114794
"NM_001106160",2023.84632692621,1923.66084210506,1563.42058640267,1859.07818534781,1998.34852783335,1718.8081526746
"NM_001013887",131.538472787678,151.500750259051,136.186462230198,180.328158039392,126.416208573399,156.255286606782
"NM_001107387",85.3846226867385,87.7109606762929,118.028267266171,117.658058272338,98.7018859246154,115.415836698191
"NM_001107379",9.23077002018795,5.98029277338361,9.07909748201318,12.5340199534106,11.6691884836984,16.5725303976889
"NM_001106140",703.846214039331,936.912534496765,700.906325611418,968.354122207046,783.294276968253,762.928274379323
"NM_001134864",2683.84638336965,3237.33182132499,2972.49651561112,2132.40068497702,2177.76230077021,2071.56629971112
"NM_001170436",122.30770276749,119.605855467672,96.2384333093398,162.537936170035,156.561612156286,143.234012722883
"NM_183331",590.769281292028,602.016139187283,521.140195467557,657.429562717602,618.953205822834,578.262935662218
"NM_001126299",456.923115999303,530.25262590668,544.745848920791,556.753079866014,595.128612668617,599.570474744961
"NM_031098",1456.15397068465,1732.29147335678,1438.12904115089,1797.21673202936,1499.97693634206,1391.50067732024
"NM_001008301",1560.00013341176,1786.11410831724,1848.50424733788,1269.97924753751,1270.96911234948,905.570411016575
"NM_001134417",775.384681695787,805.346093482326,1062.25440539554,589.098937810299,549.910507294286,461.071470707132
"NM_001107403",36.9230800807518,37.8751875647628,27.2372924460396,19.4075147665713,20.4210798464721,26.0425477677969
"NM_001100900",1181.53856258406,1000.70232407952,1074.96514187036,1146.25634090062,1349.24991842762,1171.32277346523
"NM_001170470",34.6153875757048,17.9408783201508,21.7898339568316,91.78137191691,117.178101023804,95.2920497867114
"NM_031333",4975.3850408813,4395.51518843695,4210.88541215772,6795.05610764577,6953.37768772377,6797.69684348063
"NM_001033688",4218.46189922589,5166.97295620344,3566.26949093478,2417.85288133534,1974.03771849231,2215.98406460526
"NM_031740",193.846170423947,219.277401690732,256.030548992772,217.930217899623,245.052958157666,217.218523426852
"NM_001034145",1504.61551329064,2009.37837185689,1683.26467316524,1515.40344468977,1361.89153928496,1374.92814692255
"NM_001134607",66.9230826463626,53.8226349604525,63.5536823740923,54.5836352809817,48.6216186820765,43.2069542511176
"NM_022958",623.076976362686,651.851912298813,588.325516834454,741.124470148441,723.489685989299,775.949548263222
"NM_001107398",1033.84624226105,1132.26876509396,1016.85891798548,1183.45407753654,1318.13208247109,1128.70769529974
"NM_138503",103.846162727114,135.553302863362,90.7909748201318,114.019149253606,84.6016165068132,100.618934557397
"NM_001034918",413.076958403411,558.160658849137,550.193307409999,450.011748649872,382.652139027942,391.821968688217
"NM_001012163",1885.38477662339,1184.09796912995,1530.73583546742,2053.55765623782,1548.59855502414,1589.18728992124
"NM_001107397",11.5384625252349,15.9474473956896,5.44745848920791,12.9383431777142,10.6967561100568,9.47001737010797
"NM_012499",1170.00010005882,1291.74323905086,1076.78096136676,1419.17451730553,1167.40506455666,1087.27636930552
"NM_199376",1530.00013084615,1323.63813384224,1214.78324309336,1223.07775351829,1437.741264429,1447.72890545526
"NM_001007145",3856.15417593351,4357.64000087219,4746.55216359649,3236.20308732576,3377.74384984386,3505.68205519684
"NM_001008344",3223.84642955064,4622.76631382553,3991.171253093,3210.73072419464,3521.6638411428,2933.33788039094
"NM_001136151",4.61538501009397,1.9934309244612,1.81581949640264,4.85187869164282,6.80702661549071,5.91876085631748
"NM_001204053",1693.84629870449,2248.59008279224,1859.3991643163,1812.5810145529,1921.52637031566,1750.17758521308
"NM_001014012",960.000082099546,1090.40671568028,1029.5696544603,744.763379167173,828.512382342584,873.60910239246
"NM_001037135",4.61538501009397,13.9540164712284,7.26327798561055,14.5556360749285,16.0451341650853,9.47001737010797
"NM_001014773",11.5384625252349,3.9868618489224,5.44745848920791,7.6821412617678,6.80702661549071,9.47001737010797
"NM_001012215",23.0769250504699,23.9211710935344,32.6847509352475,23.0464237853034,15.5589179782645,30.7775564528509
"NM_001037159",32.3076950706578,7.97372369784481,27.2372924460396,25.8766863554284,23.3383769673967,27.2262999390604
"NM_001107393",4391.53883710442,4443.35753062402,3706.08759215778,4545.40168762072,5412.07237550194,4197.58519930036
"NM_001037156",6.92307751514096,29.901463866918,23.6056534532343,8.08646448607137,13.1278370441607,8.28626519884447
"NM_001037139",16.1538475353289,15.9474473956896,7.26327798561055,11.3210502804999,6.80702661549071,15.9806543120572
"NM_012576",3297.69258971214,3229.35809762715,2456.80377863277,4687.31913935127,8115.43437422539,5853.06261081236
"NM_001107389",150.000012828054,115.61899361875,101.685891798548,139.895835609035,153.644315035362,125.477730153931
"NM_001271333",196.153862928994,191.369368748275,105.317530791353,325.075872340069,304.371332949799,361.044412235366
"NM_152936",2127.69248965332,992.728600381679,788.065661438744,3580.2821512081,4835.90619411933,3599.79035281229
"NM_001170534",459.23080850435,382.738737496551,256.030548992772,614.166977717121,307.774846257544,458.703966364605
"NM_001004276",1084.61547737208,891.063623234157,862.514260791252,1020.51181814221,1059.95128726927,993.168071690073
"NM_001108431",96.9230852119734,97.6781152985989,83.5276968345213,112.806179580696,125.443776199757,102.394562814292
"NM_024392",15618.462874158,12355.2848698105,10103.2196779843,17537.115530943,14904.4709908037,13571.1267674504
"NM_001108432",759.230834160458,568.127813471443,481.192166546699,1062.56143346978,1349.73613461444,800.808343859755
"NM_001008364",823.846224301774,536.232918680063,673.669033165378,1406.64049735211,1740.65394881834,1422.87010985872
"NM_001004215",60.0000051312216,67.7766514316809,87.1593358273266,65.5003623371781,74.3910765835771,101.802686728661
"NM_022855",879.230844422902,827.273833651399,944.226138129371,1013.63832332905,1056.0615577747,866.506589364879
"NM_001007759",154.615397838148,213.297108917349,168.871213165445,109.167270561963,106.967561100568,91.740793272921
"NM_031826",41.5384650908458,9.96715462230601,19.974014460429,20.2161612151784,17.0175665387268,21.8994151683747
"NM_031798",611.538513837451,586.068691791593,535.666751438778,700.287824493781,537.268886436946,432.661418596808
"NM_001108433",11.5384625252349,3.9868618489224,3.63163899280527,16.1729289721427,15.5589179782645,7.10251302758098
"NM_053404",383.0769558378,586.068691791593,552.009126906402,417.261567481283,433.218622457302,390.046340431322
"NM_176075",69.2307751514096,103.658408071982,72.6327798561055,78.0343822905887,105.022696353285,97.0676780436067
"NM_031525",920.769309513748,556.167227924675,940.594499136566,1744.6547128699,1535.9569341668,1932.47541958766
"NM_001191698",883.846229432996,1602.71846326681,1076.78096136676,236.933409441891,200.807285156976,226.096664711328
"NM_001108434",2346.92327763279,2156.89226026702,1930.216124676,2317.58072170805,3020.86116871742,2413.07880112064
"NM_023975",440.769268463974,532.246056831141,364.97971877693,419.2831836028,343.754844082281,403.659490400852
"NM_001008300",1857.69246656282,1722.32431873448,1547.07821093505,1278.06571202358,2247.29121548558,1821.20271548889
"NM_053886",3743.07724318621,4614.79259012768,3152.26264575498,4270.46189509429,4432.3467590581,3901.64715648448
"NM_001191836",46.1538501009397,29.901463866918,43.5796679136633,51.7533727108568,39.8697273193028,56.8201042206478
"NM_172224",579.230818766794,438.554803381464,546.561668417194,379.255184396747,425.43916346817,349.206890522731
"NM_053990",493.846196080055,697.700823561421,577.430599856038,399.471345611926,513.930509469549,433.25329468244
"NM_001107381",66.9230826463626,89.7043916007541,123.475725755379,78.8430287391958,66.6116175944449,78.1276433033908
"NM_001271365",283.846178120779,205.323385219504,232.424895539538,390.980557901551,423.008082534066,356.901279635944
"NM_001007688",2727.69254096554,2362.21564548652,1732.29179956812,3146.44333153037,3308.21493512849,3305.03606216768
"NM_053369",76.1538526665505,89.7043916007541,85.3435163309239,76.0127661690709,87.032697440917,76.3520150464955
"NM_001107406",180.000015393665,109.638700845366,128.923184244587,139.087189160428,149.268369353975,174.603445261366
"NM_001106133",955.384697089452,671.786221543425,695.45886712221,793.686489307905,722.517253615657,802.58397211665
"NM_017083",992.307777170204,1245.89432778825,1267.44200848904,667.537643325192,529.975643634634,500.135292358827
"NM_001014151",583.846203776888,524.272333133296,621.010267769702,367.934134116247,432.732406270481,431.477666425544
"NM_001106131",558.461586221371,602.016139187283,682.748130647391,589.098937810299,685.564823417279,459.295842450237
"NM_001106130",1622.30783104803,1534.94181183513,1349.15388582716,1333.45799375317,1382.31261913144,1252.40979719678
"NM_001008343",378.461570827706,382.738737496551,315.952592374059,430.199910658997,366.607004862857,372.881933948001
"NM_001108436",13.8461550302819,35.8817566403016,38.1322094244554,17.790221869357,26.7418902751421,26.0425477677969
"NM_001107370",6.92307751514096,7.97372369784481,9.07909748201318,8.08646448607137,7.77945898913225,13.0212738838985
"NM_001135757",265.384638080403,458.489112626076,219.714159064719,121.701290515374,154.616747409003,191.175975659055
"NM_001191725",1040.76931977619,855.181866593856,1031.3854739567,996.656747908296,1188.79857677677,1158.89337566696
"NM_001047850",542.307738686042,592.048984564977,809.855495395576,522.38560580021,521.709968458681,451.601453337024
"NM_001106163",380.769263332753,350.843842705172,348.637343309306,232.081530750248,203.23836609108,150.928401836096
"NM_001106162",6.92307751514096,11.9605855467672,90.7909748201318,17.790221869357,183.789718618249,226.68854079696
"NM_001107405",574.6154337567,855.181866593856,532.035112445973,830.075579495226,509.554563788162,586.549200861062
"NM_019185",348.461568262095,438.554803381464,439.428318129438,498.126212341996,474.060782150246,536.831609667996
"NM_001107404",180.000015393665,195.356230597198,254.214729496369,117.658058272338,163.368638771777,114.232084526927
"NM_001108423",8035.38530257361,9723.95604952174,15652.3640589907,3385.39835709378,3603.34816052869,3000.21987806733
"NM_153624",3856.15417593351,3010.08069593641,3081.44568539527,4272.48351121581,3532.84681343968,3960.24288896203
"NM_001009638",708.461599049425,550.186935151292,690.011408633002,742.741763045655,767.735358989989,649.879942023659
"NM_001108884",2.30769250504699,5.98029277338361,5.44745848920791,3.23458579442855,5.83459424184918,4.73500868505398
"NM_012681",78936.9298276372,32299.5612690449,32281.6390070461,238570.109853872,219006.357029677,272904.593067429
"NM_001108424",2268.46173246119,697.700823561421,813.487134388381,2028.489616331,4578.69783129115,2770.57195684221
"NM_053588",406.15388088827,426.594217834697,477.560527553894,295.964600190212,446.832675688283,297.121794987138
"NM_001013141",159.230782848242,233.231418161961,208.819242086303,209.035106964945,228.035391618939,197.094736515372
"NM_182955",313.84618068639,346.856980856249,355.900621294917,350.952558695497,331.599439411762,320.204962326776
"NM_001017446",696.92313652419,717.635132806033,566.535682877623,543.006090239692,555.745101536135,516.115946670884
"NM_024373",1654.61552611869,1435.27026561207,1394.54937323723,2151.80819974359,1968.68934043728,1915.90288918997
"NM_001024905",244.615405534981,231.237987237499,228.793256546732,208.630783740641,194.972690915127,192.95160391595
"NM_001305179",782.307759210928,779.43149146433,778.986563956731,772.661681644119,817.329410045707,710.251302758098
"NM_001024745",207.692325454229,189.375937823814,272.372924460395,234.50747009607,187.679448112815,176.379073518261
"NM_001108425",233.076943009746,861.162159367239,270.557104963993,597.589725520674,150.727017914437,111.8645801844
"NM_001014147",309.230795676296,219.277401690732,294.162758417227,289.899751825659,340.837546961357,354.533775293417
"NM_001100515",1200.00010262443,1056.51838996444,993.253264532242,1144.2347247791,1167.40506455666,1119.82955401527
"NM_001108886",422.307728423599,448.52195800377,395.848650215775,306.881327246408,414.742407358113,285.876149360134
"NM_001107399",2893.84640132892,2968.21864652273,2553.04221194211,3731.09471387333,4018.0905678868,3823.51951318109
"NM_001071777",13.8461550302819,11.9605855467672,25.4214729496369,25.0680399068212,13.1278370441607,17.7562825689524
"NM_001108887",189.230785413853,237.218280010883,179.766130143861,191.649208319891,146.837288419871,170.460312661943
"NM_001191941",242.307713029934,265.12631295334,263.293826978382,352.165528368408,335.975385093149,265.160486363023
"NM_012803",12270.0010493348,8936.55083435957,7325.01584848824,14212.3656574947,15490.8477121096,16811.0564601985
"NM_001031644",1070.7693223418,1237.92060409041,1149.41374122287,1003.12591949715,952.497509981879,931.02108269874
"NM_053959",653.076978928297,546.200073302369,811.671314891979,605.676190006746,553.314020602031,543.342246609945
"NM_001013233",948.461619574311,843.221281047088,1441.76068014369,896.384588281011,941.800753871823,898.467897988994
"NM_001106159",1112.30778743265,681.753376165731,533.850931942375,2535.91526283198,2407.74255713643,1562.55286606782
"NM_178096",173.076937878524,47.8423421870688,125.291545251782,1823.9020648334,2493.80282220371,2912.62221739383
"NM_001106157",433.846190948833,761.490613144179,577.430599856038,344.079063882337,332.085655598583,372.881933948001
"NM_001108888",4290.00036688235,4618.7794519766,4924.50247424395,1687.24081501879,1513.59098957304,1909.98412833365
"NM_001106158",793.846221736163,729.5957183528,682.748130647391,1183.85840076085,923.324538772633,1219.2647364014
"NM_001100659",756.923141655412,889.070192309696,749.933452014289,629.531260240656,559.634831030701,757.601389608638
"NM_001108426",306.923103171249,199.34309244612,470.297249568283,871.31654837419,376.331328599272,629.75615511218
"NM_001008509",696.92313652419,994.72203130614,873.409177769668,688.966774213281,629.649961932891,745.763867896003
"NM_001107396",80.7692376766445,91.6978225252153,130.73900374099,86.1208467766601,51.5389158030011,80.4951476459177
"NM_053398",182.307707898712,259.146020179956,225.161617553927,115.636442150821,320.902683301705,297.713671072769
"NM_012551",78.4615451715975,111.632131769827,789.881480935147,706.756996082638,5629.89722719764,151.520277921728
"NM_001100658",21590.7710772196,27766.4993468201,29321.8532279098,16860.6827766831,17209.1357163342,19009.8761183205
"NM_001025636",48.4615426059867,45.8489112626076,61.7378628776897,25.4723631311248,27.7143226487836,34.3288129666414
"NM_019149",325.384643211625,490.384007417456,473.928888561088,523.194252248818,492.536997249435,432.069542511176
"NM_001014148",1922.30785670414,2061.20757589288,1772.23982848897,1668.23762347652,1808.23799878643,1714.66502007517
"NM_017315",2432.30790031952,1969.50975336767,1443.5764996401,2144.12605848182,2540.96579232532,2734.46751561868
"NM_001109122",27.6923100605638,11.9605855467672,23.6056534532343,27.4939792526427,25.2832417146798,26.0425477677969
"NM_001037292",1089.23086238218,1026.61692609752,1016.85891798548,923.069921085047,1190.74344152405,977.187417378016
"NM_001007628",692.307751514096,502.344592964223,530.21929294957,1409.06643669794,1364.80883640589,1569.06350300976
"NM_001108427",1333.84626791716,1421.31624914084,1465.36633359693,946.520668094654,971.459941267889,1005.59746948834
"NM_012945",18.4615400403759,7.97372369784481,41.7638484172606,23.0464237853034,52.0251319898219,16.5725303976889
"NM_183329",1354.61550046258,1455.20457485668,1040.46457143871,1240.05932893904,1455.24504715455,1434.70763157136
"NM_001202552",390.000033352941,833.254126424782,236.056534532343,247.445813273784,380.221058093839,277.58988416129
"NM_147140",699.230829029237,980.768014834911,759.012549496302,612.95400804421,811.981031990678,660.533711565031
"NM_053957",1303.84626535155,1124.29504139612,971.463430575411,1111.48454361051,1345.84640511988,1223.99974508646
"NM_001106153",1121.53855745284,982.761445759373,980.542528057424,915.387779823279,1035.64047792823,1090.23574973368
"NM_001017932",251.538483050122,229.244556313038,297.794397410032,154.451471683963,173.092962508192,187.032843059632
"NM_021744",2663.07715082422,2320.35359607284,1973.79579258967,1546.53633296115,2489.42687652232,1155.9339952388
"NM_001106154",343.846183252001,394.699323043318,535.666751438778,285.452196358319,264.501605630496,247.996079879702
"NM_001005537",1587.69244347233,2130.97765824902,1913.87374920838,2107.7369682945,1941.46123397532,1915.90288918997
"NM_001135582",1211.53856514967,1265.82863703286,1125.80808776963,1306.77266094913,1109.05912213817,1138.76958875548
"NM_001109395",18.4615400403759,13.9540164712284,18.1581949640264,17.790221869357,14.586485604623,23.6750434252699
"NM_001106152",34.6153875757048,13.9540164712284,19.974014460429,30.7285650470712,42.7870244402273,33.1450607953779
"NM_001107394",203.076940444135,177.415352277047,230.609076043135,238.955025563409,256.235930454543,275.814255904395
"NM_001037337",16.1538475353289,15.9474473956896,5.44745848920791,18.5988683179641,17.9899989123683,4.73500868505398
"NM_053943",302.307718161155,183.395645050431,205.187603093498,296.773246638819,312.637008125752,373.473810033633
"NM_001014149",6.92307751514096,3.9868618489224,10.8949169784158,2.42593934582141,4.86216186820765,7.10251302758098
"NM_053448",1213.84625765471,1148.21621248965,1015.04309848907,1001.91294982424,1033.20939699413,1145.87210178306
"NM_199493",3786.9234007821,2473.84777725635,2445.90886165435,3126.63149353949,3230.42034523716,3720.53307428117
"NM_053944",249.230790545075,185.389075974892,168.871213165445,257.958217105677,263.042957070034,239.709814680858
"NM_001013059",5547.69278213296,4505.15388928232,4564.97021395623,4881.39428701698,5360.53345969894,4985.96414536185
"NM_001106150",161.538475353289,101.664977147521,199.74014460429,182.754097385213,343.26862789546,149.152773579201
"NM_012846",150.000012828054,165.45476673028,157.976296187029,105.124038318928,150.727017914437,264.568610277391
"NR_131090",39.2307725857988,29.901463866918,27.2372924460396,45.6885243463032,42.3008082534066,53.2688477068573
"NM_001014150",2441.53867033971,3390.8260025085,2959.7857791363,2084.6905445092,2401.90796289458,2000.54116943531
"NM_001009637",3325.38489977271,3667.91290100861,4387.01990330877,2457.47655731709,1949.24069296445,1705.19500270507
"NM_001107390",1225.38472017995,1333.60528846454,1254.73127201422,1307.58130739774,1485.39045073744,1049.39629982509
"NM_012934",131.538472787678,83.7240988273705,83.5276968345213,87.7381396738744,100.646750671898,91.1489171872892
"NM_012674",20.7692325454229,9.96715462230601,5.44745848920791,29.5155953741605,64.180536660341,49.7175911930668
"NM_001170469",71.5384676564566,83.7240988273705,38.1322094244554,120.08399761816,49.1078348688973,76.3520150464955
"NM_001106147",60.0000051312216,113.625562694289,183.397769136666,53.370665608071,17.5037827255476,40.8394499085906
"NM_001109124",108.461547737208,143.527026561207,136.186462230198,142.72609817916,116.691884836984,104.762067156819
"NM_031082",258.461560565262,340.876688082866,301.426036402838,310.115913040837,286.381334037431,236.158558167067
"NM_001106932",816.923146786633,817.306679029093,893.383192230097,958.650364823761,953.956158542342,949.369241353324
"NM_001008773",2397.69251274382,3213.41065023146,3482.74179410026,1623.76206880313,1834.49367287475,1090.23574973368
"NM_001108890",96.9230852119734,53.8226349604525,116.212447769769,92.9943415898207,70.0151309021902,111.272704098769
"NM_001105758",5706.9235649812,6628.1578238335,5558.22347848847,6516.07308287631,5801.53154114537,5362.98921190927
"NM_001038495",1550.76936339157,1371.48047602931,1503.49854302138,1176.98490594769,1295.27992169052,1192.03843646234
"NM_052809",18394.6169577295,14843.0866635381,9654.71226237282,22602.4768850181,23575.6504665653,20542.2433040211
"NM_001106933",417.692343413505,410.646770439008,552.009126906402,447.181486079747,440.025649072793,432.069542511176
"NM_017061",32.3076950706578,33.8883257158404,39.948028920858,53.7749888323746,176.496475815938,69.2495020189145
"NM_001005536",313.84618068639,398.68618489224,401.296108704983,203.778905048998,352.506735445055,206.56475388548
"NM_001106135",1719.23091626,1770.16666092155,1832.16187187026,1445.85985010956,1487.82153167154,1330.53744050017
"NM_001191697",551.53850870623,667.799359694503,664.589935683365,459.311182808854,483.785105886662,450.41770116576
"NM_001014011",930.000079533935,885.083330460774,700.906325611418,561.200635333353,566.928073833012,513.748442328357
"NM_001271105",13029.2318834953,6644.10527122919,7555.62492453137,10927.2394600282,10261.1064066654,11397.7577810106
"NM_173133",420.000035918552,436.561372457003,419.454303669009,426.965324864568,478.436727831633,352.758147036522
"NM_053905",327.692335716672,239.211710935344,283.267841438811,422.113446172925,243.594309597203,379.392570889951
"NM_001131003",551.53850870623,420.613925061314,410.375206186996,413.218335238247,389.945381830254,451.601453337024
"NM_001033887",597.69235880717,936.912534496765,653.695018704949,528.854777389068,573.735100448503,581.814192176008
"NM_001014242",5134.61582372954,3705.78808857337,2868.99480431617,6927.26980199304,6537.17663180519,6566.27329399861
"NM_001024884",2928.46178890463,901.030777856463,657.326657697755,6583.99938455931,4356.98325010088,1007.37309774524
"NM_001012353",57.6923126261747,213.297108917349,1011.41145949627,1265.12736884587,1087.66560991805,3666.08047440305
"NM_173126",23.0769250504699,29.901463866918,38.1322094244554,52.5620191594639,50.5664834293596,54.4525998781208
"NM_001024284",87.6923151917855,95.6846843741377,92.6067943165345,202.565935376088,125.929992386578,118.37521712635
"NM_001025676",433.846190948833,522.278902208835,477.560527553894,451.224718322782,546.993210173361,481.787133704243
"NM_021695",302.307718161155,552.180366075753,397.664469712177,374.807628929408,588.807802239947,362.820040492262
"NM_022672",36.9230800807518,121.599286392133,108.949169784158,31.1328882713748,49.1078348688973,42.6150781654859
"NM_024361",3775.38493825687,2338.29447439299,1634.23754676237,5528.31144590269,5769.92748900202,7087.12424935455
"NM_001106143",346.153875757048,400.679615816702,546.561668417194,365.508194770426,363.203491555112,353.350023122154
"NM_013069",1481.53858824017,1993.4309244612,2885.33717978379,2816.51558049866,3638.35572597979,4178.64516456014
"NM_001029901",1393.84627304838,1194.06512375226,1481.70870906455,2059.21818137807,2114.55419648351,2602.4791485228
"NM_057127",96.9230852119734,127.579579165517,81.7118773381187,163.346582618642,141.002694178022,100.027058471765
"NM_001100974",69.2307751514096,33.8883257158404,43.5796679136633,189.22326897407,136.140532309814,223.729160368801
"NM_053615",1463.07704819979,1752.2257826014,1405.44429021564,1636.70041198085,1668.20773698205,1595.69792686319
"NM_001106142",198.461555434041,197.349661521659,187.029408129472,270.087913834784,278.601875048299,293.570538473347
"NM_001109513",320.769258201531,410.646770439008,421.270123165412,327.906134910194,361.744842994649,528.545344469151
"NM_001134542",32.3076950706578,25.9146020179956,52.6587653956765,24.2593934582141,20.9072960332929,33.1450607953779
"NM_012492",27.6923100605638,47.8423421870688,83.5276968345213,52.5620191594639,28.2005388356044,39.0638216516954
"NM_001107384",1377.69242551305,1536.93524275959,1294.67930093508,1163.23791632137,1278.26235515179,1270.16607976573
"NM_080887",3846.92340591333,3817.4202203432,3707.90341165418,2673.7894823195,2907.57279718818,2357.44244907125
"NM_001106141",30.0000025656108,19.934309244612,16.3423754676237,69.9479178045173,36.4662140115574,63.3307411625971
"NM_013029",436.15388345388,402.673046741163,221.529978561122,1098.9505236571,1075.51020524753,836.912785083292
"NM_001025635",452.307730989209,111.632131769827,119.844086762574,34.7717972901069,27.2281064619629,24.2669195109017
"NR_037391",2.30769250504699,43.8554803381464,12.7107364748185,50.1360798136425,76.3359413308602,85.8220324166035
"NM_001025057",18.4615400403759,57.8094968093749,23.6056534532343,43.2625850004818,52.0251319898219,26.6344238534287
"NM_001107382",436.15388345388,478.423421870688,384.953733237359,593.142170053335,495.940510557181,546.301627038104
"NM_153628",1354.61550046258,1843.92360512661,1334.62732985594,1328.60611506153,1340.98424325167,1250.04229285425
"NM_001108435",627.69236137278,570.121244395904,443.059957122243,648.534451782924,704.041038516468,797.848963431597
"NM_001109533",810.000069271492,956.846843741377,757.1967299999,736.272591456798,665.143743570807,690.127515846618
"NM_001170467",1059.23085981657,789.398646086636,849.803524316434,103.506745421714,220.255932629807,52.0850955355938
"NM_001025675",408.461573393317,538.226349604525,1123.99226827323,693.41432968062,399.669705566669,566.425413949583
"NM_001109570",2.30769250504699,3.9868618489224,3.63163899280527,10.5124038318928,5.83459424184918,11.837521712635
"NM_001106138",586.153896281935,729.5957183528,700.906325611418,389.363265004336,355.9102487528,375.249438290528
"NM_001100514",447.692345979115,476.429990946227,461.21815208627,384.915709536997,219.283500256165,201.237869114794
"NM_001008299",542.307738686042,613.97672473405,639.168462733728,376.424921826622,480.867808765737,425.558905569227
"NM_001077667",117.692317757396,127.579579165517,214.266700575511,11.7253735048035,18.4762150991891,34.9206890522731
"NM_001017462",53.0769276160807,61.7963586582973,123.475725755379,140.300158833338,90.9224269354831,125.477730153931
"NM_001106137",46.1538501009397,69.7700823561421,79.896057841716,67.5219784586959,43.7594568138689,64.5144933338605
"NM_001007627",11.5384625252349,9.96715462230601,27.2372924460396,14.959959299232,22.3659445937552,15.9806543120572
"NM_001115025",1638.46167858336,2041.27326664827,2079.11332338102,1320.11532735115,1121.70074299551,1215.71347988761
"NM_001107377",420.000035918552,480.41685279515,626.45772625891,479.123020799729,508.582131414521,412.537631685328
"NM_019275",1186.15394759415,1277.78922257963,1196.62504812934,1374.29463940783,1314.72856916335,1185.52779952039
"NM_001107376",216.923095474417,143.527026561207,350.453162805709,181.945450936606,167.258368266343,240.893566852121
"NM_019319",9.23077002018795,5.98029277338361,18.1581949640264,1.61729289721427,7.77945898913225,3.55125651379049
"NM_001079698",925.384694523842,893.057054158618,875.224997266071,1126.04017968544,921.37967402535,991.98431951881
"NM_001106134",13.8461550302819,13.9540164712284,29.0531119424422,90.5684022439993,24.797025527859,63.9226172482288
"NM_001011924",493.846196080055,578.094968093749,581.062238848844,445.968516406836,449.749972809208,427.926409911754
"NM_130433",8125.38531027044,11567.8796546484,10508.1474256821,13616.7975480956,11553.9552474218,14299.1343527774
"NM_201415",2386.15405021858,2246.59665186777,1094.93915633079,1813.3896610015,1200.95398144729,1273.12546019389
"NM_001173472",1363.84627048277,1213.99943299687,1067.70186388475,1365.80385169745,1297.71100262462,1144.09647352617
"NM_030858",519.230813635572,354.830704554094,444.875776618646,760.127661690709,606.797801152315,820.932130771235
"NM_001108891",203.076940444135,388.719030269934,201.555964100693,283.834903461105,538.727534997408,406.026994743379
"NM_053337",579.230818766794,661.819066921119,708.169603597028,674.815461362656,617.494557262372,638.042420311024
"NM_001107374",498.461581090149,552.180366075753,403.111928201385,446.37283963114,505.178618106775,401.883862143957
"NM_138864",106.153855232161,143.527026561207,185.213588633069,135.448280141695,116.205668650163,126.069606239562
"NM_023093",20545.3863724333,18684.4280549748,16415.0082474798,23820.2984366204,25304.6352268999,29225.6573563245
"NM_001271281",334.615413231813,396.692753967779,346.821523812904,321.84128654564,374.386463851989,432.661418596808
"NM_001127373",463.846193514444,332.902964385021,430.349220647425,515.107787762746,582.000775624456,557.547272665107
"NM_001100973",57.6923126261747,59.8029277338361,50.8429458992738,57.0095746268032,74.8772927703979,56.8201042206478
"NM_001013189",2206.15403482492,1323.63813384224,1120.36062928043,3208.70910807312,3302.38034088664,3470.16949005894
"NM_001309168",378.461570827706,306.988362367025,395.848650215775,214.695632105195,247.97025527859,285.876149360134
"NM_001077676",1391.53858054333,1391.41478527392,1347.33806633076,1329.81908473444,1244.22722207434,1099.70576710379
"NM_001107373",777.692374200834,560.154089773598,493.902903021517,1329.41476151013,1445.52072341814,1715.84877224644
"NM_001244933",154.615397838148,137.546733787823,147.081379208614,200.54431925457,249.915120025873,216.034771255588
"NM_001025289",161.538475353289,161.467904881357,87.1593358273266,54.1793120566782,115.719452463342,37.2881933948001
"NM_001191695",129.230780282631,127.579579165517,134.370642733795,72.3738571503388,92.3810754959454,104.762067156819
"NM_001106129",1299.23088034145,1451.21771300776,764.46000798551,1341.94878146354,1207.76100806278,1498.63024881959
"NM_001010920",3523.84645520675,2920.37630433566,2489.48852956802,2208.81777437039,2783.58766954888,2278.1310535966
"NM_001007687",71.5384676564566,77.7438060539869,72.6327798561055,126.148845982713,105.508912540106,109.497075841873
"NM_022245",32843.0797318287,22920.4687694549,17148.5993240265,20914.0231003264,21714.4149034154,19398.1468304949
"NM_001271149",546.923123696136,590.055553640516,604.667892302078,550.283908277157,629.16374574607,545.11787486684
"NM_001039713",819.23083929168,1042.56437349321,904.278109208513,885.872184449118,904.848323673444,934.57233921253
"NM_138518",60.0000051312216,55.8160658849137,70.8169603597028,124.127229861196,95.7845888036908,139.682756209093
"NM_001006967",3563.07722779255,3739.67641428921,4042.01419899227,2607.07615030941,2481.64741753319,2755.77505470142
"NM_001110810",20.7692325454229,25.9146020179956,19.974014460429,17.790221869357,40.3559435061235,40.8394499085906
"NM_013130",1105.38470991751,805.346093482326,916.988845683332,1371.4643768377,1332.71856807572,1278.45234496458
"NM_053917",36.9230800807518,31.8948947913792,52.6587653956765,58.6268675240174,43.2732406270481,78.1276433033908
"NM_001108441",1299.23088034145,1935.62142765183,1378.2069977696,1189.11460267679,1173.23965879851,978.37116954928
"NM_001109501",71.5384676564566,67.7766514316809,63.5536823740923,61.861453318446,65.1529690339826,76.9438911321273
"NM_001135875",1873.84631409815,1782.12724646831,1597.92115683432,2792.66051026475,2929.45252559511,2231.37284283169
"NM_001005895",830.769301816915,938.905965421226,800.776397913563,1067.81763538572,1087.17939373123,1089.64387364805
"NM_001005381",334.615413231813,301.008069593641,254.214729496369,231.677207525945,255.263498080902,194.135356087213
"NM_138889",23.0769250504699,19.934309244612,74.4485993525081,29.9199185984641,22.3659445937552,24.8587955965334
"NM_001106196",1606.1539835127,2081.14188513749,1565.23640589907,2253.29332904379,2110.17825080212,2046.70750411458
"NM_032072",544.615431191089,534.239487755602,512.061097985544,452.842011219997,542.617264491974,453.377081593919
"NM_001107407",883.846229432996,721.621994654955,833.46114884881,929.539092673904,883.941027640151,998.494956460759
"NM_053392",46.1538501009397,67.7766514316809,38.1322094244554,57.0095746268032,34.0351330774536,41.4313259942224
"NM_001256466",13.8461550302819,15.9474473956896,27.2372924460396,18.1945450936606,12.6416208573399,17.1644064833207
"NM_001107411",186.923092908806,219.277401690732,292.346938920825,167.794138085981,176.010259629117,108.31332367061
"NM_001035257",2681.5386908646,2202.74117152963,1901.16301273356,2041.42795950872,2180.67959789113,2504.81959439356
"NM_001011925",362.307723292377,458.489112626076,548.377487913596,374.403305705104,320.902683301705,287.65177761703
"NM_001108439",486.923118564914,378.751875647628,399.48028920858,666.324673652281,662.712662636703,553.404140065684
"NM_001134538",20.7692325454229,17.9408783201508,7.26327798561055,31.5372114956783,17.0175665387268,21.3075390827429
"NM_001008365",1620.00013854298,1347.55930493577,1608.81607381274,1832.79717576808,1843.73178042434,2003.50054986347
"NM_001008508",897.692384463278,617.963586582973,693.643047625807,1307.58130739774,1529.14990755131,1219.2647364014
"NM_001013889",101.538470222067,121.599286392133,90.7909748201318,597.185402296371,753.148873385366,418.456392541646
"NM_001271344",46.1538501009397,35.8817566403016,45.3954874100659,63.4787462156602,72.9324280231148,72.2088824470733
"NM_001107414",168.46155286843,149.50731933459,187.029408129472,215.504278553802,204.697014651542,213.075390827429
"NM_001011926",551.53850870623,623.943879356356,715.432881582639,407.557810097997,363.689707741932,354.533775293417
"NM_001271381",66.9230826463626,45.8489112626076,72.6327798561055,154.451471683963,154.130531222183,136.131499695302
"NM_053583",34.6153875757048,27.9080329424568,16.3423754676237,46.9014940192139,52.9975643634634,54.4525998781208
"NM_053396",39.2307725857988,51.8292040359912,88.9751553237292,85.7165235523565,75.3635089572186,81.6788998171812
"NM_133557",2877.69255379359,2559.56530700818,2429.56648618673,2827.43230755485,3119.56305464203,2831.53519366228
"NM_001014152",900.000076968325,737.569442050645,737.222715539471,797.325398326637,789.128871210102,826.25901554192
"NM_030866",396.923110868082,526.265764057757,332.294967841683,705.94834963403,487.188619194407,726.231957070155
"NM_001107166",2256.92326993595,2292.44556313038,2494.93598805722,2081.86028193907,1734.33313838967,2024.80808894621
"NM_012918",55.3846201211277,47.8423421870688,107.133350287756,12.9383431777142,8.26567517595301,20.7156629971112
"NM_001191093",30.0000025656108,13.9540164712284,21.7898339568316,35.1761205144105,33.062700703812,28.4100521103239
"NM_001134539",207.692325454229,191.369368748275,196.108505611485,258.36254032998,365.148356302395,230.23979731075
"NM_001191700",904.615461978419,1044.55780441767,1122.17644877683,1026.98098973106,1079.88615092892,859.99595242293
"NM_001191817",106.153855232161,63.7897895827585,41.7638484172606,166.176845188767,153.644315035362,170.460312661943
"NM_001010948",246.923098040028,221.270832615193,261.47800748198,223.18641981557,209.55917651975,258.649849421074
"NM_013131",343.846183252001,330.909533460559,337.74242633089,447.181486079747,481.840241139378,343.288129666414
"NM_001013191",867.692381897667,1008.67604777737,978.726708561021,887.893800570636,903.875891299803,823.891511199393
"NM_001195616",101.538470222067,135.553302863362,98.0542528057424,85.3122003280529,49.5940510557181,84.63828024534
"NM_053605",191.5384779189,159.474473956896,156.160476690627,361.869285751694,481.354024952558,276.998008075658
"NM_017024",6636.92364451513,4511.1341820557,3736.95652359663,19386.0856356832,14750.3404595816,18046.301850912
"NM_001107424",55.3846201211277,39.868618489224,52.6587653956765,50.9447262622496,49.5940510557181,78.1276433033908
"NM_001108447",1190.76933260424,1126.28847232058,1022.30637647468,1519.44667693281,1453.30018240727,1319.29179487317
"NM_001168674",53.0769276160807,41.8620494136852,50.8429458992738,75.6084429447673,42.7870244402273,65.698245505124
"NM_001106184",613.846206342498,651.851912298813,635.536823740923,726.973157297816,785.239141715536,827.442767713184
"NM_001107425",1592.30782848242,1174.13081450765,1345.52224683435,2997.24806176235,1995.43123071242,2659.89112882908
"NM_134460",1876.1540066032,2455.9068989362,1781.31892597099,1833.60582221668,2095.5917651975,1724.13503744528
"NM_001106187",2037.69248195649,2643.28940583555,2355.11788683422,2786.19133867589,2429.13606935654,2161.53146472714
"NM_001106186",186.923092908806,225.257694464116,225.161617553927,167.794138085981,161.423774024494,134.947747524039
"NM_177930",1412.30781308876,1413.34252544299,1559.78894740986,1107.84563459178,1058.97885489563,1023.94562814292
"NM_017211",1719.23091626,2244.60322094331,2035.53365546736,1686.02784534588,1483.93180217698,1796.34391989236
"NM_001008893",1403.07704306857,855.181866593856,849.803524316434,1236.82474314462,1779.551243764,1685.66309187922
"NM_001106188",94.6153927069264,83.7240988273705,67.1853213668976,80.0559984121065,63.6943204735203,103.578314985556
"NM_001191786",184.615400403759,241.205141859805,246.951451510759,300.007832433248,288.812414971535,324.348094926198
"NM_001271269",1786.15399890637,2400.09083305129,1153.04538021567,1516.21209113838,649.098609405722,894.916641475203
"NM_001163273",851.538534362338,903.024208780924,853.435163309239,1201.64862263021,931.590213948586,988.433063005019
"NM_001024896",276.923100605638,281.073760349029,328.663328848877,201.757288927481,160.937557837673,182.88971046021
"NM_133581",94.6153927069264,81.7306679029093,74.4485993525081,160.516320048517,277.629442674657,340.920625323887
"NM_138504",20328.4632769589,9231.57861117983,17824.0841766883,18521.2382588979,5842.85991702514,23443.0279997023
"NM_019293",701.538521534284,869.135883065084,552.009126906402,659.855502063424,1187.33992821631,1268.98232759447
"NM_001107437",9.23077002018795,1.9934309244612,1.81581949640264,12.9383431777142,3.88972949456612,14.205026055162
"NM_001077200",413.076958403411,342.870119007327,512.061097985544,367.934134116247,326.251061356734,357.493155721576
"NM_201416",1343.07703793735,1357.52645955808,1185.73013115092,1426.45233534299,1342.44289181213,1110.35953664516
"NM_001108453",34.6153875757048,49.83577311153,50.8429458992738,56.6052514024996,52.0251319898219,69.8413781045463
"NM_001242627",766.153911675599,779.43149146433,824.382051366797,1395.31944707161,1581.17503954113,1070.70383890783
"NM_013019",360.00003078733,227.251125388577,225.161617553927,289.495428601355,297.564306334308,290.019281959557
"NM_001108455",136.153857797772,135.553302863362,145.265559712211,192.457854768499,144.892423672588,130.804614924616
"NM_175596",36.9230800807518,7.97372369784481,21.7898339568316,16.1729289721427,16.531350351906,16.5725303976889
"NM_053410",946.153927069264,998.708893155062,878.856636258876,788.025964167655,851.36454312316,782.460185205171
"NM_001009704",168.46155286843,169.441628579202,143.449740215808,304.051064676283,267.905118938242,211.891638656166
"NM_031235",1414.6155055938,1251.87462056163,1276.52110597105,1783.46974240304,1947.29582821717,1624.10797897352
"NM_145098",636.923131392968,362.804428251939,435.796679136633,527.641807716157,539.213751184229,557.547272665107
"NM_144743",15433.8474737542,17926.9243036796,12912.2924389192,4827.61929818461,2445.18120352163,6372.72981399703
"NM_001100477",173.076937878524,324.929240687176,230.609076043135,2236.71607684734,46.1905377479727,83.4545280740765
"NM_001190380",332.307720726766,972.794291137067,640.984282230131,226.825328834302,137.112964683456,343.880005752046
"NM_145091",708.461599049425,879.10303768739,481.192166546699,883.041921878993,976.322103136097,807.910856887336
"NM_001144854",396.923110868082,394.699323043318,381.322094244554,200.54431925457,212.476473640674,251.547336393493
"NM_001106165",36.9230800807518,13.9540164712284,30.8689314388448,98.6548667300707,122.040262892012,76.3520150464955
"NM_031026",2023.84632692621,1849.9038979,1792.2138429494,1841.28796347845,1593.33044421165,1618.1892181172
"NM_001172151",168.46155286843,179.408783201508,187.029408129472,179.923834815088,145.86485604623,155.66341052115
"NM_001106164",166.153860363383,91.6978225252153,108.949169784158,175.476279347749,189.138096673278,211.891638656166
"NM_139111",30.0000025656108,27.9080329424568,52.6587653956765,70.3522410288209,59.8045909789541,81.6788998171812
"NM_001106166",468.461578524538,424.600786910236,450.323235107854,439.499344817979,480.381592578916,514.340318413989
"NM_013177",11049.231714165,9821.63416482034,9507.63088316421,17247.6201023416,18172.3299824261,20477.7288106872
"NM_001003705",461.538501009397,552.180366075753,555.640765899207,373.190336032194,326.251061356734,432.069542511176
"NM_001106167",701.538521534284,568.127813471443,617.378628776897,472.653849210871,427.870244402273,374.657562204897
"NM_001134840",4647.69270516463,4879.91890308102,4786.50019251735,5499.60449697714,4682.74809527079,4917.89839551419
"NM_001107408",36.9230800807518,33.8883257158404,47.2113069064686,51.3490494865532,42.7870244402273,48.5338390218033
"NM_001037978",581.538511271841,775.444629615408,626.45772625891,458.098213135943,562.552128151626,458.112090278973
"NM_001107409",978.461622139922,831.260695500321,1002.33236201426,750.423904307423,747.314279143516,762.336398293692
"NM_201655",13.8461550302819,17.9408783201508,5.44745848920791,8.89511093467851,7.77945898913225,5.32688477068573
"NM_001106168",1167.69240755378,1108.34759400043,1303.75839841709,956.628748702243,922.838322585813,1021.5781238004
"NM_001170478",145.38462781796,173.428490428125,159.792115683432,159.70767359991,131.764586628427,185.849090888369
"NM_001014013",200.769247939088,233.231418161961,194.292686115082,198.118379908749,229.494040179401,212.483514741798
"NM_001103352",1188.4616400992,823.286971802476,1387.28609525161,583.842735894353,616.52212488873,592.46796171738
"NM_001024746",212.307710464323,221.270832615193,219.714159064719,224.39938948848,232.411337300326,257.46609724981
"NM_152242",20.7692325454229,29.901463866918,59.922043381287,74.3954732718566,71.4737794626525,60.3713607344383
"NM_001108437",41.5384650908458,47.8423421870688,47.2113069064686,69.1392713559102,61.7494557262372,70.433254190178
"NM_001012473",673.84621147372,741.556303899567,699.090506115015,569.691423043728,512.958077095907,561.098529178897
"NM_001108438",46.1538501009397,39.868618489224,94.4226138129371,52.5620191594639,40.8421596929443,48.5338390218033
"NM_001107410",55.3846201211277,31.8948947913792,56.2904043884817,39.6236759817497,37.9248625720197,96.475801957975
"NM_057203",9.23077002018795,1.9934309244612,23.6056534532343,4.85187869164282,6.80702661549071,23.6750434252699
"NM_134455",27.6923100605638,9.96715462230601,38.1322094244554,58.2225442997139,37.9248625720197,36.6963173091684
"NM_001007689",1386.92319553324,1644.58051268049,1225.67816007178,887.489477346333,924.296971146275,884.854748019463
"NM_001100945",313.84618068639,372.771582874245,334.110787338085,350.952558695497,402.587002687594,372.29005786237
"NM_001024906",1024.61547224086,1329.61842661562,1191.17758964013,787.621640943351,717.65509174745,734.518222268999
"NM_001014014",618.461591352592,753.516889446334,679.116491654586,559.179019211835,574.221316635324,580.630440004745
"NM_053523",3364.61567235851,5918.49641472531,3088.70896338089,2742.1201072268,4287.94055157233,3464.84260528825
"NM_001137564",230.769250504699,2388.13024750452,900.646470215708,141.917451730553,52.5113481766427,298.305547158401
"NM_138826",443.076960969021,2126.9907964001,1260.17873050343,513.086171641228,175.037827255476,910.89729578726
"NM_053618",267.69233058545,301.008069593641,281.452021942409,253.914984862641,310.205927191648,212.483514741798
"NM_001039004",694.615444019143,956.846843741377,755.380910503497,671.580875568227,608.742665899598,617.326757313913
"NM_001107412",163.846167858336,193.362799672737,237.872354028745,176.689249020659,181.358637684145,198.870364772267
"NM_001106170",175.384630383571,203.329954295043,399.48028920858,411.601042341033,114.26080390288,213.667266913061
"NM_012580",943.846234564217,1291.74323905086,1770.42400899257,866.464669682547,1099.33479840175,1056.49881285267
"NM_001305154",175.384630383571,125.586148241056,165.23957417264,104.315391870321,120.095398144729,92.9245454441845
"NM_001107148",563.076971231465,604.009570111744,504.797819999933,641.660956969763,778.918331286866,754.642009180479
"NM_001008291",747.692371635224,871.129313989545,882.488275251681,735.059621783887,746.828062956696,723.864452727628
"NM_031565",4504.61576985172,3217.39751208038,2420.48738870471,5893.41531744881,5458.26291324991,6034.17669301567
"NM_001024365",233.076943009746,99.6715462230601,23.6056534532343,57.8182210754103,35.0075654510951,48.5338390218033
"NM_017004",15623.0782591681,8659.46393585946,5198.69121820075,64041.5641438908,53042.2962526509,49059.4249858443
"NM_031054",330.000028221719,199.34309244612,252.398909999967,539.771504445264,482.81267351302,714.986311443152
"NR_132649",48.4615426059867,41.8620494136852,32.6847509352475,28.7069489255534,20.4210798464721,24.2669195109017
"NM_031094",1036.1539347661,905.017639705386,691.827228129405,1393.2978309501,1447.95180435224,1624.69985505915
"NM_001107415",2630.76945575356,2459.89376078512,2462.25123712198,887.893800570636,934.993727256332,1248.85854068299
"NM_001024999",25.3846175555169,21.9277401690732,43.5796679136633,38.0063830845354,44.7318891875104,47.3500868505399
"NM_001106172",53.0769276160807,19.934309244612,45.3954874100659,31.1328882713748,37.4386463851989,43.2069542511176
"NM_001108440",1476.92320323007,1399.38850897176,1365.49626129478,1368.63411426758,1319.59073103156,1308.04614924616
"NM_001107416",1590.00013597737,1562.84984477758,1459.91887510772,2028.89393955531,1808.23799878643,1609.90295291835
"NM_001106173",556.153893716324,508.324885737607,495.71872251792,602.037280988013,661.254014076241,619.69426165644
"NM_001305181",1070.7693223418,1285.76294627748,1730.47598007171,997.0610711326,911.655350288935,899.059774074625
"NM_080905",350.769260767142,372.771582874245,341.374065323696,297.581893087426,261.584308509572,262.792982020496
"NM_001033689",7375.38524613017,6500.57824466798,5273.13981755326,14965.6198243723,13272.7294678333,10331.7889507878
"NM_001107417",18.4615400403759,7.97372369784481,14.5265559712211,121.701290515374,47.649186308435,42.6150781654859
"NM_032079",2799.23100862199,3287.16759443652,2983.39143258953,2183.34541123927,2569.16633116092,1885.71720882275
"NM_001012057",3362.30797985346,3370.89169326389,1755.89745302135,6954.35945802138,9284.29808734251,7381.87853999916
"NM_001134421",380.769263332753,647.865050449891,472.113069064686,458.502536360247,582.486991811277,498.359664101932
"NM_001105718",3267.69258714653,3671.89976285753,3546.29547647435,2723.11691568453,2929.45252559511,2804.30889372322
"NM_001033690",43.8461575958927,65.7832205072197,59.922043381287,51.7533727108568,44.2456730006896,50.9013433643303
"NM_001105947",1795.38476892656,1859.8710525223,1861.2149838127,1068.22195861003,1139.20452572105,1217.48910814451
"NM_001047847",260.769253070309,263.132882028879,341.374065323696,228.442621731516,221.228365003448,241.485442937753
"NM_199404",5937.6928154859,5063.31454813145,4281.70237251742,6955.57242769429,6425.34690883641,7562.99262220248
"NM_001081634",505.38465860529,659.825635996658,675.484852661781,334.375306499051,367.093221049678,390.638216516954
"NM_001004207",357.692338282283,378.751875647628,372.242996762541,336.801245844873,326.251061356734,340.920625323887
"NM_001013234",530.769276160807,418.620494136852,466.665610575478,663.898734306459,634.512123801099,749.907000495425
"NM_001100562",390.000033352941,468.456267248382,575.614780359636,247.850136498087,280.546739795582,262.792982020496
"NM_001105946",595.384666302122,701.687685410343,753.565091007094,824.81937757928,695.775363340515,704.924417987412
"NM_017169",2342.30789262269,2459.89376078512,2400.51337424429,1989.27026357356,1909.37096564515,2253.8641340857
"NM_138539",219.230787979464,129.573010089978,172.502852158251,255.127954535552,326.251061356734,306.591812357246
"NM_021836",466.153886019491,675.773083392347,1298.31093992789,811.476711177262,957.845888036908,281.733016760712
"NM_001100505",1326.92319040202,1315.66441014439,1347.33806633076,991.804869216653,967.570211773323,962.982391322854
"NM_001100504",1181.53856258406,907.011070629847,1056.80694690633,954.202809356422,845.04373269449,851.117811138454
"NM_001108896",7287.69293093838,6343.09720163554,3878.59044431603,7245.87650274425,9724.80995260213,8445.47986587941
"NM_001024237",983.077007150016,1166.1570908098,1105.83407330921,803.794569915494,830.943463276688,784.235813462066
"NM_022399",40050.0034250905,34165.4126143405,36492.5244192038,58161.8958160683,42004.2163794459,53199.0063287528
"NM_001107164",4.61538501009397,11.9605855467672,10.8949169784158,7.27781803746423,7.29324280231148,23.0831673396382
"NM_001191557",387.692340847894,275.093467575646,159.792115683432,316.989407853998,382.165922841122,322.572466669303
"NM_001013190",1444.61550815941,1564.84327570204,1329.17987136673,797.729721550941,1009.87102002673,1009.74060208776
"NM_134413",743.07698662513,649.858481374352,724.511979064652,667.133320100888,658.336716955316,630.939907283444
"NM_001007677",27.6923100605638,21.9277401690732,30.8689314388448,50.1360798136425,36.9524301983782,41.4313259942224
"NM_001013870",1204.61548763453,1405.36880174515,1688.71213165445,827.245316925101,867.895893475066,874.792854563724
"NM_001009541",613.846206342498,412.640201363469,782.618202949536,1338.71419566912,1710.50854523545,881.303491505673
"NM_198728",918.461617008701,1000.70232407952,918.804665179734,703.522410288209,745.369414396233,859.404076337298
"NM_001037644",212.307710464323,253.165727406573,241.503993021551,190.436238646981,206.155663212004,185.849090888369
"NM_001107163",316.153873191437,229.244556313038,559.272404892012,464.163061500497,482.326457326199,468.173983734713
"NM_001010947",650.76928642325,685.740238014653,637.352643237326,454.863627341515,390.431598017075,530.912848811678
"NM_001105944",420.000035918552,518.292040359912,475.744708057491,616.592917062942,696.261579527336,611.999872543228
"NM_001105943",6.92307751514096,5.98029277338361,14.5265559712211,6.87349481316066,13.1278370441607,14.205026055162
"NM_001107162",242.307713029934,261.139451104417,314.136772877656,317.393731078301,253.318633333619,284.100521103239
"NM_001013869",655.384671433344,606.003001036205,702.72214510782,764.170893933744,695.289147153694,872.425350221197
"NM_001100922",1818.46169397703,1168.15052173426,1291.04766194227,2715.03045119846,2701.41713397617,2788.9201154968
"NM_022962",1841.5386190275,1487.09946964806,1592.47369834511,2729.99041049769,2949.87360544158,2989.56610852596
"NM_001107160",30.0000025656108,31.8948947913792,58.1062238848844,93.8029880384279,35.0075654510951,79.903271560286
"NM_053563",616.153898847545,625.937310280817,953.305235611384,617.805886735853,492.050781062615,431.477666425544
"NM_053341",1142.30778999826,1004.68918592845,1378.2069977696,1096.12026108697,735.645090659818,786.603317804593
"NM_001278475",64.6153901413156,51.8292040359912,61.7378628776897,119.275351169553,92.8672916827662,82.8626519884447
"NM_017175",946.153927069264,885.083330460774,867.96171928046,1121.1883009938,950.552645234596,1078.99010410668
"NM_001012164",2224.6155748653,1790.10097016616,2175.35175669036,834.523134962565,776.973466539583,1004.41371731708
"NM_138549",3870.0003309638,2978.18580114504,2736.43998107877,4202.93991663559,5013.37510230891,5561.26770059591
"NM_001108442",1596.92321349251,1513.01407166605,1392.73355374082,1210.54373356488,1432.39288637397,1561.36911389655
"NM_001013235",671.538518968673,681.753376165731,622.826087266104,733.846652110977,765.304278055885,702.556913644885
"NM_001109506",124.615395272537,137.546733787823,147.081379208614,166.58116841307,193.514042354665,149.744649664832
"NM_001108443",643.846208908109,759.497182219718,775.354924963926,533.70665608071,701.123741395544,558.73102483637
"NM_013129",60.0000051312216,59.8029277338361,23.6056534532343,80.4603216364101,64.6667528471618,69.2495020189145
"NM_001108444",302.307718161155,289.047484046874,335.926606834488,550.68823150146,691.885633845949,684.800631075933
"NM_001107419",362.307723292377,554.173797000214,561.088224388415,534.919625753621,581.514559437635,451.601453337024
"NM_001108445",136.153857797772,165.45476673028,148.897198705016,97.0375738328564,113.774587716059,108.905199756242
"NM_001108446",4183.84651165019,4802.17509702704,4390.65154230158,3577.85621186228,3231.39277761081,2834.49457409044
"NM_001106174",519.230813635572,283.067191273491,341.374065323696,500.956474912121,538.727534997408,556.363520493843
"NM_001126085",23.0769250504699,53.8226349604525,85.3435163309239,56.6052514024996,32.5764845169913,35.5125651379049
"NM_001107420",332.307720726766,484.403714644072,370.427177266138,453.650657668604,430.787541523198,350.390642693995
"NM_012550",426.923113433692,63.7897895827585,261.47800748198,93.3986648141243,1157.68074082024,898.467897988994
"NM_001191599",422.307728423599,454.502250777154,388.585372230164,422.922092621533,566.928073833012,423.1914012267
"NM_178330",189.230785413853,159.474473956896,228.793256546732,90.5684022439993,146.837288419871,114.232084526927
"NM_001106176",302.307718161155,163.461335805819,163.423754676237,531.280716734889,464.822674600652,567.017290035215
"NM_001106175",1038.46162727114,865.149021216162,866.145899784058,1217.41722837804,1074.05155668707,1035.78314985556
"NM_001044258",343.846183252001,177.415352277047,190.661047122277,120.08399761816,138.571613243918,118.37521712635
"NM_001044292",11.5384625252349,9.96715462230601,14.5265559712211,23.0464237853034,6.32081042866995,8.87814128447622
"NM_001030028",1142.30778999826,1301.71039367316,1180.28267266171,1290.59973197699,1303.05938067965,1302.71926447548
"NM_053516",182.307707898712,366.791290100861,395.848650215775,46.9014940192139,19.9348636596514,12.4293977982667
"NM_001100480",300.000025656108,348.85041178071,372.242996762541,391.789204350158,287.839982597893,335.001864467569
"NM_001271345",1218.46164266481,1102.36730122704,1143.96628273366,790.85622673778,811.494815803857,689.535639760987
"NM_001106178",281.538485615732,185.389075974892,163.423754676237,280.195994442373,254.777281894081,268.119866791182
"NM_001106177",50.7692351110337,87.7109606762929,67.1853213668976,93.3986648141243,91.4086431223039,49.1257151074351
"NM_001109128",55.3846201211277,99.6715462230601,112.580808776963,65.0960391128745,40.8421596929443,65.1063694194923
"NM_139040",745.384679130177,582.081829942671,601.036253309273,488.422454958711,624.787800064683,599.570474744961
"NM_001191600",272.307715595544,237.218280010883,245.135632014356,367.934134116247,386.541868522508,390.638216516954
"NM_138858",6.92307751514096,5.98029277338361,1.81581949640264,11.7253735048035,14.586485604623,8.28626519884447
"NM_001106179",879.230844422902,930.932241723381,889.751553237292,794.090812532208,868.382109661887,837.504661168924
"NM_001039099",150.000012828054,171.435059503663,125.291545251782,148.38662331941,197.889988036052,174.011569175734
"NM_017081",106.153855232161,37.8751875647628,61.7378628776897,143.93906785207,134.195667562531,201.237869114794
"NM_001009639",9.23077002018795,3.9868618489224,21.7898339568316,17.790221869357,59.3183747921334,30.7775564528509
"NM_001011927",4091.53881144831,3376.87198603728,2907.12701374062,4519.92932448959,4400.25649072793,4275.12096651812
"NM_031824",1232.30779769509,1138.24905786735,1236.5730770502,1411.08805281945,1506.78396295755,1182.56841909223
"NM_001100660",586.153896281935,478.423421870688,633.72100424452,514.299141314139,541.644832118333,527.953468383519
"NM_001037193",606.923128827357,586.068691791593,564.71986338122,555.135786968799,477.950511644812,548.077255294999
"NM_001106180",53.0769276160807,41.8620494136852,90.7909748201318,19.8118379908749,23.8245931542175,30.7775564528509
"NM_001107421",180.000015393665,119.605855467672,154.344657194224,179.519511590784,169.203233013626,145.009640979778
"NM_054009",2.30769250504699,7.97372369784481,5.44745848920791,5.66052514024996,7.29324280231148,10.6537695413715
"NM_001025637",720.00006157466,623.943879356356,1089.49169784158,1015.25561622626,538.727534997408,1141.13709309801
"NM_001024257",60.0000051312216,27.9080329424568,87.1593358273266,113.614826029303,59.3183747921334,97.6595541292384
"NM_001033068",835.384686827009,1152.20307433857,1089.49169784158,871.31654837419,969.515076520606,903.202906674048
"NM_001108897",246.923098040028,259.146020179956,226.97743705033,261.192802900105,211.990257453854,261.609229849233
"NM_001107422",364.615415797424,314.96208606487,328.663328848877,325.884518788676,375.358896225631,420.232020798541
"NM_001007629",1375.384733008,1453.21114393222,1781.31892597099,1125.63585646113,1113.43506781955,1077.21447584978
"NM_019229",1643.07706359345,2557.57187608372,2576.64786539534,1355.29144786556,1198.03668432637,1007.37309774524
"NM_001108898",293.076948140967,388.719030269934,357.716440791319,280.600317666677,357.855113500083,265.160486363023
"NM_001106181",406.15388088827,386.725599345473,441.244137625841,297.98621631173,367.579437236499,384.127579575005
"NM_001011928",9.23077002018795,5.98029277338361,12.7107364748185,19.0031915422677,10.6967561100568,16.5725303976889
"NM_001107423",3853.84648342847,3323.04935107682,2522.17328050326,4432.19118481572,4382.75270800238,4097.55814082859
"NM_001004277",660.000056443438,641.884757676507,775.354924963926,507.021323276675,504.206185733134,555.771644408212
"NM_139328",406.15388088827,424.600786910236,406.743567194191,315.776438181087,354.937816379159,333.226236210674
"NM_001014153",927.692387028889,1150.20964341411,1207.51996510775,562.00928178196,491.078348688973,495.400283673773
"NM_001025765",53.0769276160807,53.8226349604525,58.1062238848844,53.7749888323746,43.7594568138689,49.7175911930668
"NM_053938",30.0000025656108,79.7372369784481,69.0011408633002,38.8150295331426,35.9799978247366,36.1044412235366
"NM_031334",5540.76970461781,3440.66177562003,4363.41424985554,6391.13720656651,6944.13958017417,5670.17290035215
"NM_001194951",2021.53863442116,1780.13381554385,1906.61047122277,2146.14767460334,1989.11042028375,1995.80616075025
"NM_001009640",863.076996887573,1020.63663332414,1142.15046323726,592.333523604728,639.860501856127,493.624655416878
"NM_145678",1047.69239729133,1028.61035702198,958.752694100592,997.869717581207,1053.6304768406,972.452408692962
"NM_001108448",150.000012828054,161.467904881357,139.818101223003,122.914260188285,145.86485604623,114.232084526927
"NM_001106182",1063.84624482666,1176.12424543211,936.962860143761,1006.36050529158,959.790752784191,995.5355760326
"NM_138847",445.384653474068,552.180366075753,573.798960863233,266.449004816052,356.396464939621,259.241725506706
"NM_030586",4901.5388807198,2824.69161996152,2772.75637100683,4090.5380602792,3529.92951631876,3199.68211892523
"NM_017000",4135.3849690442,6351.07092533339,7786.23400057451,3700.36614882626,1949.72690915127,2106.48698876339
"NM_199086",1479.23089573512,1467.16516040344,1459.91887510772,801.772953793976,864.0061639805,943.450480497007
"NM_001107426",3930.00033609502,3526.37930537187,3422.81975071897,2925.68285106062,3013.5679259151,2521.98400087688
"NM_001013891",394.615418363035,418.620494136852,519.324375971154,227.633975282909,249.428903839053,300.081175415296
"NM_001106185",939.230849554123,1114.32788677381,1047.72784942432,995.848101459689,1006.46750671898,892.549137132676
"NM_012582",201348.478757855,129720.523978388,113574.062041496,305257.160854381,250397.932699386,203624.313492062
"NM_001008553",413.076958403411,472.443129097305,448.507415611451,296.773246638819,299.995387268412,256.874221164179
"NM_001017454",826.153916806821,715.641701881572,797.144758920758,753.254166877548,881.023730519227,832.177776398238
"NM_001109131",265.384638080403,251.172296482111,217.898339568316,331.94936715323,260.125659949109,194.727232172845
"NM_001109132",103.846162727114,69.7700823561421,96.2384333093398,64.2873926642674,52.5113481766427,43.2069542511176
"NM_012668",38741.5417747288,17550.1658589564,26541.8335789173,14660.7601132474,57766.3727238015,10438.9185222871
"NM_001107428",966.923159614687,737.569442050645,786.249841942342,676.028431035566,978.753184070201,513.156566242726
"NM_001025766",133.846165292725,63.7897895827585,125.291545251782,114.019149253606,150.727017914437,139.682756209093
"NM_001191558",120.000010262443,97.6781152985989,90.7909748201318,228.038298507213,190.110529046919,152.704030092991
"NM_001108449",1386.92319553324,1441.25055838545,1247.46799402861,1514.19047501686,1767.8820552803,1631.2104920011
"NM_031695",131.538472787678,109.638700845366,136.186462230198,160.516320048517,131.764586628427,171.644064833207
"NM_001107429",293.076948140967,328.916102536098,332.294967841683,284.239226685409,296.591873960667,327.899351439988
"NM_001100517",10216.154719843,9927.28600381679,10493.6208697108,10914.7054400748,9238.10754959454,8320.59401181112
"NM_001107430",546.923123696136,540.219780528986,303.24185589924,589.098937810299,492.536997249435,547.485379209367
"NM_012931",3009.23102658127,1509.02720981713,1710.50196561128,3339.70983274748,5229.25508925733,3959.65101287639
"NM_199378",971.538544624781,1038.57751164429,1109.46571230201,840.183660102815,824.136436661197,752.274504837952
"NM_001134608",694.615444019143,538.226349604525,504.797819999933,693.010006456316,601.935639284108,575.303555234059
"NM_001271031",293.076948140967,211.303677992887,301.426036402838,431.008557107604,355.424032565979,453.377081593919
"NM_001109611",150.000012828054,121.599286392133,168.871213165445,148.790946543713,149.268369353975,169.27656049068
"NM_022706",563.076971231465,556.167227924675,524.771834460362,970.375738328564,1119.2696620614,1049.39629982509
"NM_001013143",450.000038484162,446.528527079309,532.035112445973,548.666615379942,513.444293282728,562.282281350161
"NM_001107433",491.538503575008,396.692753967779,415.822664676204,506.212676828068,493.509429623077,494.808407588141
"NM_001305427",13.8461550302819,15.9474473956896,7.26327798561055,5.25620191594639,2.43108093410383,2.95938042815874
"NM_019318",574.6154337567,440.548234305926,326.847509352475,666.728996876584,625.274016251504,677.10624196272
"NM_001106189",23.0769250504699,43.8554803381464,36.3163899280527,25.8766863554284,16.531350351906,23.6750434252699
"NM_001008366",96.9230852119734,95.6846843741377,161.607935179835,130.192078225749,55.914861484388,84.63828024534
"NM_133598",4008.46188126662,3362.91796956605,3184.94739669023,4333.53631808565,4752.76322617298,5181.87512970596
"NM_053648",454.615423494256,673.779652467886,463.033971582672,573.734655286764,1071.62047575297,640.409924653551
"NM_001107434",110.769240242255,173.428490428125,130.73900374099,152.834178786749,123.498911452474,172.235940918839
"NM_017168",60.0000051312216,95.6846843741377,110.764989280561,116.849411823731,92.3810754959454,110.680828013137
"NM_024391",1654.61552611869,1985.45720076336,571.983141366831,2545.21469699096,1189.77100915041,2531.45401824699
"NM_053477",3064.6156467024,3237.33182132499,1973.79579258967,2827.43230755485,2685.85821599791,2942.80789776105
"NM_173119",2801.53870112704,2148.91853656918,2333.32805287739,2344.67037773639,2458.30904056579,2296.47921225118
"NM_133415",36.9230800807518,7.97372369784481,41.7638484172606,12.9383431777142,14.1002694178022,12.4293977982667
"NM_053569",2824.61562617751,3119.71939678178,2692.86031316511,2660.04249269318,2433.02579885111,2778.85822204106
"NM_001107435",11.5384625252349,11.9605855467672,1.81581949640264,2.42593934582141,7.77945898913225,7.10251302758098
"NM_001014155",270.000023090497,269.113174802262,421.270123165412,290.708398274266,262.556740883213,246.220451622807
"NM_001108452",459.23080850435,207.316816143965,557.45658539561,606.484836455353,578.597262316711,770.622663492536
"NM_001017511",108.461547737208,133.559871938901,128.923184244587,132.213694347267,134.195667562531,145.60151706541
"NM_001034146",1446.92320066446,1748.23892075247,1777.68728697818,1404.6188812306,1505.32531439709,934.57233921253
"NM_133394",980.769314644969,1132.26876509396,1189.36177014373,475.079788556693,528.516995074172,576.487307405323
"NM_001107436",355.384645777236,356.824135478555,319.584231366864,380.872477293961,464.336458413831,443.315188138179
"NM_001106190",193.846170423947,263.132882028879,283.267841438811,219.951834021141,231.925121113505,210.116010399271
"NM_001008722",196.153862928994,177.415352277047,259.662187985577,267.661974488962,295.133225400205,369.330677434211
"NM_017202",6890.7698200703,7100.6009529308,6638.63607884804,6403.67122651992,6811.4025611721,7133.29058403383
"NM_001012165",595.384666302122,751.523458521873,633.72100424452,466.589000846318,460.446728919265,413.721383856592
"NM_022867",3233.07719957083,4810.14882072488,2765.49309302122,2028.489616331,2779.21172386749,2258.00726668512
"NM_001044259",156.923090343195,235.224849086422,143.449740215808,202.161612151784,166.772152079523,131.98836709588
"NM_001107438",9.23077002018795,25.9146020179956,19.974014460429,25.4723631311248,10.2105399232361,20.7156629971112
"NM_017353",657.692363938391,1002.69575500398,1133.07136575525,348.93094257398,138.571613243918,332.042484039411
"NM_001106191",180.000015393665,207.316816143965,236.056534532343,179.923834815088,117.178101023804,188.808471316528
"NM_001037094",263.076945575356,320.942378838253,345.005704316501,222.377773366963,207.614311772467,189.992223487791
"NM_031062",1160.76933003863,229.244556313038,426.71758165462,1375.91193230504,1189.28479296359,654.614950708713
"NM_024160",90.0000076968325,63.7897895827585,176.134491151056,109.975917010571,104.050263979644,149.152773579201
"NM_001002279",219.230787979464,167.448197654741,223.345798057524,184.775713506731,241.64944484992,247.404203794071
"NM_001106193",170.769245373477,171.435059503663,196.108505611485,150.812562665231,126.416208573399,146.193393151042
"NM_001047851",50.7692351110337,81.7306679029093,74.4485993525081,133.830987244481,140.03026180438,137.315251866566
"NM_001013061",1410.00012058371,1391.41478527392,1192.99340913653,955.415779029332,913.113998849397,1104.44077578884
"NM_001106192",53.0769276160807,91.6978225252153,118.028267266171,123.722906636892,45.7043215611519,74.5763867896003
"NM_001108454",36.9230800807518,37.8751875647628,43.5796679136633,50.5404030379461,88.9775621882001,103.578314985556
"NM_181388",925.384694523842,1078.44613013351,1187.54595064732,602.441604212317,641.80536660341,610.224244286332
"NM_031101",343.846183252001,570.121244395904,644.615921222936,335.588276171962,328.195926104017,397.148853458903
"NM_001109133",579.230818766794,1054.52495903998,969.647611079008,200.948642478874,810.522383430216,190.584099573423
"NM_001107440",932.307772038983,617.963586582973,800.776397913563,723.738571503388,707.444551824214,664.676844164453
"NM_001083313",1204.61548763453,1359.51989048254,1271.07364748185,1140.59581576037,1247.63073538208,1340.00745787028
"NM_001025722",103.846162727114,83.7240988273705,90.7909748201318,92.5900183655172,83.6291841331716,99.4351823861337
"NM_053591",69.2307751514096,107.645269920905,72.6327798561055,92.1856951412136,63.6943204735203,105.945819328083
"NM_001109936",16.1538475353289,9.96715462230601,14.5265559712211,6.87349481316066,4.37594568138689,7.10251302758098
"NM_001127538",48.4615426059867,37.8751875647628,139.818101223003,14.5556360749285,13.6140532309814,2.36750434252699
"NM_139254",13.8461550302819,29.901463866918,30.8689314388448,30.3242418227676,17.9899989123683,12.4293977982667
"NM_001108456",1437.69243064427,1620.65934158696,1714.13360460409,1379.95516454808,1503.38044964981,1466.66894019547
"NM_001024774",1659.23091112878,2117.0236417778,1251.09963302142,2197.09240086559,2248.26364785922,1973.90674558188
"NM_001039030",25.3846175555169,45.8489112626076,41.7638484172606,23.0464237853034,25.7694579015006,17.7562825689524
"NM_001107441",6.92307751514096,11.9605855467672,14.5265559712211,31.5372114956783,21.3935122201137,31.9613086241144
"NM_001107442",216.923095474417,237.218280010883,259.662187985577,371.573043134979,482.81267351302,417.272640370382
"NM_001135708",293.076948140967,374.765013798706,310.505133884851,330.332074256015,344.241060269102,240.893566852121
"NM_001012166",611.538513837451,498.3577311153,611.931170287689,780.748146130191,831.429679463509,812.053989486758
"NM_001110494",886.153921938043,1126.28847232058,1064.07022489195,817.945882766119,904.362107486624,981.330549977438
"NM_134432",48844.6195618245,41150.3945736526,27814.7230458956,31704.1969873157,34004.015241497,33756.4687918355
"NM_001109134",623.076976362686,538.226349604525,633.72100424452,817.541559541815,1019.59534376314,1018.02686728661
"NM_001136162",2646.92330328889,3131.67998232855,2763.67727352481,2517.72071773832,3435.11735988871,2178.69587121046
"NM_001106197",378.461570827706,366.791290100861,401.296108704983,272.109529956302,384.110787588405,334.409988381938
"NM_001011711",295.384640646014,171.435059503663,335.926606834488,674.411138138352,724.46211836294,324.348094926198
"NM_001034919",918.461617008701,934.919103572304,815.302953884784,794.495135756512,903.875891299803,848.158430710295
"NM_001106199",189.230785413853,141.533595636745,187.029408129472,161.729289721427,177.468908189579,146.785269236674
"NM_139043",357.692338282283,426.594217834697,330.47914834528,302.433771779069,362.23105918147,281.733016760712
"NM_001012504",1626.92321605813,1931.6345658029,2498.56762705003,1663.38574478488,1457.67612808865,1365.45812955244
"NM_001277391",103.846162727114,53.8226349604525,54.4745848920791,176.284925796356,180.386205310504,117.783341040718
"NM_001134573",706.153906544378,709.661409108188,524.771834460362,595.163786174853,791.073735957385,751.090752666688
"NM_152935",1564.61551842186,2270.51782296131,1859.3991643163,1071.45654440446,1295.27992169052,1042.88566288314
"NM_001014015",510.000043615384,639.891326752046,602.852072805675,399.471345611926,500.802672425388,409.57825125717
"NM_017022",7273.8467759081,7874.05215162175,9171.70427632972,5557.82704127685,5163.61590403653,5435.19809435634
"NM_001012175",2194.61557229968,2009.37837185689,2031.90201647455,1912.44885095588,2106.28852130756,1700.45999402001
"NM_213562",750.000064140271,891.063623234157,650.063379712144,648.938775007227,826.567517595301,753.458257009215
"NM_012645",71.5384676564566,209.310247068426,326.847509352475,135.043956917392,134.195667562531,127.253358410826
"NM_001002809",1913.07708668395,2081.14188513749,2099.08733784145,1701.79645109372,1652.16260281696,1667.31493322463
"NM_001108529",163.846167858336,135.553302863362,96.2384333093398,142.321774954856,115.233236276521,150.336525750464
"NM_053502",267.69233058545,209.310247068426,256.030548992772,339.631508414997,343.754844082281,446.86644465197
"NM_001008307",318.461565696484,402.673046741163,401.296108704983,283.430580236801,375.845112412452,348.023138351468
"NM_001134576",16.1538475353289,51.8292040359912,32.6847509352475,5.66052514024996,17.5037827255476,23.0831673396382
"NM_001014249",334.615413231813,332.902964385021,236.056534532343,319.415347199819,390.431598017075,418.456392541646
"NM_001083966",519.230813635572,568.127813471443,528.403473453167,634.383138932299,497.885375304464,548.077255294999
"NM_031028",341.538490746954,277.086898500107,544.745848920791,443.542577061015,561.579695777984,522.034707527202
"NR_002597",207.692325454229,203.329954295043,265.109646474785,181.541127712302,99.6743182982569,142.05026055162
"NR_002151",16.1538475353289,13.9540164712284,14.5265559712211,29.5155953741605,14.586485604623,40.8394499085906
"NM_212496",994.615469675251,1146.22278156519,877.040816762474,794.495135756512,793.018600704668,810.278361229863
"NM_172222",2993.07717904594,3388.83257158404,3747.85144057504,5179.78482655302,4848.06159878985,5702.13420897626
"NM_001033985",468.461578524538,546.200073302369,1118.54480978402,322.649932994248,252.346200959977,285.876149360134
"NM_001008842",473.076963534632,1341.57901216239,2082.74496237382,1603.95023081226,1123.15939155597,1300.94363621858
"NM_001002807",447.692345979115,416.627063212391,722.696159568249,386.128679209908,430.787541523198,446.86644465197
"NM_033098",2646.92330328889,2332.31418161961,3798.69438647432,1608.3977862796,1242.76857351388,1721.76753310276
"NM_001039607",12440.7702947083,12195.8103958536,10980.2604947467,12130.90969878,12155.890886706,10730.7134325036
"NM_001107613",486.923118564914,438.554803381464,432.165040143828,604.867543558138,662.226446449882,626.204898598389
"NM_031020",4548.46192744761,3755.6238616849,3117.76207532333,4560.76597014425,5230.71373781779,4995.43416273195
"NM_001012174",906.923154483466,1060.50525181336,1318.28495438831,740.720146924137,623.815367691042,667.636224592612
"NM_001107616",4.61538501009397,5.98029277338361,5.44745848920791,8.49078771037494,4.86216186820765,9.47001737010797
"NM_001014031",2372.3078951883,2445.93974431389,2553.04221194211,2729.58608727339,2519.57228010521,2738.6106482181
"NM_199379",5277.69275904246,4335.71226070311,4268.9916360426,4761.71461262313,3879.51895464289,4740.9274459103
"NM_207594",1857.69246656282,1718.33745688556,1607.00025431633,1927.40881025511,2260.41905252974,1891.04409359344
"NM_001013073",207.692325454229,283.067191273491,243.319812517953,209.843753413552,233.869985860788,231.423549482014
"NM_138543",6.92307751514096,5.98029277338361,10.8949169784158,5.66052514024996,10.6967561100568,1.1837521712635
"NM_001011944",71.5384676564566,103.658408071982,134.370642733795,94.2073112627315,79.7394546386055,86.4139085022352
"NM_001024295",1950.0001667647,1931.6345658029,1939.29522215802,2699.26184545062,3090.39008343278,2562.23157469984
"NM_013190",1728.46168628019,1796.08126293954,1766.79236999977,1554.62279744722,1413.43045508796,1441.21826851331
"NM_001106378",1899.23093165367,1377.46076880269,1478.07707007175,3174.34163400732,2530.26903621526,2548.02654864468
"NM_001100741",1149.2308675134,990.735169457217,1047.72784942432,1453.94631459563,1462.05207377004,1933.65917175892
"NM_053489",16878.4629819137,14342.7355014983,13322.6676451061,19679.2199733033,22623.1529565834,24519.0587233808
"NM_001011945",41.5384650908458,19.934309244612,49.0271264028712,35.1761205144105,44.7318891875104,47.9419629361716
"NM_053575",632.307746382874,749.530027597412,875.224997266071,826.436670476494,765.790494242705,768.255159150009
"NM_001191564",678.461596483814,936.912534496765,704.537964604223,609.315099025478,571.79023570122,481.787133704243
"NM_001039455",512.307736120431,558.160658849137,590.141336330857,649.343098231531,691.399417659128,620.286137742072
"NM_134417",738.461601615036,717.635132806033,684.563950143794,976.036263468814,1281.66586845954,936.347967469425
"NM_001108531",297.692333151061,392.705892118857,410.375206186996,286.260842806926,256.235930454543,200.054116943531
"NM_031805",30.0000025656108,29.901463866918,25.4214729496369,65.0960391128745,63.2081042866995,65.698245505124
"NM_001025145",4.61538501009397,3.9868618489224,18.1581949640264,1.61729289721427,10.6967561100568,11.2456456270032
"NM_001107624",420.000035918552,396.692753967779,390.401191726567,336.396922620569,264.987821817317,272.262999390604
"NM_001191719",1389.23088803829,1465.17172947898,1347.33806633076,2251.27171292227,2376.13850499308,2150.28581910014
"NM_138530",2480.76944292551,1636.60678898265,793.513119927952,1805.70751973974,2914.86603999049,2352.11556430057
"NM_181639",235.384635514793,197.349661521659,187.029408129472,247.850136498087,199.834852783335,244.444823365912
"NM_001139483",1975.38478432022,1827.97615773092,1844.87260834508,959.863334496672,845.04373269449,981.330549977438
"NM_001109172",318.461565696484,169.441628579202,174.318671654653,327.097488461587,282.005388356044,370.514429605474
"NM_001034128",2610.00022320814,2796.78358701907,1122.17644877683,1848.16145829161,2596.39443762289,2101.16010399271
"NM_001107636",11.5384625252349,19.934309244612,32.6847509352475,34.3674740658033,29.6591873960667,56.8201042206478
"NM_001108535",1426.15396811904,1556.8695520042,1479.89288956815,1771.34004567393,1491.22504497929,1376.70377517945
"NM_020074",221.538480484511,225.257694464116,250.583090503564,254.723631311248,358.341329686904,312.510573213563
"NM_001025113",161.538475353289,173.428490428125,250.583090503564,145.556360749285,158.50647690357,110.088951927505
"NM_001013198",939.230849554123,879.10303768739,989.621625539437,767.809802952477,1014.73318189494,802.58397211665
"NM_001107631",1038.46162727114,1243.90089686379,1085.86005884878,1053.2619993108,1279.72100371225,1023.35375205729
"NM_001177829",166.153860363383,161.467904881357,132.554823237392,177.093572244963,176.982692002759,135.53962360967
"NM_001033656",5102.30812865889,4040.68448388286,4250.83344107857,9022.87707355843,7077.84903154988,7931.13954746542
"NM_001107633",1474.61551072502,1518.99436443944,1307.3900374099,1330.22340795874,1297.2247864378,1306.27052098927
"NM_001145456",327.692335716672,304.994931442564,495.71872251792,287.878135704141,279.088091235119,314.87807755609
"NM_001108933",484.615426059867,366.791290100861,473.928888561088,609.315099025478,730.29671260479,673.554985448929
"NM_001005539",2919.23101888444,2637.30911306217,1881.18899827313,3184.44971461491,4250.01568900031,4648.00290046612
"NM_001106393",1336.15396042221,1255.86148241056,993.253264532242,1081.56462501205,1128.02155342418,1004.41371731708
"NM_001309447",293.076948140967,261.139451104417,201.555964100693,289.495428601355,279.088091235119,255.690468992915
"NM_012755",180.000015393665,115.61899361875,161.607935179835,166.58116841307,171.148097760909,161.582171377467
"NM_001044248",519.230813635572,460.482543550538,484.823805539504,507.021323276675,433.704838644123,472.317116334135
"NM_001107634",309.230795676296,304.994931442564,265.109646474785,487.2094852858,411.338894050367,484.15463804677
"NM_001108538",957.692389594499,1064.49211366228,884.304094748084,955.820102253636,914.086431223039,1018.61874337224
"NM_138831",205.384632949182,103.658408071982,69.0011408633002,259.575510002891,331.599439411762,239.709814680858
"NM_001025038",27.6923100605638,13.9540164712284,18.1581949640264,12.9383431777142,15.5589179782645,17.7562825689524
"NM_001047096",609.230821332404,528.259194982219,488.455444532309,659.855502063424,740.507252528026,584.773572604167
"NM_001106396",863.076996887573,472.443129097305,383.137913740956,874.955457392922,887.830757134717,1077.21447584978
"NM_001017448",120.000010262443,103.658408071982,134.370642733795,77.2257358419816,85.5740488804547,71.0251302758098
"NM_001107638",214.61540296937,127.579579165517,123.475725755379,209.843753413552,181.844853870966,162.765923548731
"NM_001107644",537.692353675948,502.344592964223,481.192166546699,443.946900285318,270.336199872346,540.974742267418
"NM_001014250",872.307766907761,855.181866593856,860.69844129485,739.102854026923,818.788058606169,739.845107039685
"NM_001108539",450.000038484162,498.3577311153,579.246419352441,431.817203556211,421.063217786783,368.738801348579
"NM_001277057",1329.23088290706,1580.79072309773,1755.89745302135,2040.21498983581,1590.89936327754,1712.88939181828
"NM_001009651",726.923139089801,338.883257158404,648.247560215741,335.588276171962,397.238624632565,260.425477677969
"NM_133387",558.461586221371,308.981793291486,303.24185589924,390.576234677247,460.446728919265,468.173983734713
"NM_022921",73.8461601615036,135.553302863362,176.134491151056,79.651675187803,85.0878326936339,123.702101897035
"NM_212542",1103.07701741246,1008.67604777737,1185.73013115092,674.411138138352,881.023730519227,802.58397211665
"NM_134374",454.615423494256,255.159158331034,256.030548992772,433.434496453425,490.105916315331,464.030851135291
"NM_001166303",73.8461601615036,95.6846843741377,74.4485993525081,66.3090087857852,48.1354024952558,48.5338390218033
"NM_022668",87.6923151917855,89.7043916007541,141.633920719406,64.691715888571,83.6291841331716,110.088951927505
"NM_001166300",73.8461601615036,21.9277401690732,29.0531119424422,10.5124038318928,14.586485604623,12.4293977982667
"NM_213565",120.000010262443,75.7503751295257,203.371783597095,108.358624113356,163.368638771777,156.847162692413
"NM_001008853",55.3846201211277,171.435059503663,87.1593358273266,73.5868268232495,37.9248625720197,26.0425477677969
"NM_001008852",16.1538475353289,27.9080329424568,16.3423754676237,7.6821412617678,6.32081042866995,6.51063694194923
"NM_001011665",1153.84625252349,1088.41328475582,1118.54480978402,1558.66602969026,1795.59637792909,1788.05765469351
"NM_001291382",207.692325454229,175.421921352586,192.47686661868,201.757288927481,319.930250928064,262.792982020496
"NM_001002831",2637.69253326871,1441.25055838545,1311.0216764027,1823.09341838479,1965.77204331635,2479.36892271139
"NM_001044283",3200.76950450017,2657.24342230678,2956.15414014349,2833.49715591941,2867.70306986887,2901.37657176683
"NM_001166403",180.000015393665,199.34309244612,355.900621294917,210.248076637856,166.285935892702,398.332605630166
"NM_001008886",3678.4618530449,4535.05535314923,6527.87108956748,5498.39152730423,6583.36716955316,10810.6167040639
"NM_001008855",366.923108302471,683.746807090192,1129.43972676244,485.187869164282,473.088349776605,743.396363553476
"NM_001008826",170.769245373477,81.7306679029093,148.897198705016,67.9263016829995,40.3559435061235,55.0444759637526
"NM_001008856",16.1538475353289,129.573010089978,188.845227625874,130.192078225749,68.5564823417279,113.640208441296
"NM_212544",671.538518968673,506.331454813145,677.300672158183,422.113446172925,456.556999424699,440.355807710021
"NM_213610",392.307725857988,340.876688082866,306.873494892046,322.245609769944,324.30619660945,377.616942633055
"NM_212534",2466.92328789523,3073.87048551917,2787.28292697805,1320.11532735115,1445.03450723131,1350.06935132602
"NM_022951",1163.07702254368,1263.8352061084,1082.22841985597,1280.8959745937,1760.10259629117,1085.50074104863
"NM_001109883",2713.84638593526,3410.76031175312,3840.45823489158,2518.12504096262,2317.30634638777,2077.48506056744
"NM_212498",78.4615451715975,61.7963586582973,90.7909748201318,118.466704720946,105.508912540106,120.150845383245
"NM_212500",1156.15394502854,1158.18336711196,1438.12904115089,899.214850851136,839.695354639462,903.794782759679
"NM_001008858",96.9230852119734,113.625562694289,183.397769136666,233.698823647463,112.802155342418,221.953532111906
"NM_173102",4636.1542426394,3185.502617289,6936.43047625807,5015.22527426146,3087.47278631186,4107.62003428433
"NM_001166275",281.538485615732,366.791290100861,461.21815208627,595.97243262346,288.812414971535,435.028922939335
"NM_001126287",173.076937878524,135.553302863362,159.792115683432,245.019873927962,252.832417146798,286.468025445766
"NM_022701",1170.00010005882,922.958518025536,1040.46457143871,771.853035195512,672.923202559939,813.829617743654
"NM_212508",30.0000025656108,39.868618489224,29.0531119424422,43.2625850004818,25.7694579015006,30.7775564528509
"NM_212505",436.15388345388,486.397145568533,704.537964604223,1006.36050529158,556.231317722956,319.613086241144
"NM_213563",636.923131392968,821.293540878015,621.010267769702,839.375013654208,801.284275880621,873.017226306828
"NM_212501",360.00003078733,404.666477665624,433.98085964023,504.595383930853,456.556999424699,551.628511808789
"NM_001008845",1031.538549756,1170.14395265873,1656.0273807192,992.61351566526,607.770233525957,734.518222268999
"NM_001008833",867.692381897667,2374.17623103329,3223.07960611468,1293.42999454712,903.389675112982,974.228036949857
"NM_212507",101.538470222067,55.8160658849137,163.423754676237,35.580443738714,52.9975643634634,40.2475738229589
"NM_133300",3634.615695449,4648.68091584352,4212.70123165412,3262.07977368119,3291.19736858976,3644.7729353203
"NM_012675",18.4615400403759,1.9934309244612,10.8949169784158,11.3210502804999,10.6967561100568,17.7562825689524
"NM_212509",180.000015393665,199.34309244612,228.793256546732,120.488320842463,113.288371529238,135.53962360967
"NM_001008840",156.923090343195,332.902964385021,472.113069064686,426.965324864568,368.065653423319,386.495083917532
"NM_001008832",159.230782848242,245.192003708728,424.901762158217,131.40504789866,98.2156697377946,114.823960612559
"NM_001008841",210.000017959276,129.573010089978,134.370642733795,186.797329628249,160.451341650853,171.052188747575
"NM_001034157",228.461557999652,279.080329424568,250.583090503564,215.908601778106,160.451341650853,190.584099573423
"NM_019373",6295.38515376818,3819.41365126766,3215.81632812907,7779.98748204926,9128.70890755987,11338.5701724474
"NM_022634",57.6923126261747,51.8292040359912,59.922043381287,59.4355139726246,85.5740488804547,98.8433063005019
"NM_031021",394.615418363035,205.323385219504,161.607935179835,107.145654440446,100.646750671898,114.232084526927
"NM_017196",290.76925563592,265.12631295334,308.689314388448,445.159869958229,417.659704479037,564.649785692688
"NM_212462",5506.15431704211,5611.50805235828,5739.80542812874,6915.54442848824,6052.41909354489,6308.8071967488
"NM_053609",66.9230826463626,75.7503751295257,61.7378628776897,51.7533727108568,39.8697273193028,43.7988303367494
"NM_181822",30.0000025656108,31.8948947913792,36.3163899280527,40.0279992060533,48.6216186820765,54.4525998781208
"NM_001033968",203.076940444135,183.395645050431,141.633920719406,97.44189705716,104.050263979644,118.37521712635
"NM_212531",1146.92317500835,1100.37387030258,1076.78096136676,974.4189705716,912.141566475756,1011.51623034466
"NM_001001934",2.30769250504699,7.97372369784481,1.81581949640264,4.44755546733925,7.29324280231148,1.1837521712635
"NM_001003975",270.000023090497,251.172296482111,254.214729496369,250.680399068212,309.719711004828,311.3268210423
"NM_053292",1929.23093421928,2089.11560883534,2721.91342510755,1508.93427310092,1089.61047466534,1218.08098423014
"NM_031522",844.615456847197,787.405215162175,778.986563956731,448.798778976961,513.444293282728,498.359664101932
"NM_001134991",73.8461601615036,55.8160658849137,65.3695018704949,84.9078771037494,44.2456730006896,74.5763867896003
"NR_110713",221.538480484511,384.732168421012,404.927747697788,86.5251700009636,97.7294535509738,106.537695413715
"NM_212541",69.2307751514096,125.586148241056,74.4485993525081,59.4355139726246,101.132966858719,145.60151706541
"NM_212504",60.0000051312216,51.8292040359912,52.6587653956765,14.5556360749285,14.1002694178022,26.0425477677969
"NM_212463",2644.61561078385,2300.41928682823,2487.67271007161,2885.65485185457,2573.05606065549,3113.86008650863
"NR_024118",18.4615400403759,45.8489112626076,23.6056534532343,33.9631508414997,32.5764845169913,42.0232020798541
"NM_001013197",138.461550302819,191.369368748275,163.423754676237,104.719715094624,98.7018859246154,116.599588869454
"NM_213559",1869.23092908806,2121.01050362672,2073.66586489181,1730.09907679497,1840.81448330342,1971.53924123935
"NM_212497",466.153886019491,410.646770439008,522.956014963959,318.606700751212,274.225929366912,347.431262265836
"NM_212466",29937.6948679746,18576.7827850539,16928.8851649618,62234.6436544782,56253.2679504153,61651.5887076598
"NM_001002805",701.538521534284,875.116175838468,664.589935683365,1107.03698814317,706.958335637393,859.99595242293
"NM_001109025",1354.61550046258,1237.92060409041,1143.96628273366,1526.32017174597,1246.17208682162,1680.33620710853
"NM_001002818",219.230787979464,257.152589255495,210.635061582706,193.266501217106,191.082961420561,241.485442937753
"NM_019367",530.769276160807,454.502250777154,481.192166546699,557.561726314621,582.486991811277,721.496948385101
"NM_053336",16.1538475353289,25.9146020179956,19.974014460429,27.8983024769462,17.9899989123683,29.0019281959557
"NM_001032285",25.3846175555169,17.9408783201508,29.0531119424422,26.281009579732,35.4937816379159,26.6344238534287
"NM_212458",189.230785413853,167.448197654741,187.029408129472,184.371390282427,180.386205310504,245.628575537175
"NM_001165880",11.5384625252349,3.9868618489224,1.81581949640264,7.27781803746423,7.77945898913225,4.14313259942224
"NM_001002827",203.076940444135,165.45476673028,161.607935179835,155.26011813257,156.075395969466,165.133427891258
"NM_001002828",468.461578524538,442.541665230387,526.587653956765,716.460753465923,636.456988548382,846.3828024534
"NM_001003974",64.6153901413156,39.868618489224,50.8429458992738,82.8862609822315,69.0426985285487,76.9438911321273
"NM_001008884",304.615410666202,404.666477665624,577.430599856038,528.04613094046,723.003469802478,726.231957070155
"NM_001164826",4.61538501009397,13.9540164712284,12.7107364748185,16.9815754207499,24.3108093410383,24.8587955965334
"NM_001008831",380.769263332753,488.390576492994,788.065661438744,750.019581083119,1008.89858765309,1007.37309774524
"NM_001008847",593.076973797076,815.313248104632,1214.78324309336,1155.5557750596,1716.82935566412,1749.58570912745
"NM_012708",588.461588786982,466.462836323921,902.462289712111,853.526326504833,616.52212488873,1102.66514753195
"NM_198741",136.153857797772,111.632131769827,197.924325107887,136.256926590303,136.140532309814,185.849090888369
"NM_032056",1144.61548250331,833.254126424782,1668.73811719402,1415.13128506249,1087.66560991805,1350.66122741165
"NM_032055",973.846237129828,811.326386255709,2117.24553280547,881.020305757476,809.549951056574,1219.85661248703
"NM_198740",302.307718161155,213.297108917349,321.400050863267,303.242418227676,294.160793026563,414.905136027855
"NM_001008846",6.92307751514096,11.9605855467672,5.44745848920791,20.2161612151784,31.6040521433497,18.9400347402159
"NM_080767",918.461617008701,833.254126424782,1447.2081386329,1687.24081501879,1112.94885163273,2157.98020821335
"NM_212528",25.3846175555169,25.9146020179956,18.1581949640264,24.2593934582141,31.117835956529,31.3694325384827
"NM_212549",733.846216604942,727.602287428339,831.645329352408,665.516027203674,708.416984197855,735.701974440263
"NM_206849",641.538516403062,741.556303899567,677.300672158183,633.170169259388,635.970772361561,743.396363553476
"NM_183051",11.5384625252349,7.97372369784481,10.8949169784158,14.959959299232,24.3108093410383,25.4506716821652
"NM_212529",692.307751514096,576.101537169287,546.561668417194,715.652107017316,699.665092835081,809.0946090586
"NM_212495",2538.46175555169,2832.66534365937,2763.67727352481,3286.3391671394,3470.1249253398,3365.40742290212
"NM_001008885",316.153873191437,354.830704554094,207.003422589901,111.593209907785,136.626748496635,113.640208441296
"NM_033097",1654.61552611869,1995.42435538566,1743.18671654653,1322.13694347267,1314.24235297653,1318.1080427019
"NM_001008830",574.6154337567,735.576011126184,933.331221150955,544.623383136907,290.271063531997,365.187544834789
"NM_212547",468.461578524538,460.482543550538,421.270123165412,399.067022387622,428.356460589094,474.09274459103
"NM_133553",193.846170423947,360.810997327478,226.97743705033,197.714056684445,257.694579015006,259.833601592337
"NM_001008829",1435.38473813923,2553.5850142348,3404.66155575494,1690.47540081322,1383.7712676919,1354.21248392544
"NM_212506",136.153857797772,37.8751875647628,25.4214729496369,7.6821412617678,13.1278370441607,14.7969021407937
"NM_212491",964.61546710964,1028.61035702198,1102.2024343164,696.648915475048,603.39428784457,596.611094316802
"NM_213557",212.307710464323,221.270832615193,219.714159064719,135.852603365999,148.295936980333,120.742721468877
"NM_001008827",1416.92319809885,1473.14545317683,1995.5856265465,1527.53314141888,899.986161805237,1041.11003462624
"NM_212538",673.84621147372,586.068691791593,624.641906762507,674.815461362656,686.537255790921,671.187481106402
"NM_080891",724.615446584754,596.035846413899,864.330080287655,571.713039165246,675.840499680864,685.392507161564
"NM_213564",196.153862928994,185.389075974892,192.47686661868,211.86536953507,185.248367178712,274.630503733131
"NR_002156",16.1538475353289,13.9540164712284,10.8949169784158,8.49078771037494,4.86216186820765,18.9400347402159
"NM_212494",30.0000025656108,25.9146020179956,12.7107364748185,17.3858986450534,22.3659445937552,17.1644064833207
"NM_001164707",115.384625252349,85.7175297518317,81.7118773381187,62.6700997670531,57.8597262316711,82.8626519884447
"NM_001009172",489.230811069961,384.732168421012,501.166181007128,414.431304911158,413.283758797651,418.456392541646
"NM_001005878",90.0000076968325,61.7963586582973,157.976296187029,301.625125330462,121.554046705191,197.094736515372
"NM_053812",182.307707898712,259.146020179956,288.715299928019,191.244885095588,168.717016826806,247.404203794071
"NM_001108528",244.615405534981,304.994931442564,386.769552733762,401.08863850914,344.727276455923,384.127579575005
"NM_013138",43.8461575958927,29.901463866918,39.948028920858,67.9263016829995,62.235671913058,46.1663346792764
"NM_001039032",643.846208908109,556.167227924675,633.72100424452,595.163786174853,646.181312284797,645.736809424237
"NM_001106377",62.3076976362686,73.7569442050645,78.0802383453134,46.9014940192139,62.235671913058,45.5744585936446
"NM_001024243",1082.30778486704,1198.05198560118,1024.12219597109,1256.63658113549,1366.75370115317,1160.66900392386
"NM_139327",66.9230826463626,71.7635132806033,103.50171129495,73.991150047553,106.481344913748,62.7388650769653
"NM_031109",473.076963534632,777.438060539869,586.509697338052,388.958941780033,375.358896225631,766.479530893114
"NM_001047939",152.307705333101,191.369368748275,179.766130143861,162.133612945731,170.175665387268,150.928401836096
"NM_001271040",228.461557999652,320.942378838253,364.97971877693,143.130421403463,152.67188266172,142.05026055162
"NM_001008350",251.538483050122,380.74530657209,305.057675395643,245.424197152266,270.336199872346,279.957388503817
"NM_001271362",16.1538475353289,9.96715462230601,14.5265559712211,34.7717972901069,48.6216186820765,14.7969021407937
"NM_001134755",505.38465860529,456.495681701615,412.191025683399,570.500069492335,585.890505119022,590.692333460485
"NM_001191717",6.92307751514096,7.97372369784481,25.4214729496369,24.6637166825177,11.6691884836984,13.0212738838985
"NM_013141",906.923154483466,273.100036651185,581.062238848844,1880.9116394602,3100.60062335602,2138.44829738751
"NM_001191718",371.538493312565,376.758444723167,341.374065323696,409.983749443818,427.384028215453,479.419629361716
"NM_031065",530.769276160807,1128.28190324504,1145.78210223006,664.707380755067,700.151309021902,796.073335174701
"NM_001098216",173.076937878524,167.448197654741,154.344657194224,243.402581030748,263.529173256855,330.266855782515
"NM_001025726",978.461622139922,901.030777856463,1223.86234057538,904.471052767083,760.442116187677,702.556913644885
"NM_019231",11.5384625252349,17.9408783201508,21.7898339568316,18.5988683179641,4.86216186820765,10.6537695413715
"NM_001107615",392.307725857988,532.246056831141,512.061097985544,630.744229913567,500.316456238568,437.988303367494
"NM_001015025",1098.46163240237,793.385507935558,936.962860143761,1132.10502804999,1114.89371638001,1065.96883022278
"NM_001047907",1463.07704819979,1961.53602966982,1855.76752532349,2002.61292997557,3218.26494056665,1900.51411096354
"NM_080782",812.307761776539,468.456267248382,1183.91431165452,738.69853080262,1427.53072450577,778.908928691381
"NM_001034188",313.84618068639,306.988362367025,403.111928201385,264.02306547023,240.190796289458,275.222379818763
"NM_001107617",103.846162727114,77.7438060539869,90.7909748201318,114.827795702213,115.233236276521,165.725303976889
"NM_001170481",18.4615400403759,3.9868618489224,7.26327798561055,4.85187869164282,2.91729712092459,11.837521712635
"NM_001100833",1795.38476892656,1558.86298292866,1781.31892597099,1588.58594828872,1638.54854958598,1761.42323084008
"NM_017034",87.6923151917855,79.7372369784481,118.028267266171,160.92064327282,68.0702661549071,158.030914863677
"NM_001025727",1080.00009236199,554.173797000214,648.247560215741,1313.24183253799,1728.49854414782,1454.83141848284
"NM_001025059",297.692333151061,275.093467575646,285.083660935214,374.807628929408,401.614570313952,354.533775293417
"NM_001109548",210.000017959276,324.929240687176,286.899480431617,150.812562665231,267.418902751421,151.520277921728
"NM_001135667",246.923098040028,277.086898500107,328.663328848877,153.238502011052,136.626748496635,127.845234496458
"NM_022607",786.923144221022,938.905965421226,660.95829669056,833.310165289655,656.391852208033,763.520150464955
"NM_012522",9955.3854667727,6261.36653373263,6293.63037453154,11230.8862014802,8648.32731498095,10693.4252391088
"NM_001013074",313.84618068639,245.192003708728,239.688173525148,239.763672012016,248.456471465411,240.893566852121
"NM_021693",399.230803373129,755.510320370796,581.062238848844,366.316841219033,1424.61342738484,414.313259942224
"NM_012838",867.692381897667,1210.01257114795,1094.93915633079,535.323948977925,618.953205822834,647.512437681132
"NM_001012073",856.153919372432,994.72203130614,1089.49169784158,569.287099819424,639.374285669306,519.075327099043
"NM_031769",549.230816201183,558.160658849137,455.770693597062,437.477728696461,355.9102487528,410.170127342801
"NM_001173528",1594.61552098747,1664.5148219251,1432.68158266168,1564.73087805481,1708.56368048817,1404.52195120414
"NM_001168653",588.461588786982,723.615425579416,808.039675899173,363.890901873212,491.078348688973,343.880005752046
"NM_001004225",2771.53869856143,2154.89882934256,1681.44885366884,2247.63280390354,2545.82795419353,2932.74600430531
"NM_145679",23.0769250504699,9.96715462230601,12.7107364748185,7.27781803746423,7.77945898913225,6.51063694194923
"NM_001008351",415.384650908458,370.778151949784,343.189884820098,277.770055096552,232.897553487147,301.26492758656
"NM_001011559",3454.61568005534,2489.79522465204,2789.09874647445,1871.61220530122,1869.01502213902,1883.34970448022
"NM_001106380",1100.76932490741,1411.34909451853,1399.99683172643,1166.06817889149,1578.74395860702,980.738673891807
"NM_001037780",413.076958403411,372.771582874245,575.614780359636,758.510368793494,592.697531734513,850.525935052822
"NM_001013238",7430.7698662513,7509.25429244535,7147.06553784078,10288.8130888529,10912.6360970053,9874.86061268009
"NM_001107621",563.076971231465,582.081829942671,700.906325611418,475.484111780996,478.922944018454,554.587892236948
"NM_017299",16.1538475353289,17.9408783201508,23.6056534532343,12.1296967291071,11.6691884836984,11.837521712635
"NM_001106382",1119.23086494779,1457.19800578114,1318.28495438831,1459.60683973588,1249.08938394255,1157.11774741007
"NM_001024296",16.1538475353289,11.9605855467672,12.7107364748185,6.46917158885709,10.6967561100568,6.51063694194923
"NM_053567",8912.30845449146,8545.83837316517,4221.78032913613,9421.53977272175,10642.7861133197,10973.3826276126
"NM_031049",5199.23121387086,1626.63963436034,2153.56192273353,4609.28475706068,3126.85629744434,2806.67639806575
"NM_001025144",117.692317757396,207.316816143965,257.846368489174,95.8246041599457,99.1881021114361,78.1276433033908
"NM_001106384",196.153862928994,370.778151949784,354.084801798514,250.680399068212,238.245931542175,210.707886484902
"NM_001025728",713.076984059519,928.93881079892,960.568513596995,666.728996876584,662.712662636703,786.011441718961
"NM_001108930",4.61538501009397,5.98029277338361,10.8949169784158,5.66052514024996,10.2105399232361,5.32688477068573
"NM_031051",2750.76946601601,3277.20043981422,2580.27950438815,2835.11444881662,3027.66819533291,3798.66071758456
"NM_001109577",198.461555434041,364.7978591764,250.583090503564,175.071956123445,65.6391852208033,89.9651650160257
"NM_012796",3210.00027452036,2577.50618532833,2122.69299129468,3721.39095649004,3042.74089712435,3234.01093189187
"NM_012980",13.8461550302819,13.9540164712284,10.8949169784158,8.08646448607137,2.91729712092459,4.73500868505398
"NM_001007008",8623.84689136059,6532.47313945936,5349.40423640217,6028.45927436621,8109.11356379672,6696.4860328376
"NM_001106381",78.4615451715975,81.7306679029093,87.1593358273266,87.7381396738744,95.7845888036908,102.394562814292
"NM_053293",1290.00011032127,715.641701881572,806.223856402771,1363.78223557594,1389.11964574693,2078.6688127387
"NM_001137643",12429.2318321831,4710.47727450182,1812.18785740983,3502.24776891751,3229.44791286352,6903.05078672308
"NM_024131",8596.15458130002,7477.35939765397,6575.08239647395,9128.40543510167,11401.7695809469,10786.349784553
"NM_053845",7050.00060291854,3827.38737496551,2556.67385093491,12526.3378121489,10162.4045207408,12583.8774566166
"NM_001108530",177.692322888618,149.50731933459,183.397769136666,148.790946543713,128.847289507503,152.112154007359
"NM_001106385",2596.15406817786,2224.6689116987,1812.18785740983,2309.08993399768,2770.45983250472,2374.01497946894
"NM_031326",1541.53859337139,1393.40821619838,1289.23184244587,1138.97852286315,1186.36749584267,1045.25316722567
"NM_019296",138.461550302819,77.7438060539869,317.768411870461,570.095746268031,238.245931542175,396.556977373271
"NM_001107622",1075.3847073519,1441.25055838545,1036.83293244591,1291.00405520129,1575.34044529928,1580.30914863677
"NM_001107623",66.9230826463626,91.6978225252153,50.8429458992738,89.7597557953922,85.0878326936339,105.353943242451
"NM_001107626",126.923087777584,165.45476673028,154.344657194224,185.584359955338,180.386205310504,150.928401836096
"NM_053633",4.61538501009397,9.96715462230601,32.6847509352475,9.70375738328564,31.117835956529,3.55125651379049
"NM_022186",348.461568262095,426.594217834697,328.663328848877,458.90685958455,948.121564300492,442.131435966916
"NM_001106386",2263.84634745109,2023.33238832812,1547.07821093505,3427.44797242135,3395.73384875623,3158.84266901664
"NM_001100860",1017.69239472572,1098.38043937812,869.777538776863,1800.45131782379,1571.45071580471,1659.62054411142
"NM_001168586",94.6153927069264,141.533595636745,132.554823237392,103.911068646017,96.7570211773323,94.108297615448
"NM_001108532",643.846208908109,500.351162039762,704.537964604223,714.439137344405,850.878326936339,781.276433033908
"NM_001012074",1830.00015650226,1881.79879269137,1656.0273807192,2201.53995633293,2304.17850934361,2124.24327133234
"NM_001034032",537.692353675948,406.659908590085,506.613639496336,990.591899543743,780.863196034149,688.943763675355
"NM_080906",953.077004584405,368.784721025322,760.828368992705,271.300883507694,292.21592827928,463.438975049659
"NM_001007632",618.461591352592,663.81249784558,621.010267769702,562.00928178196,497.885375304464,561.098529178897
"NM_001108533",34.6153875757048,41.8620494136852,23.6056534532343,30.3242418227676,15.5589179782645,11.837521712635
"NM_001044300",223.846172989558,159.474473956896,219.714159064719,261.597126124409,264.987821817317,324.348094926198
"NM_022207",438.461575958927,641.884757676507,909.725567697721,50.5404030379461,101.132966858719,86.4139085022352
"NM_173116",3136.15411435885,2123.00393455118,2048.24439194217,1974.31030427432,2161.2309504183,2543.88341604525
"NM_001007601",7500.00064140271,6367.01837272908,5278.58727604247,6748.55893685086,7420.63144325852,7801.51868471207
"NM_017330",57.6923126261747,37.8751875647628,47.2113069064686,65.0960391128745,87.5189136277378,89.373288930394
"NM_001109171",276.923100605638,251.172296482111,237.872354028745,266.853328040355,199.348636596514,272.262999390604
"NM_001108932",1885.38477662339,1796.08126293954,1238.3888965466,2191.43187572534,2556.03849411676,2072.15817579675
"NM_001100834",3957.69264615558,3532.35959814525,3691.56103618656,4212.23935079458,3986.97273193028,4154.37824504924
"NM_001007739",5764.61587760737,6474.66364264998,5080.66295093458,4202.13127018699,5482.08750640413,4350.88110547898
"NM_001135807",203.076940444135,189.375937823814,187.029408129472,89.7597557953922,88.9775621882001,98.8433063005019
"NM_001127452",876.923151917855,637.897895827585,630.089365251715,707.565642531245,649.098609405722,715.578187528783
"NM_001033069",2960.76948397528,3761.60415445829,2351.48624784141,2512.06019259807,2333.83769673967,2858.16961751571
"NM_001007740",1606.1539835127,1825.98272680646,1245.65217453221,1351.65253884683,1405.65099609883,1202.69220600371
"NM_001012462",1063.84624482666,1012.66290962629,998.70072302145,744.763379167173,748.772927703979,816.788998171812
"NM_001037201",1216.15395015976,1825.98272680646,2140.85118625871,885.063538000511,1016.67804664222,672.371233277666
"NM_001031627",249.230790545075,293.034345895797,239.688173525148,236.529086217588,218.797284069344,221.953532111906
"NM_001008308",311.538488181343,253.165727406573,268.74128546759,282.621933788194,274.225929366912,285.284273274503
"NM_001106388",20.7692325454229,47.8423421870688,56.2904043884817,34.7717972901069,43.2732406270481,132.580243181512
"NM_001164157",1973.07709181517,2286.465270357,2084.56078187023,1937.921214087,2116.01284504397,1974.49862166751
"NM_001106389",570.000048746606,627.930741205279,653.695018704949,465.780354397711,352.020519258234,360.452536149735
"NM_001014032",32.3076950706578,31.8948947913792,27.2372924460396,29.5155953741605,52.9975643634634,78.7195193890225
"NM_012567",408.461573393317,430.58107968362,437.612498633036,659.855502063424,815.870761485244,562.282281350161
"NM_182951",7234.6160033223,6971.02794284082,6230.07669215745,7287.92611807182,6647.5477062135,6906.01016715124
"NM_031694",784.615451715975,805.346093482326,739.038535035873,952.989839683511,897.555080871133,865.914713279248
"NM_030832",1486.15397325026,970.800860212605,330.47914834528,5633.83980744592,4982.25726635238,3656.61045703294
"NM_001191899",36.9230800807518,17.9408783201508,38.1322094244554,195.288117338624,158.99269309039,181.705958288947
"NM_001191604",5160.00044128506,6169.66871120742,4494.15325359653,4811.85069243677,4174.65218004309,4073.29122131769
"NM_001024976",6.92307751514096,5.98029277338361,18.1581949640264,7.6821412617678,11.6691884836984,17.7562825689524
"NM_147146",94.6153927069264,173.428490428125,130.73900374099,84.0992306551422,81.1981031990678,80.4951476459177
"NM_001012075",117.692317757396,123.592717316595,59.922043381287,300.816478881855,128.847289507503,234.382929910172
"NM_001013033",1647.69244860355,1584.77758494666,1427.23412417247,1964.60654689104,2154.91013998963,1848.42901542795
"NM_024368",519.230813635572,613.97672473405,539.298390431583,563.222251454871,816.843193858886,661.125587650663
"NM_053447",1024.61547224086,1062.49868273782,1042.28039093511,1835.2231151139,2054.74960550455,1680.92808319416
"NM_001271090",540.000046180995,398.68618489224,372.242996762541,720.099662484655,705.499687076931,829.810272055711
"NM_001108536",87.6923151917855,77.7438060539869,101.685891798548,116.445088599428,109.884858221493,116.007712783823
"NM_001134547",39.2307725857988,35.8817566403016,45.3954874100659,40.8366456546604,31.117835956529,32.5531847097461
"NM_001108537",433.846190948833,400.679615816702,414.006845179801,492.87001042605,484.757538260303,475.868372847926
"NM_001106391",334.615413231813,494.370869266378,466.665610575478,207.822137292034,287.839982597893,188.216595230896
"NM_031011",2402.30789775391,2593.45363272402,2534.88401697808,1868.78194273109,1668.20773698205,1187.89530386292
"NM_001109465",147.692320323007,193.362799672737,108.949169784158,99.8678364029814,125.443776199757,63.9226172482288
"NM_001106397",48.4615426059867,55.8160658849137,56.2904043884817,51.3490494865532,63.6943204735203,55.6363520493843
"NM_031360",413.076958403411,486.397145568533,401.296108704983,365.508194770426,390.431598017075,341.512501409519
"NM_001098667",207.692325454229,265.12631295334,205.187603093498,235.316116544677,244.566741970845,253.91484073602
"NM_031812",32483.0797010414,21255.9539475298,19914.0924170477,37684.9461212141,51209.7474445235,38966.1620975661
"NM_001106395",477.692348544726,398.68618489224,368.611357769735,481.54896014555,380.707274280659,437.988303367494
"NM_001037656",62.3076976362686,79.7372369784481,69.0011408633002,70.3522410288209,76.8221575176809,109.497075841873
"NM_001029925",226.153865494605,271.106605726723,230.609076043135,271.705206731998,251.859984773156,208.932258228007
"NM_001107637",5820.0004977285,5463.99416394815,4692.07757870441,7596.02041499114,7078.3352477367,6422.4474051901
"NM_012752",80.7692376766445,49.83577311153,69.0011408633002,82.481937757928,111.829722968776,69.8413781045463
"NM_001014034",246.923098040028,261.139451104417,248.767271007161,162.942259394338,171.148097760909,138.499004037829
"NM_001107639",32.3076950706578,35.8817566403016,58.1062238848844,40.4323224303568,37.9248625720197,42.6150781654859
"NM_031324",1693.84629870449,2071.17473051519,2062.7709479134,1692.90134015904,1332.2323518889,1314.55678618811
"NM_199412",323.076950706578,352.837273629633,415.822664676204,262.001449348712,273.25349699327,294.162414558979
"NM_001109011",1546.15397838148,773.451198690946,2244.35289755366,1985.63135455482,1172.26722642487,2631.48107671875
"NM_031086",9260.77002275356,6121.82636902035,4535.91710201379,9963.33289328853,10614.5855744841,9605.55699371764
"NM_001007558",85.3846226867385,79.7372369784481,50.8429458992738,124.127229861196,157.047828343107,154.479658349886
"NM_031572",21611.540309765,31908.8488078505,22924.7211420833,16451.1033504636,18016.7408026435,6108.75307980527
"NM_138514",22255.3865186731,4088.52682606992,3916.72265374049,51472.7723931901,63687.0272307179,50425.4749914824
"NM_001044236",600.000051312216,582.081829942671,570.167321870428,779.53517645728,818.301842419348,861.771580679825
"NM_012759",150.000012828054,135.553302863362,176.134491151056,189.627592198374,195.945123288768,236.158558167067
"NM_001007557",364.615415797424,245.192003708728,221.529978561122,627.509644119138,789.128871210102,1039.33440636935
"NR_046239",14875.3858875329,23821.4995473114,23861.6840022271,10896.5108949812,138674.691075524,20584.2665061009
"NM_001015035",122.30770276749,137.546733787823,237.872354028745,60.6484836455353,93.3535078695869,80.4951476459177
"NM_001014104",57.6923126261747,57.8094968093749,121.659906258977,86.1208467766601,80.2256708254263,89.9651650160257
"NM_001107101",145.38462781796,211.303677992887,174.318671654653,184.775713506731,182.331070057787,174.603445261366
"NM_001106398",500.769273595196,416.627063212391,470.297249568283,475.079788556693,420.090785413141,493.032779331246
"NM_001001507",1006.15393220049,901.030777856463,975.095069568216,806.624832485619,756.06617050629,970.676780436067
"NM_172062",641.538516403062,719.628563730494,670.037394172573,580.608150099924,614.091043954627,468.765859820345
"NM_001109364",332.307720726766,424.600786910236,573.798960863233,290.708398274266,323.81998042263,340.920625323887
"NM_001014033",417.692343413505,376.758444723167,497.534542014322,347.313649676765,274.225929366912,314.286201470458
"NM_001106873",3087.69257175287,1630.62649620926,1677.81721467604,5620.4971410439,6218.70502943759,5683.78605032168
"NM_133602",1112.30778743265,1447.23085115883,1396.36519273363,1236.01609669601,1151.35993039157,1150.01523438249
"NM_001126289",173.076937878524,139.540164712284,145.265559712211,120.488320842463,153.158098848541,170.460312661943
"NM_001025661",526.153891150713,510.318316662068,568.351502374025,427.369648088872,480.381592578916,431.477666425544
"NM_001109384",154.615397838148,213.297108917349,147.081379208614,123.722906636892,157.534044529928,151.520277921728
"NM_001007711",604.61543632231,897.043916007541,906.093928704916,529.259100613371,546.020777799719,491.849027159983
"NM_001106876",685.384673998955,592.048984564977,719.064520575444,612.549684819906,624.301583877863,661.125587650663
"NM_001034923",477.692348544726,496.364300190839,553.824946402804,461.332798930372,468.226187908397,426.150781654859
"NM_001126375",18.4615400403759,19.934309244612,14.5265559712211,25.8766863554284,11.6691884836984,26.0425477677969
"NM_001134984",20.7692325454229,33.8883257158404,14.5265559712211,16.1729289721427,16.0451341650853,33.1450607953779
"NM_022504",92.3077002018795,334.896395309482,383.137913740956,327.097488461587,304.85754913662,261.017353763601
"NM_212517",2070.00017702715,1859.8710525223,1904.79465172637,2132.80500820132,2408.22877332325,2445.63198583038
"NM_133404",6242.3082261521,9596.37647035623,11025.6559821568,4528.42011219997,4359.9005472218,5140.44380371173
"NM_001001720",117.692317757396,95.6846843741377,103.50171129495,102.293775748803,86.5464812540962,88.1895367591305
"NM_001303144",1373.07704050296,1499.06005519482,1394.54937323723,1476.99273838094,1504.83909821027,1560.18536172529
"NR_130129",46.1538501009397,77.7438060539869,49.0271264028712,60.6484836455353,88.9775621882001,83.4545280740765
"NM_001134533",2923.84640389453,2390.12367842898,2180.79921517957,2618.80152381421,2640.15389443676,2942.21602167542
"NM_022394",1479.23089573512,1588.76444679558,1434.49740215808,1827.94529707643,1825.25556532515,1860.26653714058
"NM_019140",4017.6926512868,3757.61729260937,3370.16098532329,4307.65963173022,3878.06030608242,3728.81933948001
"NM_001025706",960.000082099546,1202.0388474501,996.884903525048,851.504710383315,1124.61804011643,848.750306795927
"NM_001008882",64.6153901413156,49.83577311153,147.081379208614,168.602784534588,67.0978337812656,117.783341040718
"NM_001134637",136.153857797772,217.283970766271,114.396628273366,155.26011813257,141.488910364843,79.3113954746542
"NM_001305241",2760.0002360362,2479.82807002974,2760.04563453201,3323.53690377533,3133.66332405983,2900.7846956812
"NM_053471",180.000015393665,183.395645050431,185.213588633069,147.577976870802,186.707015739174,157.439038778045
"NM_001009717",353.076953272189,434.567941532542,346.821523812904,464.971707949104,405.990515995339,611.999872543228
"NM_001109673",394.615418363035,428.587648759158,394.032830719372,340.844478087908,354.451600192338,374.657562204897
"NM_001109421",16.1538475353289,11.9605855467672,14.5265559712211,7.6821412617678,5.83459424184918,12.4293977982667
"NM_001025026",2286.92327250156,1973.49661521659,1844.87260834508,1219.43884449956,1397.38532092288,1457.19892282536
"NM_001108812",1137.69240498816,1064.49211366228,1080.41260035957,805.007539588405,807.605086309291,868.874093707406
"NM_133548",895.384691958231,855.181866593856,996.884903525048,1008.3821214131,952.9837261687,890.773508875781
"NM_001108223",6.92307751514096,5.98029277338361,7.26327798561055,7.6821412617678,3.40351330774536,8.28626519884447
"NM_139336",731.538524099895,641.884757676507,800.776397913563,751.23255075603,721.058605055195,597.794846488066
"NM_012897",25.3846175555169,23.9211710935344,38.1322094244554,31.9415347199819,25.2832417146798,43.2069542511176
"NM_001034078",108.461547737208,121.599286392133,94.4226138129371,171.433047104713,211.990257453854,137.907127952197
"NM_001107071",131.538472787678,193.362799672737,196.108505611485,217.930217899623,150.727017914437,241.485442937753
"NM_199118",1338.46165292725,2015.35866463028,1734.10761906452,707.565642531245,711.33428131878,909.121667530365
"NM_133314",475.384656039679,508.324885737607,798.96057841716,1878.48570011438,1596.73395751939,2423.73257066201
"NM_031853",14914.6166601187,7206.25279192725,8176.63519230107,12206.922464949,14217.9337350128,14513.3934957761
"NM_001134500",41.5384650908458,29.901463866918,47.2113069064686,15.7686057478392,24.3108093410383,27.2262999390604
"NM_139095",1248.46164523042,759.497182219718,962.384333093397,2605.05453418789,2326.05823775054,1916.4947652756
"NM_031115",39.2307725857988,45.8489112626076,32.6847509352475,58.2225442997139,69.0426985285487,34.9206890522731
"NM_001127530",6.92307751514096,9.96715462230601,5.44745848920791,13.3426664020178,1.94486474728306,15.3887782264255
"NM_199399",1479.23089573512,1245.89432778825,1163.94029719409,1072.26519085306,1218.45776417284,1440.62639242768
"NM_016994",368160.031485176,276142.012241912,263005.111678454,636955.847608543,497705.961531527,530196.086871978
"NM_053920",410.769265898364,360.810997327478,455.770693597062,308.498620143623,370.010518170602,314.87807755609
